EpsF	Log[10,x]	n=1	n=2	n=3	n=4	n=5	n=6
0.5	-8.9	0.03793	0.07587	0.15173	0.30346	0.60688	1.21356
0.5	-8.85	0.03793	0.07587	0.15173	0.30346	0.60688	1.21353
0.5	-8.8	0.03793	0.07587	0.15173	0.30346	0.60687	1.21351
0.5	-8.75	0.03793	0.07587	0.15173	0.30345	0.60687	1.21348
0.5	-8.7	0.03793	0.07587	0.15173	0.30345	0.60687	1.21345
0.5	-8.65	0.03793	0.07587	0.15173	0.30345	0.60686	1.21341
0.5	-8.6	0.03793	0.07587	0.15173	0.30345	0.60685	1.21338
0.5	-8.55	0.03793	0.07587	0.15173	0.30345	0.60685	1.21334
0.5	-8.5	0.03793	0.07587	0.15173	0.30345	0.60684	1.2133
0.5	-8.45	0.03793	0.07587	0.15173	0.30345	0.60683	1.21325
0.5	-8.4	0.03793	0.07587	0.15173	0.30345	0.60683	1.2132
0.5	-8.35	0.03793	0.07587	0.15173	0.30345	0.60682	1.21314
0.5	-8.3	0.03793	0.07587	0.15173	0.30345	0.60681	1.21309
0.5	-8.25	0.03793	0.07587	0.15173	0.30345	0.6068	1.21302
0.5	-8.2	0.03793	0.07587	0.15173	0.30344	0.60679	1.21295
0.5	-8.15	0.03793	0.07587	0.15173	0.30344	0.60677	1.21288
0.5	-8.1	0.03793	0.07587	0.15173	0.30344	0.60676	1.2128
0.5	-8.05	0.03793	0.07587	0.15173	0.30344	0.60675	1.21271
0.5	-8.	0.03793	0.07587	0.15173	0.30344	0.60673	1.21262
0.5	-7.95	0.03793	0.07587	0.15173	0.30343	0.60671	1.21252
0.5	-7.9	0.03793	0.07587	0.15173	0.30343	0.6067	1.21241
0.5	-7.85	0.03793	0.07587	0.15173	0.30343	0.60668	1.21229
0.5	-7.8	0.03793	0.07586	0.15173	0.30343	0.60665	1.21216
0.5	-7.75	0.03793	0.07586	0.15173	0.30342	0.60663	1.21203
0.5	-7.7	0.03793	0.07586	0.15173	0.30342	0.6066	1.21188
0.5	-7.65	0.03793	0.07586	0.15173	0.30341	0.60658	1.21172
0.5	-7.6	0.03793	0.07586	0.15172	0.30341	0.60655	1.21155
0.5	-7.55	0.03793	0.07586	0.15172	0.3034	0.60651	1.21136
0.5	-7.5	0.03793	0.07586	0.15172	0.3034	0.60648	1.21117
0.5	-7.45	0.03793	0.07586	0.15172	0.30339	0.60644	1.21095
0.5	-7.4	0.03793	0.07586	0.15172	0.30339	0.6064	1.21072
0.5	-7.35	0.03793	0.07586	0.15172	0.30338	0.60635	1.21047
0.5	-7.3	0.03793	0.07586	0.15172	0.30337	0.6063	1.21021
0.5	-7.25	0.03793	0.07586	0.15172	0.30337	0.60625	1.20992
0.5	-7.2	0.03793	0.07586	0.15172	0.30336	0.60619	1.20961
0.5	-7.15	0.03793	0.07586	0.15172	0.30335	0.60613	1.20928
0.5	-7.1	0.03793	0.07586	0.15172	0.30334	0.60607	1.20892
0.5	-7.05	0.03793	0.07586	0.15171	0.30332	0.60599	1.20854
0.5	-7.	0.03793	0.07586	0.15171	0.30331	0.60591	1.20813
0.5	-6.95	0.03793	0.07586	0.15171	0.3033	0.60583	1.20768
0.5	-6.9	0.03793	0.07586	0.15171	0.30328	0.60574	1.20721
0.5	-6.85	0.03793	0.07586	0.15171	0.30327	0.60564	1.2067
0.5	-6.8	0.03793	0.07586	0.1517	0.30325	0.60553	1.20616
0.5	-6.75	0.03793	0.07586	0.1517	0.30323	0.60541	1.20557
0.5	-6.7	0.03793	0.07586	0.1517	0.30321	0.60529	1.20495
0.5	-6.65	0.03793	0.07586	0.1517	0.30319	0.60515	1.20427
0.5	-6.6	0.03793	0.07586	0.15169	0.30316	0.60501	1.20355
0.5	-6.55	0.03793	0.07586	0.15169	0.30314	0.60485	1.20278
0.5	-6.5	0.03793	0.07586	0.15169	0.30311	0.60468	1.20196
0.5	-6.45	0.03793	0.07586	0.15168	0.30307	0.6045	1.20108
0.5	-6.4	0.03793	0.07586	0.15168	0.30304	0.6043	1.20014
0.5	-6.35	0.03793	0.07586	0.15167	0.303	0.60409	1.19913
0.5	-6.3	0.03793	0.07586	0.15166	0.30296	0.60386	1.19805
0.5	-6.25	0.03793	0.07586	0.15166	0.30292	0.60361	1.1969
0.5	-6.2	0.03793	0.07586	0.15165	0.30287	0.60335	1.19567
0.5	-6.15	0.03793	0.07586	0.15164	0.30282	0.60306	1.19436
0.5	-6.1	0.03793	0.07586	0.15164	0.30276	0.60275	1.19296
0.5	-6.05	0.03793	0.07585	0.15163	0.3027	0.60242	1.19147
0.5	-6.	0.03793	0.07585	0.15162	0.30263	0.60207	1.18988
0.5	-5.95	0.03793	0.07585	0.15161	0.30256	0.60169	1.18818
0.5	-5.9	0.03793	0.07585	0.15159	0.30248	0.60128	1.18638
0.5	-5.85	0.03793	0.07585	0.15158	0.3024	0.60084	1.18446
0.5	-5.8	0.03793	0.07585	0.15157	0.30231	0.60036	1.18241
0.5	-5.75	0.03793	0.07585	0.15155	0.30221	0.59986	1.18024
0.5	-5.7	0.03793	0.07584	0.15153	0.3021	0.59931	1.17793
0.5	-5.65	0.03793	0.07584	0.15152	0.30199	0.59873	1.17547
0.5	-5.6	0.03793	0.07584	0.1515	0.30186	0.5981	1.17286
0.5	-5.55	0.03793	0.07584	0.15147	0.30173	0.59743	1.17009
0.5	-5.5	0.03793	0.07583	0.15145	0.30158	0.59672	1.16715
0.5	-5.45	0.03793	0.07583	0.15142	0.30142	0.59595	1.16403
0.5	-5.4	0.03793	0.07583	0.1514	0.30125	0.59513	1.16073
0.5	-5.35	0.03793	0.07582	0.15136	0.30107	0.59425	1.15723
0.5	-5.3	0.03793	0.07582	0.15133	0.30087	0.59331	1.15353
0.5	-5.25	0.03793	0.07581	0.15129	0.30065	0.59231	1.14961
0.5	-5.2	0.03793	0.07581	0.15125	0.30042	0.59124	1.14546
0.5	-5.15	0.03793	0.0758	0.15121	0.30017	0.5901	1.14108
0.5	-5.1	0.03793	0.0758	0.15116	0.29991	0.58888	1.13645
0.5	-5.05	0.03793	0.07579	0.15111	0.29962	0.58758	1.13157
0.5	-5.	0.03793	0.07578	0.15105	0.29931	0.58619	1.12641
0.5	-4.95	0.03792	0.07577	0.15099	0.29897	0.58472	1.12098
0.5	-4.9	0.03792	0.07576	0.15093	0.29861	0.58315	1.11525
0.5	-4.85	0.03792	0.07575	0.15085	0.29822	0.58147	1.10922
0.5	-4.8	0.03792	0.07574	0.15078	0.29781	0.5797	1.10287
0.5	-4.75	0.03792	0.07573	0.15069	0.29736	0.57781	1.0962
0.5	-4.7	0.03792	0.07572	0.1506	0.29688	0.5758	1.08919
0.5	-4.65	0.03792	0.0757	0.1505	0.29636	0.57367	1.08182
0.5	-4.6	0.03792	0.07569	0.15039	0.29581	0.57141	1.0741
0.5	-4.55	0.03791	0.07567	0.15027	0.29522	0.56902	1.06599
0.5	-4.5	0.03791	0.07565	0.15014	0.29458	0.56648	1.05751
0.5	-4.45	0.03791	0.07563	0.15001	0.2939	0.56379	1.04862
0.5	-4.4	0.03791	0.0756	0.14986	0.29318	0.56095	1.03932
0.5	-4.35	0.03791	0.07558	0.14969	0.2924	0.55794	1.0296
0.5	-4.3	0.0379	0.07555	0.14952	0.29156	0.55476	1.01945
0.5	-4.25	0.0379	0.07552	0.14933	0.29067	0.5514	1.00886
0.5	-4.2	0.0379	0.07549	0.14912	0.28972	0.54786	0.99782
0.5	-4.15	0.03789	0.07545	0.1489	0.28871	0.54413	0.98631
0.5	-4.1	0.03789	0.07541	0.14866	0.28763	0.54019	0.97434
0.5	-4.05	0.03788	0.07537	0.14841	0.28648	0.53605	0.96189
0.5	-4.	0.03788	0.07532	0.14813	0.28525	0.53169	0.94896
0.5	-3.95	0.03787	0.07527	0.14783	0.28394	0.52711	0.93555
0.5	-3.9	0.03786	0.07521	0.1475	0.28255	0.5223	0.92164
0.5	-3.85	0.03786	0.07515	0.14715	0.28107	0.51726	0.90723
0.5	-3.8	0.03785	0.07508	0.14678	0.2795	0.51197	0.89233
0.5	-3.75	0.03784	0.07501	0.14638	0.27783	0.50643	0.87693
0.5	-3.7	0.03783	0.07493	0.14594	0.27606	0.50063	0.86103
0.5	-3.65	0.03782	0.07484	0.14547	0.27419	0.49457	0.84464
0.5	-3.6	0.03781	0.07474	0.14497	0.2722	0.48824	0.82776
0.5	-3.55	0.03779	0.07464	0.14443	0.2701	0.48163	0.8104
0.5	-3.5	0.03778	0.07452	0.14386	0.26788	0.47475	0.79257
0.5	-3.45	0.03776	0.0744	0.14324	0.26553	0.46759	0.77427
0.5	-3.4	0.03774	0.07427	0.14258	0.26305	0.46014	0.75552
0.5	-3.35	0.03772	0.07412	0.14187	0.26044	0.4524	0.73634
0.5	-3.3	0.0377	0.07396	0.14111	0.25769	0.44437	0.71674
0.5	-3.25	0.03767	0.07379	0.14029	0.25479	0.43605	0.69674
0.5	-3.2	0.03765	0.0736	0.13943	0.25174	0.42744	0.67637
0.5	-3.15	0.03762	0.0734	0.1385	0.24855	0.41854	0.65565
0.5	-3.1	0.03758	0.07318	0.13751	0.24519	0.40935	0.63461
0.5	-3.05	0.03755	0.07294	0.13646	0.24167	0.39988	0.61327
0.5	-3.	0.03751	0.07268	0.13534	0.23799	0.39013	0.59168
0.5	-2.95	0.03746	0.07241	0.13415	0.23414	0.38012	0.56986
0.5	-2.9	0.03741	0.0721	0.13289	0.23013	0.36983	0.54785
0.5	-2.85	0.03736	0.07178	0.13155	0.22593	0.3593	0.5257
0.5	-2.8	0.0373	0.07143	0.13012	0.22157	0.34852	0.50345
0.5	-2.75	0.03724	0.07105	0.12861	0.21703	0.33752	0.48114
0.5	-2.7	0.03716	0.07064	0.12702	0.21231	0.3263	0.45882
0.5	-2.65	0.03709	0.0702	0.12533	0.20742	0.31489	0.43654
0.5	-2.6	0.037	0.06972	0.12355	0.20236	0.30329	0.41435
0.5	-2.55	0.03691	0.06921	0.12167	0.19712	0.29154	0.39229
0.5	-2.5	0.0368	0.06866	0.11969	0.19171	0.27965	0.37043
0.5	-2.45	0.03669	0.06807	0.11761	0.18615	0.26765	0.34882
0.5	-2.4	0.03656	0.06744	0.11542	0.18042	0.25557	0.32751
0.5	-2.35	0.03643	0.06676	0.11313	0.17454	0.24342	0.30656
0.5	-2.3	0.03628	0.06603	0.11073	0.16851	0.23125	0.28602
0.5	-2.25	0.03611	0.06526	0.10822	0.16235	0.21908	0.26594
0.5	-2.2	0.03593	0.06443	0.1056	0.15606	0.20694	0.24638
0.5	-2.15	0.03574	0.06354	0.10286	0.14965	0.19487	0.22739
0.5	-2.1	0.03553	0.0626	0.10002	0.14315	0.18291	0.20901
0.5	-2.05	0.03529	0.06159	0.09707	0.13656	0.17108	0.1913
0.5	-2.	0.03504	0.06053	0.09401	0.1299	0.15942	0.17429
0.5	-1.95	0.03476	0.05939	0.09084	0.12318	0.14798	0.15803
0.5	-1.9	0.03446	0.05819	0.08757	0.11644	0.13678	0.14254
0.5	-1.85	0.03413	0.05692	0.08421	0.10967	0.12586	0.12787
0.5	-1.8	0.03378	0.05558	0.08075	0.10292	0.11527	0.11403
0.5	-1.75	0.03339	0.05417	0.07721	0.09619	0.10502	0.10105
0.5	-1.7	0.03297	0.05268	0.07359	0.08952	0.09516	0.08894
0.5	-1.65	0.03252	0.05111	0.0699	0.08293	0.08572	0.07771
0.5	-1.6	0.03202	0.04947	0.06615	0.07643	0.07672	0.06735
0.5	-1.55	0.03149	0.04776	0.06235	0.07007	0.06819	0.05788
0.5	-1.5	0.03092	0.04596	0.05851	0.06387	0.06016	0.04927
0.5	-1.45	0.0303	0.0441	0.05466	0.05784	0.05264	0.04151
0.5	-1.4	0.02964	0.04216	0.0508	0.05202	0.04565	0.03458
0.5	-1.35	0.02893	0.04016	0.04694	0.04643	0.0392	0.02844
0.5	-1.3	0.02816	0.03809	0.04312	0.0411	0.03329	0.02307
0.5	-1.25	0.02734	0.03596	0.03933	0.03605	0.02794	0.01841
0.5	-1.2	0.02647	0.03378	0.03562	0.0313	0.02312	0.01442
0.5	-1.15	0.02554	0.03155	0.03199	0.02686	0.01884	0.01107
0.5	-1.1	0.02455	0.02929	0.02846	0.02275	0.01509	0.00828
0.5	-1.05	0.0235	0.027	0.02506	0.019	0.01183	0.006
0.5	-1.	0.02239	0.02469	0.0218	0.01559	0.00905	0.00419
0.5	-0.95	0.02122	0.02237	0.01872	0.01255	0.00672	0.00278
0.5	-0.9	0.01999	0.02007	0.01582	0.00986	0.00481	0.00172
0.5	-0.85	0.01871	0.01779	0.01312	0.00753	0.00328	0.00094
0.5	-0.8	0.01737	0.01556	0.01065	0.00555	0.00208	0.00041
0.5	-0.75	0.01597	0.01338	0.00841	0.0039	0.00119	0.00006
0.5	-0.7	0.01454	0.01129	0.00642	0.00257	0.00055	-0.00014
0.5	-0.65	0.01306	0.0093	0.00469	0.00153	0.00012	-0.00023
0.5	-0.6	0.01155	0.00743	0.00322	0.00075	-0.00014	-0.00026
0.5	-0.55	0.01002	0.0057	0.00201	0.0002	-0.00027	-0.00024
0.5	-0.5	0.00848	0.00413	0.00106	-0.00014	-0.00031	-0.00019
0.5	-0.45	0.00694	0.00275	0.00035	-0.00033	-0.00029	-0.00014
0.5	-0.4	0.00542	0.00158	-0.00013	-0.00039	-0.00023	-0.00009
0.5	-0.35	0.00395	0.00062	-0.00042	-0.00037	-0.00017	-0.00006
0.5	-0.3	0.00254	-0.00009	-0.00053	-0.0003	-0.00011	-0.00003
0.5	-0.25	0.00123	-0.00057	-0.00051	-0.00021	-0.00006	-0.00001
0.5	-0.2	0.00006	-0.00079	-0.0004	-0.00012	-0.00003	-0.00000
0.5	-0.15	-0.0009	-0.00079	-0.00025	-0.00005	-0.00000	-0.00000
0.5	-0.1	-0.00154	-0.00058	-0.00011	-0.00001	-0.00000	0.00000
0.5	-0.05	-0.00162	-0.00025	-0.00002	-0.00000	0.00000	0.00000
0.5	0.00	0.	0.	0.	0.	0.	0.
0.4	-8.9	0.04748	0.09497	0.18993	0.37986	0.75968	1.51912
0.4	-8.85	0.04748	0.09497	0.18993	0.37986	0.75968	1.51909
0.4	-8.8	0.04748	0.09497	0.18993	0.37986	0.75967	1.51906
0.4	-8.75	0.04748	0.09497	0.18993	0.37986	0.75967	1.51903
0.4	-8.7	0.04748	0.09497	0.18993	0.37986	0.75966	1.51899
0.4	-8.65	0.04748	0.09497	0.18993	0.37986	0.75965	1.51895
0.4	-8.6	0.04748	0.09497	0.18993	0.37985	0.75965	1.51891
0.4	-8.55	0.04748	0.09497	0.18993	0.37985	0.75964	1.51886
0.4	-8.5	0.04748	0.09497	0.18993	0.37985	0.75963	1.51881
0.4	-8.45	0.04748	0.09497	0.18993	0.37985	0.75962	1.51875
0.4	-8.4	0.04748	0.09497	0.18993	0.37985	0.75962	1.5187
0.4	-8.35	0.04748	0.09497	0.18993	0.37985	0.7596	1.51863
0.4	-8.3	0.04748	0.09497	0.18993	0.37985	0.75959	1.51856
0.4	-8.25	0.04748	0.09497	0.18993	0.37985	0.75958	1.51849
0.4	-8.2	0.04748	0.09497	0.18993	0.37984	0.75957	1.51841
0.4	-8.15	0.04748	0.09497	0.18993	0.37984	0.75955	1.51832
0.4	-8.1	0.04748	0.09497	0.18993	0.37984	0.75954	1.51822
0.4	-8.05	0.04748	0.09497	0.18993	0.37984	0.75952	1.51812
0.4	-8.	0.04748	0.09497	0.18993	0.37983	0.7595	1.51801
0.4	-7.95	0.04748	0.09497	0.18993	0.37983	0.75948	1.51789
0.4	-7.9	0.04748	0.09497	0.18993	0.37983	0.75946	1.51776
0.4	-7.85	0.04748	0.09497	0.18993	0.37983	0.75944	1.51763
0.4	-7.8	0.04748	0.09497	0.18993	0.37982	0.75941	1.51748
0.4	-7.75	0.04748	0.09497	0.18993	0.37982	0.75939	1.51732
0.4	-7.7	0.04748	0.09497	0.18993	0.37981	0.75936	1.51714
0.4	-7.65	0.04748	0.09497	0.18993	0.37981	0.75932	1.51695
0.4	-7.6	0.04748	0.09497	0.18993	0.3798	0.75929	1.51675
0.4	-7.55	0.04748	0.09497	0.18992	0.3798	0.75925	1.51653
0.4	-7.5	0.04748	0.09497	0.18992	0.37979	0.75921	1.5163
0.4	-7.45	0.04748	0.09497	0.18992	0.37979	0.75916	1.51605
0.4	-7.4	0.04748	0.09497	0.18992	0.37978	0.75911	1.51577
0.4	-7.35	0.04748	0.09497	0.18992	0.37977	0.75906	1.51548
0.4	-7.3	0.04748	0.09497	0.18992	0.37976	0.759	1.51517
0.4	-7.25	0.04748	0.09496	0.18992	0.37975	0.75894	1.51483
0.4	-7.2	0.04748	0.09496	0.18992	0.37974	0.75887	1.51446
0.4	-7.15	0.04748	0.09496	0.18992	0.37973	0.7588	1.51407
0.4	-7.1	0.04748	0.09496	0.18991	0.37972	0.75872	1.51365
0.4	-7.05	0.04748	0.09496	0.18991	0.3797	0.75864	1.5132
0.4	-7.	0.04748	0.09496	0.18991	0.37969	0.75854	1.51271
0.4	-6.95	0.04748	0.09496	0.18991	0.37967	0.75844	1.51219
0.4	-6.9	0.04748	0.09496	0.18991	0.37966	0.75833	1.51163
0.4	-6.85	0.04748	0.09496	0.1899	0.37964	0.75822	1.51103
0.4	-6.8	0.04748	0.09496	0.1899	0.37962	0.75809	1.51038
0.4	-6.75	0.04748	0.09496	0.1899	0.37959	0.75795	1.50969
0.4	-6.7	0.04748	0.09496	0.1899	0.37957	0.75781	1.50895
0.4	-6.65	0.04748	0.09496	0.18989	0.37954	0.75765	1.50815
0.4	-6.6	0.04748	0.09496	0.18989	0.37951	0.75748	1.5073
0.4	-6.55	0.04748	0.09496	0.18988	0.37948	0.75729	1.50639
0.4	-6.5	0.04748	0.09496	0.18988	0.37945	0.75709	1.50541
0.4	-6.45	0.04748	0.09496	0.18987	0.37941	0.75687	1.50437
0.4	-6.4	0.04748	0.09496	0.18987	0.37937	0.75664	1.50325
0.4	-6.35	0.04748	0.09496	0.18986	0.37933	0.75639	1.50206
0.4	-6.3	0.04748	0.09496	0.18986	0.37928	0.75612	1.50078
0.4	-6.25	0.04748	0.09496	0.18985	0.37923	0.75583	1.49942
0.4	-6.2	0.04748	0.09496	0.18984	0.37917	0.75552	1.49796
0.4	-6.15	0.04748	0.09496	0.18983	0.37911	0.75518	1.49641
0.4	-6.1	0.04748	0.09495	0.18982	0.37904	0.75482	1.49475
0.4	-6.05	0.04748	0.09495	0.18981	0.37897	0.75443	1.49298
0.4	-6.	0.04748	0.09495	0.1898	0.37889	0.75401	1.49109
0.4	-5.95	0.04748	0.09495	0.18979	0.37881	0.75356	1.48908
0.4	-5.9	0.04748	0.09495	0.18977	0.37872	0.75307	1.48693
0.4	-5.85	0.04748	0.09495	0.18976	0.37862	0.75255	1.48465
0.4	-5.8	0.04748	0.09495	0.18974	0.37851	0.75199	1.48222
0.4	-5.75	0.04748	0.09494	0.18972	0.37839	0.75139	1.47964
0.4	-5.7	0.04748	0.09494	0.1897	0.37827	0.75075	1.47689
0.4	-5.65	0.04748	0.09494	0.18968	0.37813	0.75006	1.47397
0.4	-5.6	0.04748	0.09494	0.18966	0.37798	0.74932	1.47086
0.4	-5.55	0.04748	0.09493	0.18963	0.37782	0.74853	1.46757
0.4	-5.5	0.04748	0.09493	0.1896	0.37765	0.74768	1.46407
0.4	-5.45	0.04748	0.09493	0.18957	0.37747	0.74677	1.46036
0.4	-5.4	0.04748	0.09492	0.18954	0.37727	0.7458	1.45643
0.4	-5.35	0.04748	0.09492	0.1895	0.37705	0.74476	1.45226
0.4	-5.3	0.04748	0.09491	0.18946	0.37681	0.74365	1.44785
0.4	-5.25	0.04748	0.09491	0.18942	0.37656	0.74246	1.44317
0.4	-5.2	0.04748	0.0949	0.18937	0.37629	0.74119	1.43823
0.4	-5.15	0.04748	0.09489	0.18932	0.37599	0.73983	1.433
0.4	-5.1	0.04748	0.09489	0.18927	0.37568	0.73839	1.42748
0.4	-5.05	0.04748	0.09488	0.18921	0.37534	0.73685	1.42165
0.4	-5.	0.04747	0.09487	0.18914	0.37497	0.7352	1.41549
0.4	-4.95	0.04747	0.09486	0.18907	0.37457	0.73345	1.409
0.4	-4.9	0.04747	0.09485	0.18899	0.37415	0.73159	1.40215
0.4	-4.85	0.04747	0.09484	0.18891	0.37369	0.7296	1.39494
0.4	-4.8	0.04747	0.09482	0.18881	0.3732	0.72749	1.38735
0.4	-4.75	0.04747	0.09481	0.18871	0.37267	0.72524	1.37937
0.4	-4.7	0.04747	0.09479	0.1886	0.3721	0.72286	1.37097
0.4	-4.65	0.04747	0.09478	0.18849	0.3715	0.72033	1.36215
0.4	-4.6	0.04746	0.09476	0.18836	0.37084	0.71764	1.35289
0.4	-4.55	0.04746	0.09474	0.18822	0.37014	0.71478	1.34318
0.4	-4.5	0.04746	0.09471	0.18807	0.36939	0.71176	1.333
0.4	-4.45	0.04746	0.09469	0.18791	0.36859	0.70856	1.32233
0.4	-4.4	0.04745	0.09466	0.18773	0.36773	0.70517	1.31116
0.4	-4.35	0.04745	0.09463	0.18754	0.3668	0.70159	1.29949
0.4	-4.3	0.04745	0.0946	0.18733	0.36582	0.69779	1.28728
0.4	-4.25	0.04744	0.09456	0.18711	0.36476	0.69379	1.27454
0.4	-4.2	0.04744	0.09452	0.18687	0.36364	0.68956	1.26125
0.4	-4.15	0.04743	0.09448	0.18661	0.36244	0.6851	1.2474
0.4	-4.1	0.04743	0.09443	0.18633	0.36115	0.6804	1.23297
0.4	-4.05	0.04742	0.09438	0.18602	0.35979	0.67545	1.21796
0.4	-4.	0.04742	0.09433	0.1857	0.35833	0.67024	1.20236
0.4	-3.95	0.04741	0.09427	0.18534	0.35678	0.66476	1.18616
0.4	-3.9	0.0474	0.0942	0.18496	0.35513	0.659	1.16935
0.4	-3.85	0.04739	0.09413	0.18455	0.35337	0.65296	1.15192
0.4	-3.8	0.04738	0.09405	0.18411	0.3515	0.64662	1.13389
0.4	-3.75	0.04737	0.09396	0.18363	0.34952	0.63997	1.11523
0.4	-3.7	0.04736	0.09387	0.18312	0.34741	0.63301	1.09596
0.4	-3.65	0.04735	0.09376	0.18257	0.34518	0.62573	1.07608
0.4	-3.6	0.04733	0.09365	0.18197	0.34282	0.61813	1.05558
0.4	-3.55	0.04732	0.09353	0.18134	0.34032	0.61019	1.03448
0.4	-3.5	0.0473	0.0934	0.18066	0.33767	0.60191	1.01278
0.4	-3.45	0.04728	0.09325	0.17992	0.33487	0.59328	0.99049
0.4	-3.4	0.04726	0.09309	0.17914	0.33191	0.5843	0.96764
0.4	-3.35	0.04724	0.09292	0.1783	0.3288	0.57496	0.94423
0.4	-3.3	0.04721	0.09274	0.1774	0.32551	0.56527	0.92028
0.4	-3.25	0.04718	0.09253	0.17644	0.32205	0.55522	0.89582
0.4	-3.2	0.04715	0.09231	0.17542	0.31841	0.54481	0.87087
0.4	-3.15	0.04711	0.09208	0.17432	0.31458	0.53404	0.84546
0.4	-3.1	0.04708	0.09182	0.17315	0.31056	0.52291	0.81963
0.4	-3.05	0.04703	0.09154	0.1719	0.30635	0.51142	0.79339
0.4	-3.	0.04699	0.09124	0.17058	0.30194	0.49959	0.76681
0.4	-2.95	0.04693	0.09091	0.16916	0.29732	0.48741	0.7399
0.4	-2.9	0.04688	0.09055	0.16766	0.29249	0.4749	0.71273
0.4	-2.85	0.04682	0.09017	0.16607	0.28745	0.46207	0.68533
0.4	-2.8	0.04675	0.08975	0.16437	0.2822	0.44892	0.65776
0.4	-2.75	0.04667	0.08931	0.16258	0.27674	0.43548	0.63006
0.4	-2.7	0.04659	0.08883	0.16068	0.27105	0.42176	0.60231
0.4	-2.65	0.0465	0.08831	0.15867	0.26515	0.40778	0.57454
0.4	-2.6	0.0464	0.08775	0.15655	0.25903	0.39356	0.54683
0.4	-2.55	0.04628	0.08714	0.15431	0.2527	0.37912	0.51923
0.4	-2.5	0.04616	0.0865	0.15195	0.24616	0.36449	0.49182
0.4	-2.45	0.04603	0.0858	0.14946	0.23941	0.34969	0.46465
0.4	-2.4	0.04588	0.08505	0.14685	0.23246	0.33477	0.43779
0.4	-2.35	0.04573	0.08425	0.14411	0.22531	0.31974	0.41131
0.4	-2.3	0.04555	0.08339	0.14123	0.21798	0.30464	0.38528
0.4	-2.25	0.04536	0.08248	0.13822	0.21047	0.28951	0.35975
0.4	-2.2	0.04515	0.0815	0.13508	0.20279	0.27439	0.33481
0.4	-2.15	0.04492	0.08045	0.13179	0.19496	0.25932	0.3105
0.4	-2.1	0.04467	0.07933	0.12838	0.18699	0.24433	0.2869
0.4	-2.05	0.0444	0.07814	0.12482	0.1789	0.22948	0.26407
0.4	-2.	0.0441	0.07688	0.12113	0.17071	0.2148	0.24205
0.4	-1.95	0.04378	0.07553	0.11731	0.16244	0.20034	0.2209
0.4	-1.9	0.04342	0.07411	0.11336	0.1541	0.18614	0.20067
0.4	-1.85	0.04304	0.0726	0.10929	0.14572	0.17225	0.18139
0.4	-1.8	0.04262	0.071	0.1051	0.13733	0.15871	0.16312
0.4	-1.75	0.04217	0.06932	0.10079	0.12895	0.14556	0.14588
0.4	-1.7	0.04168	0.06754	0.09638	0.12062	0.13285	0.12968
0.4	-1.65	0.04114	0.06568	0.09188	0.11235	0.12062	0.11456
0.4	-1.6	0.04057	0.06372	0.0873	0.10418	0.1089	0.10052
0.4	-1.55	0.03995	0.06167	0.08265	0.09615	0.09773	0.08755
0.4	-1.5	0.03927	0.05952	0.07794	0.08827	0.08714	0.07567
0.4	-1.45	0.03855	0.05729	0.07318	0.08059	0.07715	0.06484
0.4	-1.4	0.03777	0.05496	0.06841	0.07314	0.06779	0.05506
0.4	-1.35	0.03693	0.05255	0.06363	0.06594	0.05909	0.04629
0.4	-1.3	0.03603	0.05006	0.05887	0.05903	0.05104	0.0385
0.4	-1.25	0.03507	0.04749	0.05414	0.05243	0.04366	0.03164
0.4	-1.2	0.03404	0.04485	0.04947	0.04617	0.03694	0.02566
0.4	-1.15	0.03294	0.04214	0.04489	0.04028	0.0309	0.02051
0.4	-1.1	0.03177	0.03939	0.04041	0.03478	0.0255	0.01613
0.4	-1.05	0.03053	0.03659	0.03606	0.02969	0.02074	0.01246
0.4	-1.	0.02922	0.03376	0.03187	0.02502	0.0166	0.00943
0.4	-0.95	0.02783	0.03091	0.02786	0.02078	0.01303	0.00697
0.4	-0.9	0.02638	0.02806	0.02406	0.01697	0.01002	0.00501
0.4	-0.85	0.02485	0.02523	0.02049	0.0136	0.00751	0.00349
0.4	-0.8	0.02325	0.02243	0.01717	0.01066	0.00547	0.00233
0.4	-0.75	0.02159	0.01969	0.01412	0.00815	0.00384	0.00149
0.4	-0.7	0.01987	0.01703	0.01135	0.00603	0.00258	0.00089
0.4	-0.65	0.0181	0.01447	0.00889	0.0043	0.00164	0.00048
0.4	-0.6	0.01628	0.01204	0.00674	0.00291	0.00097	0.00023
0.4	-0.55	0.01443	0.00976	0.0049	0.00185	0.00051	0.00008
0.4	-0.5	0.01256	0.00765	0.00337	0.00107	0.00022	0.00000
0.4	-0.45	0.01068	0.00574	0.00215	0.00053	0.00005	-0.00003
0.4	-0.4	0.00881	0.00406	0.00122	0.00019	-0.00003	-0.00003
0.4	-0.35	0.00698	0.00262	0.00055	-0.00000	-0.00005	-0.00003
0.4	-0.3	0.00519	0.00146	0.00013	-0.00008	-0.00005	-0.00002
0.4	-0.25	0.0035	0.00057	-0.0001	-0.00009	-0.00003	-0.00000
0.4	-0.2	0.00193	-0.00002	-0.00017	-0.00007	-0.00002	-0.00000
0.4	-0.15	0.00054	-0.00032	-0.00015	-0.00003	-0.00000	0.00000
0.4	-0.1	-0.00054	-0.00036	-0.00008	-0.00001	-0.00000	0.00000
0.4	-0.05	-0.0011	-0.00019	-0.00002	-0.00000	0.00000	0.00000
0.4	0.00	0.	0.	0.	0.	0.	0.
0.3	-8.9	0.0598	0.11959	0.23918	0.47836	0.95667	1.91306
0.3	-8.85	0.0598	0.11959	0.23918	0.47836	0.95667	1.91302
0.3	-8.8	0.0598	0.11959	0.23918	0.47836	0.95666	1.91299
0.3	-8.75	0.0598	0.11959	0.23918	0.47836	0.95666	1.91295
0.3	-8.7	0.0598	0.11959	0.23918	0.47835	0.95665	1.9129
0.3	-8.65	0.0598	0.11959	0.23918	0.47835	0.95664	1.91285
0.3	-8.6	0.0598	0.11959	0.23918	0.47835	0.95663	1.9128
0.3	-8.55	0.0598	0.11959	0.23918	0.47835	0.95663	1.91275
0.3	-8.5	0.0598	0.11959	0.23918	0.47835	0.95662	1.91269
0.3	-8.45	0.0598	0.11959	0.23918	0.47835	0.95661	1.91262
0.3	-8.4	0.0598	0.11959	0.23918	0.47835	0.95659	1.91255
0.3	-8.35	0.0598	0.11959	0.23918	0.47835	0.95658	1.91247
0.3	-8.3	0.0598	0.11959	0.23918	0.47834	0.95657	1.91239
0.3	-8.25	0.0598	0.11959	0.23918	0.47834	0.95655	1.9123
0.3	-8.2	0.0598	0.11959	0.23918	0.47834	0.95654	1.91221
0.3	-8.15	0.0598	0.11959	0.23918	0.47834	0.95652	1.9121
0.3	-8.1	0.0598	0.11959	0.23918	0.47834	0.9565	1.91199
0.3	-8.05	0.0598	0.11959	0.23918	0.47833	0.95648	1.91187
0.3	-8.	0.0598	0.11959	0.23918	0.47833	0.95646	1.91173
0.3	-7.95	0.0598	0.11959	0.23918	0.47833	0.95644	1.91159
0.3	-7.9	0.0598	0.11959	0.23918	0.47832	0.95641	1.91144
0.3	-7.85	0.0598	0.11959	0.23918	0.47832	0.95638	1.91127
0.3	-7.8	0.0598	0.11959	0.23918	0.47831	0.95635	1.91109
0.3	-7.75	0.0598	0.11959	0.23918	0.47831	0.95632	1.9109
0.3	-7.7	0.0598	0.11959	0.23918	0.4783	0.95628	1.91069
0.3	-7.65	0.0598	0.11959	0.23918	0.4783	0.95625	1.91047
0.3	-7.6	0.0598	0.11959	0.23917	0.47829	0.9562	1.91023
0.3	-7.55	0.0598	0.11959	0.23917	0.47829	0.95616	1.90996
0.3	-7.5	0.0598	0.11959	0.23917	0.47828	0.95611	1.90968
0.3	-7.45	0.0598	0.11959	0.23917	0.47827	0.95605	1.90938
0.3	-7.4	0.0598	0.11959	0.23917	0.47826	0.956	1.90906
0.3	-7.35	0.0598	0.11959	0.23917	0.47825	0.95593	1.9087
0.3	-7.3	0.0598	0.11959	0.23917	0.47824	0.95586	1.90833
0.3	-7.25	0.0598	0.11959	0.23917	0.47823	0.95579	1.90792
0.3	-7.2	0.0598	0.11959	0.23917	0.47822	0.95571	1.90748
0.3	-7.15	0.0598	0.11959	0.23916	0.4782	0.95562	1.90701
0.3	-7.1	0.0598	0.11959	0.23916	0.47819	0.95553	1.90651
0.3	-7.05	0.0598	0.11959	0.23916	0.47817	0.95543	1.90597
0.3	-7.	0.0598	0.11959	0.23916	0.47816	0.95531	1.90538
0.3	-6.95	0.0598	0.11959	0.23916	0.47814	0.9552	1.90476
0.3	-6.9	0.0598	0.11959	0.23915	0.47812	0.95507	1.90409
0.3	-6.85	0.0598	0.11959	0.23915	0.47809	0.95493	1.90337
0.3	-6.8	0.0598	0.11959	0.23915	0.47807	0.95478	1.90259
0.3	-6.75	0.0598	0.11959	0.23914	0.47804	0.95461	1.90176
0.3	-6.7	0.0598	0.11959	0.23914	0.47801	0.95444	1.90087
0.3	-6.65	0.0598	0.11959	0.23913	0.47798	0.95425	1.89992
0.3	-6.6	0.0598	0.11959	0.23913	0.47795	0.95404	1.8989
0.3	-6.55	0.0598	0.11959	0.23912	0.47791	0.95382	1.8978
0.3	-6.5	0.0598	0.11959	0.23912	0.47787	0.95358	1.89663
0.3	-6.45	0.0598	0.11958	0.23911	0.47782	0.95332	1.89538
0.3	-6.4	0.0598	0.11958	0.23911	0.47778	0.95304	1.89404
0.3	-6.35	0.0598	0.11958	0.2391	0.47772	0.95274	1.8926
0.3	-6.3	0.05979	0.11958	0.23909	0.47767	0.95242	1.89107
0.3	-6.25	0.05979	0.11958	0.23908	0.4776	0.95207	1.88943
0.3	-6.2	0.05979	0.11958	0.23907	0.47754	0.9517	1.88768
0.3	-6.15	0.05979	0.11958	0.23906	0.47746	0.95129	1.88581
0.3	-6.1	0.05979	0.11958	0.23905	0.47739	0.95086	1.88381
0.3	-6.05	0.05979	0.11958	0.23904	0.4773	0.95039	1.88169
0.3	-6.	0.05979	0.11957	0.23902	0.47721	0.94989	1.87942
0.3	-5.95	0.05979	0.11957	0.23901	0.47711	0.94935	1.87699
0.3	-5.9	0.05979	0.11957	0.23899	0.477	0.94877	1.87442
0.3	-5.85	0.05979	0.11957	0.23897	0.47688	0.94814	1.87167
0.3	-5.8	0.05979	0.11957	0.23895	0.47675	0.94747	1.86874
0.3	-5.75	0.05979	0.11956	0.23893	0.47661	0.94676	1.86563
0.3	-5.7	0.05979	0.11956	0.23891	0.47646	0.94598	1.86232
0.3	-5.65	0.05979	0.11956	0.23888	0.4763	0.94516	1.8588
0.3	-5.6	0.05979	0.11955	0.23886	0.47612	0.94427	1.85506
0.3	-5.55	0.05979	0.11955	0.23882	0.47593	0.94332	1.85109
0.3	-5.5	0.05979	0.11955	0.23879	0.47573	0.9423	1.84687
0.3	-5.45	0.05979	0.11954	0.23876	0.4755	0.94121	1.84239
0.3	-5.4	0.05979	0.11954	0.23872	0.47526	0.94004	1.83765
0.3	-5.35	0.05979	0.11953	0.23867	0.475	0.93879	1.83262
0.3	-5.3	0.05979	0.11953	0.23862	0.47472	0.93746	1.82729
0.3	-5.25	0.05979	0.11952	0.23857	0.47442	0.93603	1.82165
0.3	-5.2	0.05979	0.11951	0.23852	0.4741	0.93451	1.81567
0.3	-5.15	0.05979	0.1195	0.23846	0.47375	0.93288	1.80936
0.3	-5.1	0.05979	0.1195	0.23839	0.47337	0.93114	1.80268
0.3	-5.05	0.05979	0.11949	0.23832	0.47296	0.92929	1.79563
0.3	-5.	0.05979	0.11948	0.23824	0.47252	0.92731	1.78818
0.3	-4.95	0.05978	0.11946	0.23815	0.47205	0.9252	1.78032
0.3	-4.9	0.05978	0.11945	0.23806	0.47154	0.92296	1.77204
0.3	-4.85	0.05978	0.11944	0.23796	0.47099	0.92057	1.76331
0.3	-4.8	0.05978	0.11942	0.23785	0.4704	0.91803	1.75411
0.3	-4.75	0.05978	0.1194	0.23773	0.46977	0.91532	1.74443
0.3	-4.7	0.05978	0.11939	0.2376	0.46909	0.91245	1.73426
0.3	-4.65	0.05978	0.11937	0.23746	0.46836	0.90939	1.72356
0.3	-4.6	0.05977	0.11934	0.23731	0.46758	0.90615	1.71232
0.3	-4.55	0.05977	0.11932	0.23714	0.46674	0.90271	1.70053
0.3	-4.5	0.05977	0.11929	0.23697	0.46584	0.89907	1.68816
0.3	-4.45	0.05977	0.11926	0.23677	0.46487	0.8952	1.6752
0.3	-4.4	0.05976	0.11923	0.23656	0.46384	0.89111	1.66163
0.3	-4.35	0.05976	0.11919	0.23633	0.46273	0.88678	1.64743
0.3	-4.3	0.05975	0.11916	0.23609	0.46155	0.8822	1.63258
0.3	-4.25	0.05975	0.11911	0.23582	0.46028	0.87736	1.61707
0.3	-4.2	0.05974	0.11907	0.23553	0.45893	0.87225	1.60088
0.3	-4.15	0.05974	0.11902	0.23522	0.45749	0.86685	1.584
0.3	-4.1	0.05973	0.11896	0.23489	0.45594	0.86117	1.5664
0.3	-4.05	0.05973	0.1189	0.23452	0.4543	0.85517	1.54809
0.3	-4.	0.05972	0.11883	0.23413	0.45255	0.84886	1.52904
0.3	-3.95	0.05971	0.11876	0.23371	0.45068	0.84222	1.50925
0.3	-3.9	0.0597	0.11868	0.23325	0.44869	0.83524	1.4887
0.3	-3.85	0.05969	0.1186	0.23276	0.44658	0.8279	1.46739
0.3	-3.8	0.05968	0.1185	0.23223	0.44433	0.82021	1.44531
0.3	-3.75	0.05967	0.1184	0.23166	0.44194	0.81214	1.42246
0.3	-3.7	0.05965	0.11829	0.23105	0.4394	0.80369	1.39884
0.3	-3.65	0.05964	0.11816	0.23039	0.43671	0.79484	1.37445
0.3	-3.6	0.05962	0.11803	0.22968	0.43386	0.78559	1.34929
0.3	-3.55	0.0596	0.11788	0.22892	0.43084	0.77592	1.32336
0.3	-3.5	0.05958	0.11773	0.2281	0.42765	0.76584	1.29668
0.3	-3.45	0.05956	0.11755	0.22722	0.42426	0.75532	1.26926
0.3	-3.4	0.05953	0.11737	0.22628	0.42069	0.74437	1.24111
0.3	-3.35	0.0595	0.11716	0.22528	0.41692	0.73298	1.21224
0.3	-3.3	0.05947	0.11694	0.2242	0.41295	0.72115	1.18269
0.3	-3.25	0.05944	0.1167	0.22305	0.40876	0.70886	1.15248
0.3	-3.2	0.0594	0.11644	0.22181	0.40435	0.69613	1.12163
0.3	-3.15	0.05936	0.11615	0.2205	0.39971	0.68294	1.09018
0.3	-3.1	0.05931	0.11585	0.21909	0.39484	0.6693	1.05816
0.3	-3.05	0.05926	0.11551	0.21759	0.38973	0.65522	1.02561
0.3	-3.	0.05921	0.11515	0.216	0.38437	0.6407	0.99259
0.3	-2.95	0.05915	0.11476	0.2143	0.37876	0.62574	0.95913
0.3	-2.9	0.05908	0.11434	0.21249	0.3729	0.61036	0.92529
0.3	-2.85	0.059	0.11388	0.21057	0.36677	0.59456	0.89112
0.3	-2.8	0.05892	0.11338	0.20853	0.36037	0.57836	0.85669
0.3	-2.75	0.05883	0.11285	0.20637	0.35371	0.56178	0.82206
0.3	-2.7	0.05873	0.11227	0.20408	0.34678	0.54484	0.78729
0.3	-2.65	0.05863	0.11165	0.20166	0.33958	0.52754	0.75246
0.3	-2.6	0.05851	0.11098	0.19909	0.33211	0.50993	0.71763
0.3	-2.55	0.05838	0.11026	0.19639	0.32436	0.49203	0.68289
0.3	-2.5	0.05823	0.10949	0.19353	0.31635	0.47386	0.64831
0.3	-2.45	0.05807	0.10866	0.19053	0.30808	0.45547	0.61397
0.3	-2.4	0.0579	0.10776	0.18736	0.29955	0.43687	0.57996
0.3	-2.35	0.05771	0.1068	0.18404	0.29078	0.41812	0.54635
0.3	-2.3	0.05751	0.10578	0.18056	0.28176	0.39926	0.51324
0.3	-2.25	0.05728	0.10468	0.1769	0.27251	0.38032	0.48069
0.3	-2.2	0.05703	0.1035	0.17308	0.26304	0.36135	0.44881
0.3	-2.15	0.05676	0.10224	0.16909	0.25337	0.3424	0.41766
0.3	-2.1	0.05646	0.1009	0.16493	0.24352	0.32352	0.38732
0.3	-2.05	0.05614	0.09948	0.1606	0.2335	0.30477	0.35788
0.3	-2.	0.05578	0.09796	0.1561	0.22333	0.28619	0.3294
0.3	-1.95	0.0554	0.09634	0.15144	0.21304	0.26784	0.30195
0.3	-1.9	0.05498	0.09462	0.14661	0.20265	0.24977	0.2756
0.3	-1.85	0.05452	0.09281	0.14162	0.19219	0.23205	0.2504
0.3	-1.8	0.05403	0.09088	0.13648	0.1817	0.21471	0.22641
0.3	-1.75	0.05349	0.08885	0.1312	0.17119	0.19783	0.20367
0.3	-1.7	0.0529	0.08671	0.12578	0.16071	0.18145	0.18221
0.3	-1.65	0.05227	0.08446	0.12023	0.15028	0.16562	0.16208
0.3	-1.6	0.05158	0.08209	0.11457	0.13996	0.15039	0.14327
0.3	-1.55	0.05084	0.0796	0.10881	0.12976	0.13581	0.12581
0.3	-1.5	0.05004	0.077	0.10297	0.11974	0.12191	0.1097
0.3	-1.45	0.04918	0.07429	0.09707	0.10992	0.10875	0.09492
0.3	-1.4	0.04824	0.07146	0.09112	0.10036	0.09634	0.08146
0.3	-1.35	0.04724	0.06853	0.08515	0.09108	0.08472	0.0693
0.3	-1.3	0.04617	0.06549	0.07918	0.08213	0.07391	0.05839
0.3	-1.25	0.04502	0.06235	0.07323	0.07354	0.06392	0.04869
0.3	-1.2	0.04379	0.05911	0.06734	0.06535	0.05476	0.04015
0.3	-1.15	0.04248	0.0558	0.06152	0.05759	0.04644	0.03269
0.3	-1.1	0.04108	0.0524	0.05582	0.05029	0.03893	0.02627
0.3	-1.05	0.03959	0.04895	0.05025	0.04348	0.03223	0.02079
0.3	-1.	0.03802	0.04545	0.04485	0.03717	0.02632	0.01618
0.3	-0.95	0.03635	0.04191	0.03966	0.03138	0.02116	0.01237
0.3	-0.9	0.0346	0.03836	0.0347	0.02613	0.01673	0.00925
0.3	-0.85	0.03276	0.03482	0.02999	0.02143	0.01296	0.00677
0.3	-0.8	0.03084	0.0313	0.02558	0.01726	0.00983	0.00481
0.3	-0.75	0.02883	0.02783	0.02148	0.01362	0.00726	0.00332
0.3	-0.7	0.02675	0.02444	0.01771	0.01049	0.00521	0.00221
0.3	-0.65	0.0246	0.02115	0.01431	0.00787	0.00361	0.00141
0.3	-0.6	0.02239	0.01799	0.01127	0.00571	0.0024	0.00085
0.3	-0.55	0.02013	0.01499	0.00862	0.00398	0.00151	0.00048
0.3	-0.5	0.01783	0.01218	0.00636	0.00264	0.00089	0.00025
0.3	-0.45	0.01551	0.00959	0.00447	0.00164	0.00049	0.00012
0.3	-0.4	0.01318	0.00726	0.00296	0.00094	0.00023	0.00005
0.3	-0.35	0.01088	0.0052	0.00181	0.00047	0.00009	0.00001
0.3	-0.3	0.00861	0.00345	0.00097	0.0002	0.00003	0.00000
0.3	-0.25	0.00641	0.00204	0.00043	0.00005	0.00000	-0.00000
0.3	-0.2	0.00433	0.00097	0.00012	-0.00000	-0.00000	-0.00000
0.3	-0.15	0.0024	0.00027	-0.00002	-0.00001	-0.00000	0.00000
0.3	-0.1	0.00074	-0.00008	-0.00004	-0.00000	0.00000	0.00000
0.3	-0.05	-0.00043	-0.00011	-0.00001	0.00000	0.00000	0.00000
0.3	0.00	0.	0.	0.	0.	0.	0.
0.2	-8.9	0.07715	0.1543	0.3086	0.61718	1.23432	2.46828
0.2	-8.85	0.07715	0.1543	0.3086	0.61718	1.23431	2.46824
0.2	-8.8	0.07715	0.1543	0.3086	0.61718	1.2343	2.46819
0.2	-8.75	0.07715	0.1543	0.3086	0.61718	1.2343	2.46814
0.2	-8.7	0.07715	0.1543	0.3086	0.61718	1.23429	2.46809
0.2	-8.65	0.07715	0.1543	0.3086	0.61718	1.23428	2.46803
0.2	-8.6	0.07715	0.1543	0.3086	0.61718	1.23427	2.46797
0.2	-8.55	0.07715	0.1543	0.30859	0.61718	1.23426	2.4679
0.2	-8.5	0.07715	0.1543	0.30859	0.61718	1.23425	2.46782
0.2	-8.45	0.07715	0.1543	0.30859	0.61717	1.23423	2.46774
0.2	-8.4	0.07715	0.1543	0.30859	0.61717	1.23422	2.46766
0.2	-8.35	0.07715	0.1543	0.30859	0.61717	1.23421	2.46756
0.2	-8.3	0.07715	0.1543	0.30859	0.61717	1.23419	2.46746
0.2	-8.25	0.07715	0.1543	0.30859	0.61717	1.23417	2.46735
0.2	-8.2	0.07715	0.1543	0.30859	0.61716	1.23415	2.46723
0.2	-8.15	0.07715	0.1543	0.30859	0.61716	1.23413	2.4671
0.2	-8.1	0.07715	0.1543	0.30859	0.61716	1.23411	2.46697
0.2	-8.05	0.07715	0.1543	0.30859	0.61715	1.23409	2.46682
0.2	-8.	0.07715	0.1543	0.30859	0.61715	1.23406	2.46665
0.2	-7.95	0.07715	0.1543	0.30859	0.61715	1.23403	2.46648
0.2	-7.9	0.07715	0.1543	0.30859	0.61714	1.234	2.46629
0.2	-7.85	0.07715	0.1543	0.30859	0.61714	1.23396	2.46609
0.2	-7.8	0.07715	0.1543	0.30859	0.61713	1.23393	2.46586
0.2	-7.75	0.07715	0.1543	0.30859	0.61713	1.23389	2.46563
0.2	-7.7	0.07715	0.1543	0.30859	0.61712	1.23384	2.46537
0.2	-7.65	0.07715	0.1543	0.30859	0.61711	1.23379	2.46509
0.2	-7.6	0.07715	0.1543	0.30859	0.61711	1.23374	2.4648
0.2	-7.55	0.07715	0.1543	0.30859	0.6171	1.23369	2.46448
0.2	-7.5	0.07715	0.1543	0.30858	0.61709	1.23362	2.46413
0.2	-7.45	0.07715	0.1543	0.30858	0.61708	1.23356	2.46376
0.2	-7.4	0.07715	0.1543	0.30858	0.61707	1.23349	2.46336
0.2	-7.35	0.07715	0.1543	0.30858	0.61706	1.23341	2.46292
0.2	-7.3	0.07715	0.1543	0.30858	0.61704	1.23332	2.46246
0.2	-7.25	0.07715	0.1543	0.30858	0.61703	1.23323	2.46196
0.2	-7.2	0.07715	0.1543	0.30858	0.61701	1.23313	2.46142
0.2	-7.15	0.07715	0.1543	0.30857	0.617	1.23303	2.46084
0.2	-7.1	0.07715	0.1543	0.30857	0.61698	1.23291	2.46022
0.2	-7.05	0.07715	0.1543	0.30857	0.61696	1.23279	2.45955
0.2	-7.	0.07715	0.1543	0.30857	0.61694	1.23265	2.45883
0.2	-6.95	0.07715	0.1543	0.30856	0.61691	1.2325	2.45806
0.2	-6.9	0.07715	0.15429	0.30856	0.61689	1.23234	2.45723
0.2	-6.85	0.07715	0.15429	0.30856	0.61686	1.23217	2.45634
0.2	-6.8	0.07715	0.15429	0.30855	0.61683	1.23199	2.45538
0.2	-6.75	0.07715	0.15429	0.30855	0.6168	1.23179	2.45436
0.2	-6.7	0.07715	0.15429	0.30854	0.61676	1.23157	2.45326
0.2	-6.65	0.07715	0.15429	0.30854	0.61672	1.23133	2.45208
0.2	-6.6	0.07715	0.15429	0.30853	0.61668	1.23108	2.45082
0.2	-6.55	0.07715	0.15429	0.30853	0.61664	1.23081	2.44947
0.2	-6.5	0.07715	0.15429	0.30852	0.61659	1.23051	2.44802
0.2	-6.45	0.07715	0.15429	0.30851	0.61653	1.2302	2.44648
0.2	-6.4	0.07715	0.15429	0.3085	0.61647	1.22985	2.44482
0.2	-6.35	0.07715	0.15429	0.30849	0.61641	1.22948	2.44305
0.2	-6.3	0.07715	0.15429	0.30848	0.61634	1.22909	2.44115
0.2	-6.25	0.07715	0.15429	0.30847	0.61626	1.22866	2.43912
0.2	-6.2	0.07715	0.15428	0.30846	0.61618	1.2282	2.43696
0.2	-6.15	0.07715	0.15428	0.30845	0.61609	1.2277	2.43464
0.2	-6.1	0.07715	0.15428	0.30844	0.61599	1.22716	2.43218
0.2	-6.05	0.07715	0.15428	0.30842	0.61589	1.22659	2.42954
0.2	-6.	0.07715	0.15428	0.3084	0.61577	1.22597	2.42673
0.2	-5.95	0.07715	0.15428	0.30838	0.61565	1.2253	2.42373
0.2	-5.9	0.07715	0.15427	0.30836	0.61551	1.22459	2.42054
0.2	-5.85	0.07715	0.15427	0.30834	0.61537	1.22382	2.41714
0.2	-5.8	0.07715	0.15427	0.30832	0.61521	1.22299	2.41351
0.2	-5.75	0.07715	0.15427	0.30829	0.61504	1.2221	2.40966
0.2	-5.7	0.07715	0.15426	0.30826	0.61486	1.22115	2.40555
0.2	-5.65	0.07715	0.15426	0.30823	0.61466	1.22013	2.40119
0.2	-5.6	0.07715	0.15425	0.3082	0.61444	1.21904	2.39655
0.2	-5.55	0.07715	0.15425	0.30816	0.61421	1.21786	2.39163
0.2	-5.5	0.07715	0.15424	0.30812	0.61395	1.21661	2.38639
0.2	-5.45	0.07714	0.15424	0.30807	0.61368	1.21526	2.38084
0.2	-5.4	0.07714	0.15423	0.30803	0.61338	1.21382	2.37495
0.2	-5.35	0.07714	0.15423	0.30797	0.61307	1.21227	2.3687
0.2	-5.3	0.07714	0.15422	0.30791	0.61272	1.21062	2.36208
0.2	-5.25	0.07714	0.15421	0.30785	0.61235	1.20886	2.35507
0.2	-5.2	0.07714	0.1542	0.30778	0.61195	1.20698	2.34765
0.2	-5.15	0.07714	0.15419	0.30771	0.61152	1.20496	2.3398
0.2	-5.1	0.07714	0.15418	0.30763	0.61105	1.20281	2.3315
0.2	-5.05	0.07714	0.15417	0.30754	0.61055	1.20052	2.32272
0.2	-5.	0.07714	0.15416	0.30744	0.61001	1.19807	2.31346
0.2	-4.95	0.07714	0.15414	0.30734	0.60942	1.19546	2.30368
0.2	-4.9	0.07713	0.15413	0.30722	0.6088	1.19268	2.29336
0.2	-4.85	0.07713	0.15411	0.3071	0.60812	1.18972	2.28249
0.2	-4.8	0.07713	0.15409	0.30696	0.6074	1.18657	2.27103
0.2	-4.75	0.07713	0.15407	0.30682	0.60662	1.18322	2.25897
0.2	-4.7	0.07713	0.15405	0.30666	0.60578	1.17966	2.24628
0.2	-4.65	0.07712	0.15402	0.30649	0.60488	1.17587	2.23293
0.2	-4.6	0.07712	0.154	0.3063	0.60391	1.17185	2.21891
0.2	-4.55	0.07712	0.15397	0.3061	0.60288	1.16758	2.20419
0.2	-4.5	0.07712	0.15393	0.30588	0.60177	1.16306	2.18874
0.2	-4.45	0.07711	0.1539	0.30564	0.60057	1.15826	2.17255
0.2	-4.4	0.07711	0.15386	0.30538	0.5993	1.15318	2.15558
0.2	-4.35	0.0771	0.15381	0.3051	0.59793	1.1478	2.13783
0.2	-4.3	0.0771	0.15377	0.3048	0.59647	1.14211	2.11925
0.2	-4.25	0.07709	0.15371	0.30447	0.59491	1.13609	2.09983
0.2	-4.2	0.07709	0.15366	0.30412	0.59324	1.12973	2.07956
0.2	-4.15	0.07708	0.1536	0.30374	0.59145	1.12302	2.0584
0.2	-4.1	0.07707	0.15353	0.30332	0.58954	1.11594	2.03635
0.2	-4.05	0.07706	0.15345	0.30288	0.58751	1.10847	2.01338
0.2	-4.	0.07705	0.15337	0.30239	0.58534	1.10061	1.98947
0.2	-3.95	0.07704	0.15328	0.30187	0.58303	1.09233	1.96462
0.2	-3.9	0.07703	0.15319	0.30131	0.58057	1.08363	1.9388
0.2	-3.85	0.07702	0.15308	0.30071	0.57795	1.07448	1.91201
0.2	-3.8	0.07701	0.15296	0.30006	0.57516	1.06487	1.88424
0.2	-3.75	0.07699	0.15284	0.29935	0.5722	1.0548	1.85548
0.2	-3.7	0.07697	0.1527	0.2986	0.56906	1.04424	1.82573
0.2	-3.65	0.07696	0.15255	0.29779	0.56572	1.03318	1.79498
0.2	-3.6	0.07694	0.15239	0.29691	0.56218	1.0216	1.76324
0.2	-3.55	0.07691	0.15221	0.29597	0.55843	1.00951	1.73052
0.2	-3.5	0.07689	0.15202	0.29497	0.55446	0.99688	1.69682
0.2	-3.45	0.07686	0.1518	0.29388	0.55026	0.98371	1.66215
0.2	-3.4	0.07683	0.15157	0.29273	0.54582	0.96998	1.62653
0.2	-3.35	0.07679	0.15132	0.29148	0.54113	0.95569	1.58999
0.2	-3.3	0.07676	0.15105	0.29015	0.53619	0.94084	1.55254
0.2	-3.25	0.07671	0.15076	0.28873	0.53097	0.9254	1.51421
0.2	-3.2	0.07667	0.15044	0.28721	0.52548	0.9094	1.47505
0.2	-3.15	0.07662	0.15009	0.28558	0.5197	0.89281	1.43508
0.2	-3.1	0.07656	0.14971	0.28384	0.51363	0.87564	1.39435
0.2	-3.05	0.0765	0.1493	0.28199	0.50725	0.8579	1.35291
0.2	-3.	0.07643	0.14886	0.28002	0.50056	0.83958	1.31081
0.2	-2.95	0.07636	0.14838	0.27791	0.49355	0.82071	1.26811
0.2	-2.9	0.07628	0.14786	0.27568	0.48622	0.80127	1.22487
0.2	-2.85	0.07619	0.1473	0.2733	0.47855	0.7813	1.18117
0.2	-2.8	0.07609	0.14669	0.27077	0.47055	0.7608	1.13707
0.2	-2.75	0.07598	0.14603	0.26809	0.4622	0.73979	1.09266
0.2	-2.7	0.07586	0.14532	0.26525	0.45351	0.7183	1.04801
0.2	-2.65	0.07572	0.14456	0.26224	0.44448	0.69634	1.00321
0.2	-2.6	0.07558	0.14374	0.25906	0.43509	0.67396	0.95836
0.2	-2.55	0.07542	0.14285	0.25569	0.42536	0.65117	0.91355
0.2	-2.5	0.07524	0.1419	0.25215	0.41529	0.62802	0.86887
0.2	-2.45	0.07505	0.14087	0.24841	0.40487	0.60454	0.82444
0.2	-2.4	0.07484	0.13977	0.24447	0.39412	0.58078	0.78034
0.2	-2.35	0.07461	0.13859	0.24033	0.38304	0.55679	0.73669
0.2	-2.3	0.07435	0.13732	0.23598	0.37165	0.53261	0.69359
0.2	-2.25	0.07408	0.13597	0.23142	0.35995	0.5083	0.65115
0.2	-2.2	0.07377	0.13452	0.22665	0.34796	0.48391	0.60948
0.2	-2.15	0.07344	0.13296	0.22166	0.3357	0.4595	0.56868
0.2	-2.1	0.07308	0.13131	0.21646	0.32318	0.43514	0.52885
0.2	-2.05	0.07268	0.12954	0.21103	0.31044	0.41089	0.49009
0.2	-2.	0.07225	0.12766	0.20539	0.29749	0.38681	0.45251
0.2	-1.95	0.07178	0.12567	0.19954	0.28436	0.36298	0.41619
0.2	-1.9	0.07127	0.12354	0.19347	0.27108	0.33946	0.38121
0.2	-1.85	0.07071	0.12129	0.18719	0.25769	0.31633	0.34766
0.2	-1.8	0.0701	0.11891	0.18072	0.24423	0.29365	0.31561
0.2	-1.75	0.06944	0.11639	0.17405	0.23072	0.27149	0.28512
0.2	-1.7	0.06872	0.11373	0.1672	0.21721	0.24993	0.25625
0.2	-1.65	0.06795	0.11092	0.16018	0.20375	0.22903	0.22904
0.2	-1.6	0.06711	0.10797	0.15301	0.19038	0.20886	0.20353
0.2	-1.55	0.0662	0.10488	0.1457	0.17714	0.18947	0.17973
0.2	-1.5	0.06521	0.10164	0.13826	0.16409	0.17093	0.15766
0.2	-1.45	0.06415	0.09825	0.13073	0.15126	0.15328	0.13731
0.2	-1.4	0.06301	0.09472	0.12313	0.13873	0.13658	0.11868
0.2	-1.35	0.06178	0.09104	0.11547	0.12652	0.12086	0.10173
0.2	-1.3	0.06046	0.08723	0.1078	0.1147	0.10615	0.08643
0.2	-1.25	0.05905	0.08329	0.10013	0.10331	0.09249	0.07273
0.2	-1.2	0.05753	0.07922	0.09251	0.09239	0.07988	0.06056
0.2	-1.15	0.05592	0.07504	0.08496	0.08199	0.06834	0.04986
0.2	-1.1	0.0542	0.07075	0.07753	0.07215	0.05786	0.04054
0.2	-1.05	0.05236	0.06637	0.07025	0.06291	0.04843	0.03252
0.2	-1.	0.05042	0.06193	0.06315	0.0543	0.04003	0.0257
0.2	-0.95	0.04837	0.05742	0.05628	0.04634	0.03263	0.01997
0.2	-0.9	0.0462	0.05288	0.04968	0.03905	0.02618	0.01524
0.2	-0.85	0.04392	0.04833	0.04338	0.03245	0.02065	0.01139
0.2	-0.8	0.04153	0.04379	0.03743	0.02655	0.01597	0.00831
0.2	-0.75	0.03904	0.0393	0.03185	0.02133	0.01208	0.00591
0.2	-0.7	0.03645	0.03487	0.02667	0.01679	0.00891	0.00407
0.2	-0.65	0.03376	0.03055	0.02194	0.0129	0.00638	0.00271
0.2	-0.6	0.03099	0.02637	0.01766	0.00964	0.00441	0.00173
0.2	-0.55	0.02815	0.02236	0.01387	0.00697	0.00293	0.00105
0.2	-0.5	0.02525	0.01857	0.01056	0.00484	0.00185	0.0006
0.2	-0.45	0.02231	0.01502	0.00775	0.0032	0.0011	0.00032
0.2	-0.4	0.01935	0.01176	0.00542	0.00199	0.00061	0.00016
0.2	-0.35	0.01638	0.00883	0.00357	0.00114	0.0003	0.00007
0.2	-0.3	0.01343	0.00627	0.00217	0.00059	0.00013	0.00002
0.2	-0.25	0.01053	0.00411	0.00117	0.00026	0.00005	0.00000
0.2	-0.2	0.00771	0.00238	0.00052	0.00009	0.00001	0.00000
0.2	-0.15	0.00502	0.00111	0.00017	0.00002	0.00000	0.00000
0.2	-0.1	0.00256	0.00032	0.00002	0.00000	0.00000	0.00000
0.2	-0.05	0.00052	-0.00000	-0.00000	0.00000	0.00000	0.00000
0.2	0.00	0.	0.	0.	0.	0.	0.
0.1	-8.9	0.10682	0.21363	0.42726	0.85451	1.70895	3.41744
0.1	-8.85	0.10682	0.21363	0.42726	0.85451	1.70895	3.41739
0.1	-8.8	0.10682	0.21363	0.42726	0.85451	1.70894	3.41733
0.1	-8.75	0.10682	0.21363	0.42726	0.85451	1.70893	3.41726
0.1	-8.7	0.10682	0.21363	0.42726	0.85451	1.70892	3.41719
0.1	-8.65	0.10682	0.21363	0.42726	0.85451	1.7089	3.41711
0.1	-8.6	0.10682	0.21363	0.42726	0.8545	1.70889	3.41703
0.1	-8.55	0.10682	0.21363	0.42726	0.8545	1.70888	3.41694
0.1	-8.5	0.10682	0.21363	0.42726	0.8545	1.70886	3.41684
0.1	-8.45	0.10682	0.21363	0.42726	0.8545	1.70885	3.41673
0.1	-8.4	0.10682	0.21363	0.42726	0.8545	1.70883	3.41662
0.1	-8.35	0.10682	0.21363	0.42726	0.85449	1.70881	3.4165
0.1	-8.3	0.10682	0.21363	0.42726	0.85449	1.70879	3.41636
0.1	-8.25	0.10682	0.21363	0.42726	0.85449	1.70876	3.41622
0.1	-8.2	0.10682	0.21363	0.42726	0.85448	1.70874	3.41606
0.1	-8.15	0.10682	0.21363	0.42726	0.85448	1.70871	3.41589
0.1	-8.1	0.10682	0.21363	0.42726	0.85448	1.70868	3.41571
0.1	-8.05	0.10682	0.21363	0.42726	0.85447	1.70865	3.41551
0.1	-8.	0.10682	0.21363	0.42726	0.85447	1.70861	3.41529
0.1	-7.95	0.10682	0.21363	0.42725	0.85446	1.70857	3.41506
0.1	-7.9	0.10682	0.21363	0.42725	0.85446	1.70853	3.41481
0.1	-7.85	0.10682	0.21363	0.42725	0.85445	1.70849	3.41454
0.1	-7.8	0.10682	0.21363	0.42725	0.85444	1.70844	3.41425
0.1	-7.75	0.10682	0.21363	0.42725	0.85443	1.70839	3.41394
0.1	-7.7	0.10682	0.21363	0.42725	0.85443	1.70833	3.4136
0.1	-7.65	0.10682	0.21363	0.42725	0.85442	1.70826	3.41324
0.1	-7.6	0.10682	0.21363	0.42725	0.85441	1.7082	3.41284
0.1	-7.55	0.10682	0.21363	0.42725	0.8544	1.70812	3.41242
0.1	-7.5	0.10682	0.21363	0.42725	0.85438	1.70804	3.41196
0.1	-7.45	0.10682	0.21363	0.42724	0.85437	1.70795	3.41147
0.1	-7.4	0.10682	0.21363	0.42724	0.85436	1.70786	3.41094
0.1	-7.35	0.10682	0.21363	0.42724	0.85434	1.70776	3.41037
0.1	-7.3	0.10682	0.21363	0.42724	0.85433	1.70765	3.40975
0.1	-7.25	0.10682	0.21363	0.42724	0.85431	1.70753	3.40909
0.1	-7.2	0.10682	0.21363	0.42723	0.85429	1.7074	3.40838
0.1	-7.15	0.10682	0.21363	0.42723	0.85427	1.70725	3.40761
0.1	-7.1	0.10682	0.21363	0.42723	0.85424	1.7071	3.40679
0.1	-7.05	0.10682	0.21363	0.42723	0.85422	1.70694	3.4059
0.1	-7.	0.10682	0.21363	0.42722	0.85419	1.70676	3.40495
0.1	-6.95	0.10682	0.21363	0.42722	0.85416	1.70656	3.40393
0.1	-6.9	0.10681	0.21363	0.42721	0.85412	1.70635	3.40283
0.1	-6.85	0.10681	0.21363	0.42721	0.85409	1.70613	3.40165
0.1	-6.8	0.10681	0.21363	0.4272	0.85405	1.70588	3.40039
0.1	-6.75	0.10681	0.21362	0.4272	0.854	1.70562	3.39903
0.1	-6.7	0.10681	0.21362	0.42719	0.85396	1.70533	3.39758
0.1	-6.65	0.10681	0.21362	0.42718	0.85391	1.70502	3.39602
0.1	-6.6	0.10681	0.21362	0.42718	0.85385	1.70469	3.39435
0.1	-6.55	0.10681	0.21362	0.42717	0.85379	1.70433	3.39255
0.1	-6.5	0.10681	0.21362	0.42716	0.85372	1.70394	3.39064
0.1	-6.45	0.10681	0.21362	0.42715	0.85365	1.70352	3.38858
0.1	-6.4	0.10681	0.21362	0.42714	0.85357	1.70307	3.38638
0.1	-6.35	0.10681	0.21362	0.42713	0.85349	1.70258	3.38403
0.1	-6.3	0.10681	0.21362	0.42711	0.8534	1.70205	3.38152
0.1	-6.25	0.10681	0.21361	0.4271	0.8533	1.70149	3.37883
0.1	-6.2	0.10681	0.21361	0.42708	0.85319	1.70087	3.37595
0.1	-6.15	0.10681	0.21361	0.42707	0.85307	1.70022	3.37288
0.1	-6.1	0.10681	0.21361	0.42705	0.85294	1.69951	3.36961
0.1	-6.05	0.10681	0.21361	0.42703	0.8528	1.69875	3.36611
0.1	-6.	0.10681	0.2136	0.42701	0.85265	1.69793	3.36237
0.1	-5.95	0.10681	0.2136	0.42698	0.85249	1.69705	3.35839
0.1	-5.9	0.10681	0.2136	0.42696	0.85231	1.6961	3.35415
0.1	-5.85	0.10681	0.2136	0.42693	0.85212	1.69508	3.34962
0.1	-5.8	0.10681	0.21359	0.4269	0.85191	1.69399	3.34481
0.1	-5.75	0.10681	0.21359	0.42686	0.85169	1.69282	3.33968
0.1	-5.7	0.10681	0.21358	0.42682	0.85145	1.69156	3.33422
0.1	-5.65	0.10681	0.21358	0.42678	0.85118	1.6902	3.32841
0.1	-5.6	0.10681	0.21357	0.42674	0.8509	1.68875	3.32224
0.1	-5.55	0.10681	0.21357	0.42669	0.85059	1.6872	3.31568
0.1	-5.5	0.10681	0.21356	0.42663	0.85025	1.68553	3.30871
0.1	-5.45	0.10681	0.21355	0.42657	0.84989	1.68375	3.30132
0.1	-5.4	0.10681	0.21355	0.42651	0.8495	1.68184	3.29347
0.1	-5.35	0.10681	0.21354	0.42644	0.84908	1.67979	3.28514
0.1	-5.3	0.10681	0.21353	0.42637	0.84863	1.6776	3.27632
0.1	-5.25	0.10681	0.21352	0.42628	0.84814	1.67526	3.26697
0.1	-5.2	0.10681	0.2135	0.42619	0.84761	1.67276	3.25707
0.1	-5.15	0.1068	0.21349	0.42609	0.84704	1.67009	3.2466
0.1	-5.1	0.1068	0.21348	0.42599	0.84642	1.66723	3.23552
0.1	-5.05	0.1068	0.21346	0.42587	0.84576	1.66419	3.2238
0.1	-5.	0.1068	0.21345	0.42574	0.84504	1.66094	3.21143
0.1	-4.95	0.1068	0.21343	0.42561	0.84427	1.65747	3.19836
0.1	-4.9	0.1068	0.21341	0.42546	0.84344	1.65378	3.18457
0.1	-4.85	0.10679	0.21338	0.42529	0.84255	1.64984	3.17003
0.1	-4.8	0.10679	0.21336	0.42512	0.84159	1.64565	3.15471
0.1	-4.75	0.10679	0.21333	0.42492	0.84056	1.6412	3.13857
0.1	-4.7	0.10679	0.2133	0.42472	0.83945	1.63646	3.12158
0.1	-4.65	0.10678	0.21327	0.42449	0.83826	1.63142	3.10371
0.1	-4.6	0.10678	0.21323	0.42424	0.83698	1.62607	3.08493
0.1	-4.55	0.10678	0.21319	0.42398	0.83561	1.62038	3.0652
0.1	-4.5	0.10677	0.21315	0.42369	0.83414	1.61435	3.04449
0.1	-4.45	0.10677	0.2131	0.42337	0.83256	1.60796	3.02277
0.1	-4.4	0.10676	0.21305	0.42303	0.83087	1.60118	3.00001
0.1	-4.35	0.10676	0.213	0.42266	0.82906	1.59401	2.97616
0.1	-4.3	0.10675	0.21293	0.42227	0.82712	1.58642	2.95121
0.1	-4.25	0.10674	0.21287	0.42183	0.82505	1.57838	2.92513
0.1	-4.2	0.10673	0.21279	0.42137	0.82283	1.5699	2.89787
0.1	-4.15	0.10672	0.21271	0.42086	0.82046	1.56093	2.86941
0.1	-4.1	0.10672	0.21262	0.42032	0.81793	1.55147	2.83973
0.1	-4.05	0.1067	0.21252	0.41973	0.81523	1.54149	2.8088
0.1	-4.	0.10669	0.21242	0.41909	0.81235	1.53098	2.77659
0.1	-3.95	0.10668	0.2123	0.4184	0.80928	1.5199	2.74308
0.1	-3.9	0.10666	0.21217	0.41766	0.80601	1.50825	2.70826
0.1	-3.85	0.10665	0.21203	0.41686	0.80253	1.496	2.6721
0.1	-3.8	0.10663	0.21188	0.416	0.79883	1.48313	2.63459
0.1	-3.75	0.10661	0.21172	0.41508	0.79489	1.46962	2.59573
0.1	-3.7	0.10659	0.21154	0.41408	0.7907	1.45546	2.55549
0.1	-3.65	0.10656	0.21134	0.413	0.78626	1.44062	2.51389
0.1	-3.6	0.10654	0.21112	0.41185	0.78154	1.42508	2.47091
0.1	-3.55	0.10651	0.21089	0.41061	0.77655	1.40883	2.42656
0.1	-3.5	0.10647	0.21063	0.40927	0.77126	1.39186	2.38086
0.1	-3.45	0.10644	0.21036	0.40784	0.76565	1.37414	2.33381
0.1	-3.4	0.1064	0.21005	0.40631	0.75973	1.35567	2.28543
0.1	-3.35	0.10635	0.20973	0.40466	0.75347	1.33642	2.23575
0.1	-3.3	0.1063	0.20937	0.4029	0.74686	1.3164	2.1848
0.1	-3.25	0.10625	0.20898	0.40102	0.73989	1.29559	2.13261
0.1	-3.2	0.10619	0.20856	0.399	0.73255	1.27398	2.07922
0.1	-3.15	0.10612	0.2081	0.39684	0.72482	1.25158	2.02469
0.1	-3.1	0.10605	0.2076	0.39454	0.71669	1.22838	1.96907
0.1	-3.05	0.10597	0.20706	0.39208	0.70815	1.20438	1.91242
0.1	-3.	0.10588	0.20648	0.38946	0.69919	1.17958	1.85481
0.1	-2.95	0.10578	0.20585	0.38667	0.68979	1.154	1.79632
0.1	-2.9	0.10567	0.20516	0.38369	0.67995	1.12765	1.73702
0.1	-2.85	0.10556	0.20442	0.38053	0.66965	1.10053	1.67701
0.1	-2.8	0.10543	0.20362	0.37717	0.6589	1.07267	1.61639
0.1	-2.75	0.10528	0.20276	0.3736	0.64767	1.0441	1.55525
0.1	-2.7	0.10512	0.20182	0.36982	0.63598	1.01483	1.49371
0.1	-2.65	0.10495	0.20082	0.36581	0.6238	0.9849	1.43189
0.1	-2.6	0.10476	0.19973	0.36157	0.61115	0.95435	1.36989
0.1	-2.55	0.10455	0.19856	0.35708	0.59802	0.92322	1.30786
0.1	-2.5	0.10432	0.1973	0.35234	0.58441	0.89155	1.24593
0.1	-2.45	0.10407	0.19595	0.34735	0.57033	0.85939	1.18422
0.1	-2.4	0.10379	0.19449	0.34208	0.55578	0.8268	1.12289
0.1	-2.35	0.10349	0.19293	0.33655	0.54077	0.79384	1.06207
0.1	-2.3	0.10316	0.19125	0.33073	0.52531	0.76058	1.00191
0.1	-2.25	0.10279	0.18946	0.32462	0.50943	0.72708	0.94255
0.1	-2.2	0.1024	0.18754	0.31822	0.49313	0.69342	0.88415
0.1	-2.15	0.10196	0.18548	0.31153	0.47643	0.65968	0.82685
0.1	-2.1	0.10149	0.18329	0.30454	0.45937	0.62594	0.7708
0.1	-2.05	0.10097	0.18095	0.29725	0.44197	0.59229	0.71612
0.1	-2.	0.1004	0.17845	0.28965	0.42426	0.55882	0.66297
0.1	-1.95	0.09978	0.1758	0.28176	0.40628	0.52562	0.61148
0.1	-1.9	0.09911	0.17298	0.27358	0.38807	0.49278	0.56175
0.1	-1.85	0.09838	0.16998	0.2651	0.36967	0.4604	0.51393
0.1	-1.8	0.09758	0.16681	0.25634	0.35112	0.42858	0.4681
0.1	-1.75	0.09671	0.16345	0.24731	0.33249	0.39742	0.42437
0.1	-1.7	0.09577	0.15991	0.23802	0.31381	0.36701	0.38282
0.1	-1.65	0.09475	0.15617	0.22848	0.29515	0.33745	0.34353
0.1	-1.6	0.09365	0.15223	0.21872	0.27657	0.30882	0.30654
0.1	-1.55	0.09245	0.14809	0.20875	0.25813	0.28122	0.2719
0.1	-1.5	0.09116	0.14376	0.19859	0.2399	0.25473	0.23965
0.1	-1.45	0.08976	0.13922	0.18828	0.22194	0.22942	0.20978
0.1	-1.4	0.08826	0.13447	0.17784	0.20432	0.20537	0.1823
0.1	-1.35	0.08664	0.12954	0.16731	0.18711	0.18263	0.15717
0.1	-1.3	0.0849	0.12441	0.15673	0.17037	0.16127	0.13436
0.1	-1.25	0.08303	0.11909	0.14613	0.15418	0.14132	0.11382
0.1	-1.2	0.08103	0.11359	0.13555	0.1386	0.12282	0.09546
0.1	-1.15	0.0789	0.10793	0.12504	0.12369	0.10578	0.07921
0.1	-1.1	0.07662	0.10211	0.11465	0.10952	0.09021	0.06495
0.1	-1.05	0.0742	0.09616	0.10443	0.09613	0.07611	0.05258
0.1	-1.	0.07162	0.09009	0.09443	0.08358	0.06346	0.04197
0.1	-0.95	0.0689	0.08393	0.0847	0.0719	0.05222	0.03298
0.1	-0.9	0.06602	0.0777	0.0753	0.06113	0.04235	0.02546
0.1	-0.85	0.06299	0.07143	0.06628	0.0513	0.0338	0.01929
0.1	-0.8	0.05981	0.06515	0.05769	0.04243	0.02648	0.01429
0.1	-0.75	0.05649	0.0589	0.04957	0.03451	0.02033	0.01033
0.1	-0.7	0.05302	0.05271	0.04199	0.02754	0.01524	0.00726
0.1	-0.65	0.04942	0.04663	0.03498	0.0215	0.01112	0.00494
0.1	-0.6	0.0457	0.0407	0.02859	0.01637	0.00786	0.00324
0.1	-0.55	0.04187	0.03497	0.02283	0.01209	0.00535	0.00203
0.1	-0.5	0.03794	0.02949	0.01775	0.00862	0.00349	0.00121
0.1	-0.45	0.03394	0.0243	0.01334	0.00588	0.00215	0.00067
0.1	-0.4	0.02988	0.01947	0.00963	0.0038	0.00124	0.00034
0.1	-0.35	0.02578	0.01505	0.00659	0.00229	0.00066	0.00016
0.1	-0.3	0.02166	0.01108	0.0042	0.00126	0.00031	0.00006
0.1	-0.25	0.01756	0.00764	0.00244	0.00061	0.00013	0.00002
0.1	-0.2	0.01349	0.00478	0.00122	0.00024	0.00004	0.00000
0.1	-0.15	0.0095	0.00255	0.00049	0.00007	0.00000	0.00000
0.1	-0.1	0.00565	0.001	0.00013	0.00001	0.00000	0.00000
0.1	-0.05	0.00214	0.00018	0.00001	0.00000	0.00000	0.00000
0.1	0.00	0.	0.	0.	0.	0.	0.
0.07	-8.9	0.12208	0.24416	0.48832	0.97663	1.95319	3.90585
0.07	-8.85	0.12208	0.24416	0.48832	0.97663	1.95318	3.90579
0.07	-8.8	0.12208	0.24416	0.48832	0.97663	1.95317	3.90572
0.07	-8.75	0.12208	0.24416	0.48832	0.97663	1.95316	3.90565
0.07	-8.7	0.12208	0.24416	0.48832	0.97663	1.95315	3.90557
0.07	-8.65	0.12208	0.24416	0.48832	0.97663	1.95313	3.90548
0.07	-8.6	0.12208	0.24416	0.48832	0.97662	1.95312	3.90539
0.07	-8.55	0.12208	0.24416	0.48832	0.97662	1.9531	3.90529
0.07	-8.5	0.12208	0.24416	0.48832	0.97662	1.95309	3.90518
0.07	-8.45	0.12208	0.24416	0.48832	0.97662	1.95307	3.90506
0.07	-8.4	0.12208	0.24416	0.48832	0.97661	1.95305	3.90493
0.07	-8.35	0.12208	0.24416	0.48832	0.97661	1.95302	3.90479
0.07	-8.3	0.12208	0.24416	0.48832	0.97661	1.953	3.90464
0.07	-8.25	0.12208	0.24416	0.48832	0.97661	1.95297	3.90448
0.07	-8.2	0.12208	0.24416	0.48832	0.9766	1.95295	3.9043
0.07	-8.15	0.12208	0.24416	0.48832	0.9766	1.95292	3.90411
0.07	-8.1	0.12208	0.24416	0.48832	0.97659	1.95288	3.9039
0.07	-8.05	0.12208	0.24416	0.48832	0.97659	1.95285	3.90368
0.07	-8.	0.12208	0.24416	0.48832	0.97658	1.95281	3.90344
0.07	-7.95	0.12208	0.24416	0.48832	0.97658	1.95276	3.90318
0.07	-7.9	0.12208	0.24416	0.48831	0.97657	1.95272	3.9029
0.07	-7.85	0.12208	0.24416	0.48831	0.97656	1.95267	3.9026
0.07	-7.8	0.12208	0.24416	0.48831	0.97656	1.95261	3.90227
0.07	-7.75	0.12208	0.24416	0.48831	0.97655	1.95255	3.90192
0.07	-7.7	0.12208	0.24416	0.48831	0.97654	1.95248	3.90153
0.07	-7.65	0.12208	0.24416	0.48831	0.97653	1.95241	3.90112
0.07	-7.6	0.12208	0.24416	0.48831	0.97652	1.95234	3.90068
0.07	-7.55	0.12208	0.24416	0.48831	0.9765	1.95225	3.9002
0.07	-7.5	0.12208	0.24416	0.48831	0.97649	1.95216	3.89969
0.07	-7.45	0.12208	0.24416	0.4883	0.97648	1.95207	3.89913
0.07	-7.4	0.12208	0.24416	0.4883	0.97646	1.95196	3.89854
0.07	-7.35	0.12208	0.24416	0.4883	0.97644	1.95184	3.89789
0.07	-7.3	0.12208	0.24416	0.4883	0.97642	1.95172	3.8972
0.07	-7.25	0.12208	0.24416	0.48829	0.9764	1.95158	3.89646
0.07	-7.2	0.12208	0.24416	0.48829	0.97638	1.95144	3.89566
0.07	-7.15	0.12208	0.24416	0.48829	0.97636	1.95128	3.89479
0.07	-7.1	0.12208	0.24416	0.48829	0.97633	1.95111	3.89387
0.07	-7.05	0.12208	0.24416	0.48828	0.9763	1.95092	3.89287
0.07	-7.	0.12208	0.24416	0.48828	0.97627	1.95072	3.8918
0.07	-6.95	0.12208	0.24416	0.48827	0.97623	1.9505	3.89065
0.07	-6.9	0.12208	0.24416	0.48827	0.9762	1.95027	3.88941
0.07	-6.85	0.12208	0.24416	0.48826	0.97616	1.95001	3.88809
0.07	-6.8	0.12208	0.24416	0.48826	0.97611	1.94973	3.88666
0.07	-6.75	0.12208	0.24415	0.48825	0.97606	1.94944	3.88514
0.07	-6.7	0.12208	0.24415	0.48824	0.97601	1.94912	3.8835
0.07	-6.65	0.12208	0.24415	0.48824	0.97595	1.94877	3.88174
0.07	-6.6	0.12208	0.24415	0.48823	0.97589	1.94839	3.87986
0.07	-6.55	0.12208	0.24415	0.48822	0.97582	1.94799	3.87784
0.07	-6.5	0.12208	0.24415	0.48821	0.97575	1.94755	3.87568
0.07	-6.45	0.12208	0.24415	0.4882	0.97567	1.94708	3.87336
0.07	-6.4	0.12208	0.24415	0.48819	0.97558	1.94657	3.87089
0.07	-6.35	0.12208	0.24415	0.48817	0.97548	1.94602	3.86824
0.07	-6.3	0.12208	0.24415	0.48816	0.97538	1.94543	3.8654
0.07	-6.25	0.12208	0.24414	0.48814	0.97527	1.94479	3.86237
0.07	-6.2	0.12208	0.24414	0.48813	0.97515	1.9441	3.85914
0.07	-6.15	0.12208	0.24414	0.48811	0.97501	1.94336	3.85568
0.07	-6.1	0.12208	0.24414	0.48809	0.97487	1.94257	3.85198
0.07	-6.05	0.12208	0.24413	0.48806	0.97471	1.94171	3.84804
0.07	-6.	0.12208	0.24413	0.48804	0.97455	1.94079	3.84383
0.07	-5.95	0.12208	0.24413	0.48801	0.97436	1.9398	3.83934
0.07	-5.9	0.12208	0.24413	0.48798	0.97416	1.93873	3.83456
0.07	-5.85	0.12208	0.24412	0.48795	0.97395	1.93758	3.82946
0.07	-5.8	0.12208	0.24412	0.48791	0.97371	1.93635	3.82403
0.07	-5.75	0.12208	0.24411	0.48787	0.97346	1.93503	3.81824
0.07	-5.7	0.12208	0.24411	0.48783	0.97319	1.93361	3.81209
0.07	-5.65	0.12208	0.2441	0.48778	0.97289	1.93209	3.80554
0.07	-5.6	0.12208	0.2441	0.48773	0.97257	1.93046	3.79858
0.07	-5.55	0.12208	0.24409	0.48768	0.97222	1.92871	3.79118
0.07	-5.5	0.12207	0.24408	0.48762	0.97185	1.92683	3.78332
0.07	-5.45	0.12207	0.24407	0.48755	0.97144	1.92482	3.77497
0.07	-5.4	0.12207	0.24407	0.48748	0.97101	1.92267	3.76611
0.07	-5.35	0.12207	0.24406	0.4874	0.97053	1.92036	3.75672
0.07	-5.3	0.12207	0.24405	0.48732	0.97002	1.9179	3.74676
0.07	-5.25	0.12207	0.24403	0.48722	0.96947	1.91526	3.73621
0.07	-5.2	0.12207	0.24402	0.48712	0.96887	1.91244	3.72504
0.07	-5.15	0.12207	0.24401	0.48701	0.96823	1.90943	3.71321
0.07	-5.1	0.12207	0.24399	0.48689	0.96754	1.90621	3.7007
0.07	-5.05	0.12207	0.24397	0.48676	0.96679	1.90278	3.68747
0.07	-5.	0.12206	0.24395	0.48662	0.96599	1.89912	3.6735
0.07	-4.95	0.12206	0.24393	0.48646	0.96512	1.89521	3.65874
0.07	-4.9	0.12206	0.24391	0.4863	0.96419	1.89105	3.64316
0.07	-4.85	0.12206	0.24388	0.48611	0.96318	1.88661	3.62674
0.07	-4.8	0.12205	0.24386	0.48591	0.9621	1.88189	3.60942
0.07	-4.75	0.12205	0.24383	0.4857	0.96094	1.87686	3.59119
0.07	-4.7	0.12205	0.24379	0.48546	0.95969	1.87151	3.57199
0.07	-4.65	0.12204	0.24376	0.48521	0.95835	1.86583	3.55179
0.07	-4.6	0.12204	0.24372	0.48493	0.95691	1.85979	3.53056
0.07	-4.55	0.12204	0.24367	0.48463	0.95537	1.85338	3.50825
0.07	-4.5	0.12203	0.24362	0.48431	0.95371	1.84658	3.48484
0.07	-4.45	0.12203	0.24357	0.48395	0.95194	1.83936	3.46027
0.07	-4.4	0.12202	0.24351	0.48357	0.95003	1.83172	3.43452
0.07	-4.35	0.12201	0.24345	0.48316	0.94799	1.82362	3.40755
0.07	-4.3	0.12201	0.24338	0.48271	0.94581	1.81505	3.37932
0.07	-4.25	0.122	0.2433	0.48222	0.94348	1.80598	3.3498
0.07	-4.2	0.12199	0.24322	0.4817	0.94098	1.79639	3.31895
0.07	-4.15	0.12198	0.24313	0.48113	0.93831	1.78627	3.28673
0.07	-4.1	0.12197	0.24303	0.48052	0.93546	1.77558	3.25312
0.07	-4.05	0.12196	0.24292	0.47986	0.93242	1.76431	3.2181
0.07	-4.	0.12194	0.2428	0.47914	0.92917	1.75243	3.18161
0.07	-3.95	0.12193	0.24267	0.47837	0.92571	1.73992	3.14366
0.07	-3.9	0.12191	0.24253	0.47753	0.92202	1.72675	3.1042
0.07	-3.85	0.12189	0.24237	0.47664	0.91809	1.7129	3.06322
0.07	-3.8	0.12187	0.2422	0.47567	0.91392	1.69835	3.02071
0.07	-3.75	0.12185	0.24201	0.47462	0.90947	1.68308	2.97664
0.07	-3.7	0.12183	0.24181	0.4735	0.90475	1.66706	2.93101
0.07	-3.65	0.1218	0.24159	0.47229	0.89974	1.65028	2.88382
0.07	-3.6	0.12177	0.24135	0.47099	0.89442	1.6327	2.83506
0.07	-3.55	0.12173	0.24108	0.4696	0.88878	1.61431	2.78473
0.07	-3.5	0.1217	0.2408	0.4681	0.88281	1.5951	2.73285
0.07	-3.45	0.12166	0.24049	0.46648	0.87649	1.57505	2.67943
0.07	-3.4	0.12161	0.24015	0.46476	0.8698	1.55413	2.62448
0.07	-3.35	0.12156	0.23978	0.4629	0.86273	1.53233	2.56804
0.07	-3.3	0.12151	0.23938	0.46092	0.85527	1.50965	2.51014
0.07	-3.25	0.12144	0.23894	0.4588	0.8474	1.48607	2.45082
0.07	-3.2	0.12138	0.23847	0.45652	0.83911	1.46159	2.39012
0.07	-3.15	0.1213	0.23795	0.45409	0.83037	1.43619	2.32809
0.07	-3.1	0.12122	0.23739	0.4515	0.82118	1.40988	2.26481
0.07	-3.05	0.12113	0.23679	0.44873	0.81153	1.38266	2.20033
0.07	-3.	0.12103	0.23613	0.44577	0.80139	1.35453	2.13474
0.07	-2.95	0.12092	0.23542	0.44263	0.79077	1.32551	2.06812
0.07	-2.9	0.1208	0.23465	0.43927	0.77963	1.29559	2.00056
0.07	-2.85	0.12067	0.23382	0.43571	0.76799	1.2648	1.93216
0.07	-2.8	0.12052	0.23292	0.43192	0.75581	1.23315	1.86303
0.07	-2.75	0.12036	0.23195	0.42789	0.74311	1.20068	1.79329
0.07	-2.7	0.12018	0.2309	0.42362	0.72987	1.16742	1.72306
0.07	-2.65	0.11999	0.22976	0.4191	0.71608	1.13339	1.65247
0.07	-2.6	0.11978	0.22854	0.41431	0.70175	1.09864	1.58166
0.07	-2.55	0.11954	0.22723	0.40925	0.68687	1.06321	1.51077
0.07	-2.5	0.11928	0.22581	0.4039	0.67144	1.02715	1.43995
0.07	-2.45	0.119	0.22429	0.39826	0.65547	0.99053	1.36936
0.07	-2.4	0.11869	0.22265	0.39232	0.63896	0.9534	1.29915
0.07	-2.35	0.11835	0.22089	0.38606	0.62193	0.91583	1.2295
0.07	-2.3	0.11798	0.219	0.37948	0.60439	0.87789	1.16056
0.07	-2.25	0.11757	0.21698	0.37258	0.58635	0.83966	1.0925
0.07	-2.2	0.11713	0.21482	0.36535	0.56783	0.80124	1.02549
0.07	-2.15	0.11664	0.21251	0.35778	0.54885	0.76269	0.9597
0.07	-2.1	0.1161	0.21003	0.34986	0.52945	0.72413	0.89529
0.07	-2.05	0.11552	0.2074	0.34161	0.50966	0.68564	0.83243
0.07	-2.	0.11489	0.20459	0.33301	0.4895	0.64733	0.77127
0.07	-1.95	0.11419	0.20159	0.32408	0.46902	0.60931	0.71197
0.07	-1.9	0.11344	0.19841	0.3148	0.44827	0.57167	0.65466
0.07	-1.85	0.11261	0.19504	0.30519	0.42729	0.53454	0.59948
0.07	-1.8	0.11172	0.19146	0.29526	0.40613	0.49802	0.54657
0.07	-1.75	0.11075	0.18767	0.28501	0.38485	0.46222	0.49602
0.07	-1.7	0.10969	0.18367	0.27446	0.36351	0.42726	0.44795
0.07	-1.65	0.10854	0.17945	0.26363	0.34218	0.39323	0.40244
0.07	-1.6	0.1073	0.175	0.25253	0.32092	0.36026	0.35955
0.07	-1.55	0.10596	0.17033	0.24119	0.29981	0.32843	0.31933
0.07	-1.5	0.10451	0.16543	0.22963	0.27891	0.29784	0.28184
0.07	-1.45	0.10294	0.16029	0.21789	0.2583	0.2686	0.24707
0.07	-1.4	0.10125	0.15493	0.206	0.23807	0.24076	0.21503
0.07	-1.35	0.09943	0.14934	0.19399	0.21828	0.21442	0.1857
0.07	-1.3	0.09747	0.14353	0.18191	0.19902	0.18963	0.15903
0.07	-1.25	0.09537	0.13751	0.16979	0.18036	0.16645	0.13496
0.07	-1.2	0.09313	0.13128	0.15769	0.16238	0.14491	0.11342
0.07	-1.15	0.09072	0.12486	0.14566	0.14515	0.12504	0.09431
0.07	-1.1	0.08816	0.11825	0.13375	0.12875	0.10686	0.07751
0.07	-1.05	0.08543	0.11149	0.12202	0.11322	0.09035	0.0629
0.07	-1.	0.08254	0.10459	0.11053	0.09864	0.07551	0.05034
0.07	-0.95	0.07947	0.09757	0.09933	0.08505	0.0623	0.03967
0.07	-0.9	0.07622	0.09047	0.08848	0.0725	0.05067	0.03073
0.07	-0.85	0.07281	0.08331	0.07806	0.06101	0.04056	0.02335
0.07	-0.8	0.06922	0.07614	0.06811	0.0506	0.03189	0.01737
0.07	-0.75	0.06547	0.06898	0.0587	0.04129	0.02457	0.01261
0.07	-0.7	0.06155	0.06189	0.04988	0.03307	0.01849	0.0089
0.07	-0.65	0.05748	0.0549	0.0417	0.02593	0.01356	0.00609
0.07	-0.6	0.05327	0.04807	0.03421	0.01983	0.00963	0.00401
0.07	-0.55	0.04893	0.04146	0.02745	0.01473	0.0066	0.00253
0.07	-0.5	0.04447	0.03511	0.02145	0.01056	0.00433	0.00152
0.07	-0.45	0.03992	0.02908	0.01622	0.00725	0.00269	0.00085
0.07	-0.4	0.0353	0.02344	0.01179	0.00473	0.00157	0.00044
0.07	-0.35	0.03062	0.01824	0.00814	0.00288	0.00084	0.00021
0.07	-0.3	0.0259	0.01356	0.00525	0.0016	0.0004	0.00009
0.07	-0.25	0.02118	0.00946	0.00309	0.00079	0.00017	0.00003
0.07	-0.2	0.01647	0.00601	0.00158	0.00033	0.00005	0.00000
0.07	-0.15	0.0118	0.00328	0.00065	0.0001	0.00001	0.00000
0.07	-0.1	0.00725	0.00135	0.00018	0.00002	0.00000	0.00000
0.07	-0.05	0.00297	0.00027	0.00002	0.00000	0.00000	0.00000
0.07	0.00	0.	0.	0.	0.	0.	0.
0.05	-8.9	0.13648	0.27296	0.54592	1.09184	2.18359	4.3666
0.05	-8.85	0.13648	0.27296	0.54592	1.09184	2.18358	4.36653
0.05	-8.8	0.13648	0.27296	0.54592	1.09184	2.18357	4.36646
0.05	-8.75	0.13648	0.27296	0.54592	1.09183	2.18356	4.36638
0.05	-8.7	0.13648	0.27296	0.54592	1.09183	2.18354	4.36629
0.05	-8.65	0.13648	0.27296	0.54592	1.09183	2.18353	4.36619
0.05	-8.6	0.13648	0.27296	0.54592	1.09183	2.18351	4.36609
0.05	-8.55	0.13648	0.27296	0.54592	1.09183	2.18349	4.36598
0.05	-8.5	0.13648	0.27296	0.54592	1.09182	2.18348	4.36586
0.05	-8.45	0.13648	0.27296	0.54592	1.09182	2.18346	4.36572
0.05	-8.4	0.13648	0.27296	0.54592	1.09182	2.18343	4.36558
0.05	-8.35	0.13648	0.27296	0.54592	1.09181	2.18341	4.36543
0.05	-8.3	0.13648	0.27296	0.54592	1.09181	2.18338	4.36526
0.05	-8.25	0.13648	0.27296	0.54592	1.09181	2.18335	4.36508
0.05	-8.2	0.13648	0.27296	0.54592	1.0918	2.18332	4.36489
0.05	-8.15	0.13648	0.27296	0.54592	1.0918	2.18329	4.36467
0.05	-8.1	0.13648	0.27296	0.54592	1.09179	2.18325	4.36445
0.05	-8.05	0.13648	0.27296	0.54592	1.09179	2.18321	4.3642
0.05	-8.	0.13648	0.27296	0.54592	1.09178	2.18317	4.36394
0.05	-7.95	0.13648	0.27296	0.54592	1.09178	2.18312	4.36365
0.05	-7.9	0.13648	0.27296	0.54592	1.09177	2.18307	4.36334
0.05	-7.85	0.13648	0.27296	0.54592	1.09176	2.18301	4.363
0.05	-7.8	0.13648	0.27296	0.54591	1.09175	2.18295	4.36264
0.05	-7.75	0.13648	0.27296	0.54591	1.09174	2.18288	4.36225
0.05	-7.7	0.13648	0.27296	0.54591	1.09173	2.18281	4.36183
0.05	-7.65	0.13648	0.27296	0.54591	1.09172	2.18273	4.36138
0.05	-7.6	0.13648	0.27296	0.54591	1.09171	2.18265	4.36089
0.05	-7.55	0.13648	0.27296	0.54591	1.0917	2.18256	4.36036
0.05	-7.5	0.13648	0.27296	0.54591	1.09168	2.18246	4.35979
0.05	-7.45	0.13648	0.27296	0.5459	1.09166	2.18235	4.35918
0.05	-7.4	0.13648	0.27296	0.5459	1.09165	2.18223	4.35852
0.05	-7.35	0.13648	0.27296	0.5459	1.09163	2.18211	4.35781
0.05	-7.3	0.13648	0.27296	0.5459	1.09161	2.18197	4.35704
0.05	-7.25	0.13648	0.27296	0.5459	1.09158	2.18182	4.35622
0.05	-7.2	0.13648	0.27296	0.54589	1.09156	2.18166	4.35533
0.05	-7.15	0.13648	0.27296	0.54589	1.09153	2.18148	4.35438
0.05	-7.1	0.13648	0.27296	0.54589	1.0915	2.18129	4.35336
0.05	-7.05	0.13648	0.27296	0.54588	1.09147	2.18109	4.35225
0.05	-7.	0.13648	0.27296	0.54588	1.09144	2.18086	4.35107
0.05	-6.95	0.13648	0.27296	0.54587	1.0914	2.18062	4.3498
0.05	-6.9	0.13648	0.27296	0.54587	1.09136	2.18036	4.34843
0.05	-6.85	0.13648	0.27296	0.54586	1.09131	2.18008	4.34697
0.05	-6.8	0.13648	0.27296	0.54585	1.09126	2.17978	4.34539
0.05	-6.75	0.13648	0.27296	0.54585	1.09121	2.17945	4.3437
0.05	-6.7	0.13648	0.27295	0.54584	1.09115	2.17909	4.34189
0.05	-6.65	0.13648	0.27295	0.54583	1.09109	2.17871	4.33995
0.05	-6.6	0.13648	0.27295	0.54582	1.09102	2.17829	4.33787
0.05	-6.55	0.13648	0.27295	0.54581	1.09094	2.17785	4.33564
0.05	-6.5	0.13648	0.27295	0.5458	1.09086	2.17736	4.33325
0.05	-6.45	0.13648	0.27295	0.54579	1.09077	2.17684	4.33069
0.05	-6.4	0.13648	0.27295	0.54577	1.09068	2.17628	4.32795
0.05	-6.35	0.13648	0.27295	0.54576	1.09057	2.17567	4.32502
0.05	-6.3	0.13648	0.27294	0.54574	1.09046	2.17502	4.32188
0.05	-6.25	0.13648	0.27294	0.54573	1.09033	2.17431	4.31853
0.05	-6.2	0.13648	0.27294	0.54571	1.0902	2.17355	4.31495
0.05	-6.15	0.13648	0.27294	0.54569	1.09005	2.17274	4.31112
0.05	-6.1	0.13648	0.27294	0.54566	1.08989	2.17186	4.30704
0.05	-6.05	0.13648	0.27293	0.54564	1.08972	2.17091	4.30267
0.05	-6.	0.13648	0.27293	0.54561	1.08953	2.16989	4.29802
0.05	-5.95	0.13648	0.27293	0.54558	1.08933	2.16879	4.29305
0.05	-5.9	0.13648	0.27292	0.54555	1.08911	2.16762	4.28775
0.05	-5.85	0.13648	0.27292	0.54551	1.08887	2.16635	4.28211
0.05	-5.8	0.13648	0.27291	0.54547	1.08862	2.16499	4.2761
0.05	-5.75	0.13648	0.27291	0.54543	1.08834	2.16353	4.2697
0.05	-5.7	0.13648	0.2729	0.54538	1.08803	2.16196	4.26289
0.05	-5.65	0.13648	0.2729	0.54533	1.08771	2.16028	4.25564
0.05	-5.6	0.13648	0.27289	0.54528	1.08735	2.15847	4.24793
0.05	-5.55	0.13648	0.27288	0.54522	1.08697	2.15654	4.23974
0.05	-5.5	0.13647	0.27288	0.54515	1.08656	2.15446	4.23104
0.05	-5.45	0.13647	0.27287	0.54508	1.08611	2.15224	4.2218
0.05	-5.4	0.13647	0.27286	0.545	1.08562	2.14986	4.21199
0.05	-5.35	0.13647	0.27285	0.54491	1.0851	2.14731	4.20159
0.05	-5.3	0.13647	0.27283	0.54482	1.08454	2.14458	4.19056
0.05	-5.25	0.13647	0.27282	0.54471	1.08393	2.14166	4.17887
0.05	-5.2	0.13647	0.27281	0.5446	1.08327	2.13855	4.16649
0.05	-5.15	0.13647	0.27279	0.54448	1.08256	2.13522	4.15339
0.05	-5.1	0.13647	0.27277	0.54435	1.08179	2.13166	4.13953
0.05	-5.05	0.13646	0.27276	0.5442	1.08097	2.12786	4.12488
0.05	-5.	0.13646	0.27273	0.54405	1.08008	2.1238	4.10939
0.05	-4.95	0.13646	0.27271	0.54388	1.07912	2.11948	4.09304
0.05	-4.9	0.13646	0.27269	0.54369	1.07809	2.11487	4.07578
0.05	-4.85	0.13646	0.27266	0.54349	1.07698	2.10996	4.05758
0.05	-4.8	0.13645	0.27263	0.54327	1.07579	2.10474	4.03838
0.05	-4.75	0.13645	0.27259	0.54303	1.07451	2.09917	4.01817
0.05	-4.7	0.13645	0.27256	0.54277	1.07313	2.09326	3.99688
0.05	-4.65	0.13644	0.27252	0.54249	1.07164	2.08696	3.97449
0.05	-4.6	0.13644	0.27247	0.54218	1.07005	2.08028	3.95095
0.05	-4.55	0.13643	0.27242	0.54185	1.06835	2.07318	3.92621
0.05	-4.5	0.13643	0.27237	0.54149	1.06651	2.06565	3.90024
0.05	-4.45	0.13642	0.27231	0.5411	1.06455	2.05766	3.87299
0.05	-4.4	0.13642	0.27225	0.54068	1.06244	2.04919	3.84443
0.05	-4.35	0.13641	0.27218	0.54023	1.06019	2.04022	3.8145
0.05	-4.3	0.1364	0.2721	0.53973	1.05778	2.03073	3.78318
0.05	-4.25	0.13639	0.27202	0.5392	1.05519	2.02068	3.75042
0.05	-4.2	0.13638	0.27192	0.53862	1.05243	2.01006	3.71617
0.05	-4.15	0.13637	0.27182	0.53799	1.04948	1.99885	3.68042
0.05	-4.1	0.13636	0.27171	0.53731	1.04633	1.987	3.64311
0.05	-4.05	0.13634	0.27159	0.53658	1.04296	1.97451	3.60421
0.05	-4.	0.13633	0.27146	0.53579	1.03937	1.96134	3.5637
0.05	-3.95	0.13631	0.27132	0.53494	1.03554	1.94747	3.52154
0.05	-3.9	0.13629	0.27116	0.53402	1.03146	1.93287	3.47771
0.05	-3.85	0.13627	0.27099	0.53302	1.02711	1.91752	3.43219
0.05	-3.8	0.13625	0.2708	0.53195	1.02249	1.90139	3.38495
0.05	-3.75	0.13623	0.27059	0.5308	1.01757	1.88445	3.33598
0.05	-3.7	0.1362	0.27037	0.52956	1.01235	1.86668	3.28526
0.05	-3.65	0.13617	0.27013	0.52822	1.0068	1.84806	3.23279
0.05	-3.6	0.13614	0.26986	0.52679	1.00091	1.82856	3.17858
0.05	-3.55	0.1361	0.26957	0.52524	0.99466	1.80816	3.12261
0.05	-3.5	0.13606	0.26925	0.52358	0.98805	1.78683	3.0649
0.05	-3.45	0.13601	0.26891	0.5218	0.98105	1.76457	3.00547
0.05	-3.4	0.13596	0.26853	0.51989	0.97364	1.74135	2.94433
0.05	-3.35	0.13591	0.26813	0.51785	0.96581	1.71715	2.88151
0.05	-3.3	0.13585	0.26768	0.51565	0.95754	1.69196	2.81706
0.05	-3.25	0.13578	0.2672	0.5133	0.94882	1.66577	2.751
0.05	-3.2	0.13571	0.26668	0.51079	0.93962	1.63857	2.6834
0.05	-3.15	0.13562	0.26611	0.5081	0.92994	1.61035	2.61431
0.05	-3.1	0.13553	0.2655	0.50523	0.91976	1.58111	2.5438
0.05	-3.05	0.13544	0.26483	0.50217	0.90905	1.55085	2.47194
0.05	-3.	0.13533	0.2641	0.4989	0.89781	1.51958	2.39882
0.05	-2.95	0.1352	0.26332	0.49542	0.88602	1.4873	2.32453
0.05	-2.9	0.13507	0.26247	0.49171	0.87367	1.45402	2.24917
0.05	-2.85	0.13493	0.26155	0.48776	0.86075	1.41976	2.17286
0.05	-2.8	0.13476	0.26056	0.48357	0.84724	1.38455	2.09571
0.05	-2.75	0.13459	0.25948	0.47911	0.83314	1.3484	2.01785
0.05	-2.7	0.13439	0.25832	0.47438	0.81844	1.31136	1.93942
0.05	-2.65	0.13418	0.25707	0.46938	0.80313	1.27346	1.86056
0.05	-2.6	0.13394	0.25572	0.46407	0.78721	1.23475	1.78143
0.05	-2.55	0.13368	0.25427	0.45847	0.77068	1.19527	1.70218
0.05	-2.5	0.1334	0.2527	0.45254	0.75354	1.15508	1.62298
0.05	-2.45	0.13309	0.25102	0.44629	0.73579	1.11424	1.54401
0.05	-2.4	0.13275	0.24921	0.4397	0.71744	1.07282	1.46544
0.05	-2.35	0.13237	0.24727	0.43277	0.6985	1.0309	1.38745
0.05	-2.3	0.13196	0.24518	0.42548	0.67898	0.98855	1.31022
0.05	-2.25	0.13151	0.24295	0.41782	0.65891	0.94587	1.23396
0.05	-2.2	0.13102	0.24056	0.4098	0.63829	0.90294	1.15883
0.05	-2.15	0.13048	0.238	0.4014	0.61717	0.85987	1.08503
0.05	-2.1	0.12989	0.23527	0.39262	0.59556	0.81675	1.01274
0.05	-2.05	0.12925	0.23235	0.38346	0.57351	0.7737	0.94215
0.05	-2.	0.12855	0.22924	0.37392	0.55104	0.73083	0.87344
0.05	-1.95	0.12779	0.22593	0.36399	0.52821	0.68826	0.80676
0.05	-1.9	0.12695	0.22241	0.35368	0.50506	0.6461	0.7423
0.05	-1.85	0.12605	0.21867	0.34301	0.48164	0.60448	0.68019
0.05	-1.8	0.12506	0.21471	0.33196	0.45802	0.56352	0.62059
0.05	-1.75	0.12398	0.21052	0.32057	0.43425	0.52335	0.56362
0.05	-1.7	0.12282	0.20609	0.30884	0.4104	0.48409	0.50939
0.05	-1.65	0.12155	0.20141	0.29678	0.38655	0.44586	0.45801
0.05	-1.6	0.12018	0.19649	0.28443	0.36276	0.40878	0.40955
0.05	-1.55	0.1187	0.19131	0.2718	0.33912	0.37296	0.36408
0.05	-1.5	0.1171	0.18587	0.25892	0.31571	0.33852	0.32164
0.05	-1.45	0.11537	0.18018	0.24583	0.29261	0.30555	0.28225
0.05	-1.4	0.1135	0.17423	0.23256	0.26991	0.27415	0.24591
0.05	-1.35	0.11149	0.16803	0.21916	0.24769	0.24441	0.21261
0.05	-1.3	0.10933	0.16158	0.20566	0.22604	0.21639	0.1823
0.05	-1.25	0.10702	0.15489	0.19212	0.20506	0.19015	0.15491
0.05	-1.2	0.10453	0.14796	0.17859	0.18482	0.16575	0.13036
0.05	-1.15	0.10188	0.14082	0.16512	0.1654	0.14322	0.10856
0.05	-1.1	0.09905	0.13348	0.15177	0.14689	0.12256	0.08936
0.05	-1.05	0.09603	0.12595	0.13862	0.12935	0.10379	0.07264
0.05	-1.	0.09283	0.11826	0.12571	0.11285	0.08689	0.05824
0.05	-0.95	0.08943	0.11044	0.11312	0.09746	0.07181	0.04598
0.05	-0.9	0.08585	0.10252	0.10092	0.08322	0.05852	0.03569
0.05	-0.85	0.08207	0.09453	0.08917	0.07016	0.04694	0.02719
0.05	-0.8	0.0781	0.08651	0.07794	0.05831	0.03699	0.02027
0.05	-0.75	0.07394	0.0785	0.0673	0.04769	0.02857	0.01476
0.05	-0.7	0.0696	0.07055	0.05731	0.03829	0.02156	0.01045
0.05	-0.65	0.06509	0.06271	0.04803	0.03011	0.01586	0.00717
0.05	-0.6	0.06041	0.05503	0.03951	0.02309	0.01131	0.00474
0.05	-0.55	0.05559	0.04758	0.0318	0.01721	0.00778	0.003
0.05	-0.5	0.05064	0.04041	0.02493	0.01239	0.00512	0.00181
0.05	-0.45	0.04557	0.03358	0.01894	0.00855	0.0032	0.00102
0.05	-0.4	0.04041	0.02718	0.01383	0.0056	0.00188	0.00053
0.05	-0.35	0.03518	0.02126	0.00961	0.00343	0.00101	0.00025
0.05	-0.3	0.0299	0.0159	0.00624	0.00193	0.00049	0.00011
0.05	-0.25	0.02459	0.01118	0.0037	0.00096	0.0002	0.00004
0.05	-0.2	0.01927	0.00717	0.00192	0.0004	0.00007	0.00000
0.05	-0.15	0.01398	0.00398	0.00081	0.00013	0.00002	0.00000
0.05	-0.1	0.00875	0.00168	0.00023	0.00002	0.00000	0.00000
0.05	-0.05	0.00376	0.00036	0.00002	0.00000	0.00000	0.00000
0.05	0.00	0.	0.	0.	0.	0.	0.
0.03	-8.9	0.15834	0.31669	0.63338	1.26674	2.53338	5.0661
0.03	-8.85	0.15834	0.31669	0.63338	1.26674	2.53337	5.06602
0.03	-8.8	0.15834	0.31669	0.63338	1.26674	2.53336	5.06594
0.03	-8.75	0.15834	0.31669	0.63338	1.26673	2.53334	5.06584
0.03	-8.7	0.15834	0.31669	0.63337	1.26673	2.53333	5.06574
0.03	-8.65	0.15834	0.31669	0.63337	1.26673	2.53331	5.06563
0.03	-8.6	0.15834	0.31669	0.63337	1.26673	2.53329	5.06551
0.03	-8.55	0.15834	0.31669	0.63337	1.26673	2.53327	5.06539
0.03	-8.5	0.15834	0.31669	0.63337	1.26672	2.53325	5.06525
0.03	-8.45	0.15834	0.31669	0.63337	1.26672	2.53323	5.0651
0.03	-8.4	0.15834	0.31669	0.63337	1.26672	2.5332	5.06493
0.03	-8.35	0.15834	0.31669	0.63337	1.26671	2.53317	5.06476
0.03	-8.3	0.15834	0.31669	0.63337	1.26671	2.53314	5.06457
0.03	-8.25	0.15834	0.31669	0.63337	1.2667	2.53311	5.06436
0.03	-8.2	0.15834	0.31669	0.63337	1.2667	2.53308	5.06414
0.03	-8.15	0.15834	0.31669	0.63337	1.26669	2.53304	5.0639
0.03	-8.1	0.15834	0.31669	0.63337	1.26669	2.53299	5.06364
0.03	-8.05	0.15834	0.31669	0.63337	1.26668	2.53295	5.06336
0.03	-8.	0.15834	0.31669	0.63337	1.26668	2.5329	5.06305
0.03	-7.95	0.15834	0.31669	0.63337	1.26667	2.53284	5.06272
0.03	-7.9	0.15834	0.31669	0.63337	1.26666	2.53278	5.06237
0.03	-7.85	0.15834	0.31669	0.63337	1.26665	2.53272	5.06198
0.03	-7.8	0.15834	0.31669	0.63336	1.26664	2.53265	5.06157
0.03	-7.75	0.15834	0.31669	0.63336	1.26663	2.53257	5.06112
0.03	-7.7	0.15834	0.31669	0.63336	1.26662	2.53249	5.06064
0.03	-7.65	0.15834	0.31669	0.63336	1.26661	2.5324	5.06012
0.03	-7.6	0.15834	0.31669	0.63336	1.26659	2.53231	5.05956
0.03	-7.55	0.15834	0.31669	0.63336	1.26658	2.5322	5.05896
0.03	-7.5	0.15834	0.31669	0.63336	1.26656	2.53209	5.05831
0.03	-7.45	0.15834	0.31669	0.63335	1.26654	2.53196	5.05761
0.03	-7.4	0.15834	0.31669	0.63335	1.26652	2.53183	5.05685
0.03	-7.35	0.15834	0.31669	0.63335	1.2665	2.53168	5.05604
0.03	-7.3	0.15834	0.31669	0.63335	1.26648	2.53153	5.05516
0.03	-7.25	0.15834	0.31669	0.63334	1.26645	2.53136	5.05422
0.03	-7.2	0.15834	0.31669	0.63334	1.26642	2.53117	5.05321
0.03	-7.15	0.15834	0.31668	0.63334	1.26639	2.53097	5.05212
0.03	-7.1	0.15834	0.31668	0.63333	1.26636	2.53075	5.05095
0.03	-7.05	0.15834	0.31668	0.63333	1.26632	2.53052	5.04968
0.03	-7.	0.15834	0.31668	0.63332	1.26628	2.53026	5.04833
0.03	-6.95	0.15834	0.31668	0.63332	1.26624	2.52999	5.04687
0.03	-6.9	0.15834	0.31668	0.63331	1.26619	2.52969	5.04531
0.03	-6.85	0.15834	0.31668	0.6333	1.26614	2.52937	5.04363
0.03	-6.8	0.15834	0.31668	0.6333	1.26608	2.52902	5.04183
0.03	-6.75	0.15834	0.31668	0.63329	1.26602	2.52864	5.03989
0.03	-6.7	0.15834	0.31668	0.63328	1.26595	2.52824	5.03782
0.03	-6.65	0.15834	0.31668	0.63327	1.26588	2.5278	5.0356
0.03	-6.6	0.15834	0.31668	0.63326	1.2658	2.52732	5.03321
0.03	-6.55	0.15834	0.31668	0.63325	1.26572	2.52681	5.03066
0.03	-6.5	0.15834	0.31667	0.63323	1.26562	2.52626	5.02792
0.03	-6.45	0.15834	0.31667	0.63322	1.26552	2.52566	5.02499
0.03	-6.4	0.15834	0.31667	0.63321	1.26541	2.52502	5.02185
0.03	-6.35	0.15834	0.31667	0.63319	1.26529	2.52432	5.01849
0.03	-6.3	0.15834	0.31667	0.63317	1.26516	2.52358	5.0149
0.03	-6.25	0.15834	0.31667	0.63315	1.26502	2.52277	5.01106
0.03	-6.2	0.15834	0.31666	0.63313	1.26487	2.5219	5.00696
0.03	-6.15	0.15834	0.31666	0.6331	1.2647	2.52097	5.00257
0.03	-6.1	0.15834	0.31666	0.63308	1.26452	2.51996	4.99789
0.03	-6.05	0.15834	0.31666	0.63305	1.26432	2.51888	4.99289
0.03	-6.	0.15834	0.31665	0.63302	1.26411	2.51771	4.98755
0.03	-5.95	0.15834	0.31665	0.63298	1.26388	2.51645	4.98186
0.03	-5.9	0.15834	0.31664	0.63295	1.26362	2.51511	4.97579
0.03	-5.85	0.15834	0.31664	0.63291	1.26335	2.51366	4.96932
0.03	-5.8	0.15834	0.31663	0.63286	1.26306	2.5121	4.96243
0.03	-5.75	0.15834	0.31663	0.63281	1.26274	2.51043	4.95509
0.03	-5.7	0.15834	0.31662	0.63276	1.26239	2.50863	4.94728
0.03	-5.65	0.15834	0.31661	0.6327	1.26202	2.5067	4.93897
0.03	-5.6	0.15834	0.31661	0.63264	1.26161	2.50464	4.93013
0.03	-5.55	0.15834	0.3166	0.63257	1.26118	2.50242	4.92074
0.03	-5.5	0.15834	0.31659	0.63249	1.2607	2.50004	4.91075
0.03	-5.45	0.15834	0.31658	0.63241	1.26019	2.4975	4.90016
0.03	-5.4	0.15834	0.31657	0.63232	1.25964	2.49477	4.88891
0.03	-5.35	0.15833	0.31656	0.63222	1.25904	2.49185	4.87697
0.03	-5.3	0.15833	0.31654	0.63211	1.25839	2.48873	4.86432
0.03	-5.25	0.15833	0.31653	0.63199	1.2577	2.48539	4.85091
0.03	-5.2	0.15833	0.31651	0.63187	1.25694	2.48181	4.83671
0.03	-5.15	0.15833	0.31649	0.63173	1.25613	2.478	4.82167
0.03	-5.1	0.15833	0.31647	0.63158	1.25525	2.47392	4.80576
0.03	-5.05	0.15832	0.31645	0.63141	1.25431	2.46957	4.78894
0.03	-5.	0.15832	0.31643	0.63123	1.25329	2.46492	4.77116
0.03	-4.95	0.15832	0.3164	0.63104	1.2522	2.45997	4.75239
0.03	-4.9	0.15832	0.31637	0.63082	1.25102	2.45469	4.73257
0.03	-4.85	0.15831	0.31634	0.63059	1.24975	2.44906	4.71166
0.03	-4.8	0.15831	0.31631	0.63034	1.24838	2.44307	4.68962
0.03	-4.75	0.15831	0.31627	0.63007	1.24691	2.43669	4.6664
0.03	-4.7	0.1583	0.31623	0.62977	1.24534	2.4299	4.64195
0.03	-4.65	0.1583	0.31618	0.62945	1.24364	2.42269	4.61622
0.03	-4.6	0.15829	0.31613	0.6291	1.24182	2.41502	4.58917
0.03	-4.55	0.15829	0.31607	0.62872	1.23986	2.40688	4.56074
0.03	-4.5	0.15828	0.31601	0.62831	1.23777	2.39824	4.5309
0.03	-4.45	0.15828	0.31595	0.62787	1.23552	2.38907	4.49958
0.03	-4.4	0.15827	0.31587	0.62739	1.23311	2.37936	4.46674
0.03	-4.35	0.15826	0.31579	0.62686	1.23052	2.36906	4.43233
0.03	-4.3	0.15825	0.31571	0.6263	1.22776	2.35817	4.39631
0.03	-4.25	0.15824	0.31561	0.62569	1.2248	2.34664	4.35863
0.03	-4.2	0.15823	0.3155	0.62502	1.22164	2.33445	4.31924
0.03	-4.15	0.15822	0.31539	0.62431	1.21825	2.32157	4.2781
0.03	-4.1	0.1582	0.31526	0.62353	1.21464	2.30798	4.23517
0.03	-4.05	0.15819	0.31513	0.6227	1.21078	2.29363	4.19041
0.03	-4.	0.15817	0.31497	0.62179	1.20667	2.27851	4.14378
0.03	-3.95	0.15815	0.31481	0.62082	1.20228	2.26258	4.09524
0.03	-3.9	0.15813	0.31463	0.61976	1.1976	2.24581	4.04478
0.03	-3.85	0.15811	0.31443	0.61863	1.19262	2.22817	3.99235
0.03	-3.8	0.15808	0.31422	0.6174	1.18732	2.20963	3.93793
0.03	-3.75	0.15805	0.31398	0.61608	1.18168	2.19016	3.88151
0.03	-3.7	0.15802	0.31373	0.61466	1.17569	2.16974	3.82307
0.03	-3.65	0.15799	0.31345	0.61313	1.16932	2.14833	3.7626
0.03	-3.6	0.15795	0.31315	0.61149	1.16257	2.12591	3.7001
0.03	-3.55	0.15791	0.31281	0.60972	1.15541	2.10244	3.63557
0.03	-3.5	0.15786	0.31245	0.60783	1.14782	2.07792	3.56901
0.03	-3.45	0.15781	0.31206	0.60579	1.13978	2.05231	3.50045
0.03	-3.4	0.15775	0.31163	0.6036	1.13128	2.02558	3.42991
0.03	-3.35	0.15769	0.31117	0.60126	1.12229	1.99773	3.35742
0.03	-3.3	0.15762	0.31066	0.59874	1.1128	1.96874	3.28301
0.03	-3.25	0.15755	0.31011	0.59605	1.10279	1.93858	3.20674
0.03	-3.2	0.15746	0.30951	0.59318	1.09223	1.90726	3.12866
0.03	-3.15	0.15737	0.30887	0.5901	1.08111	1.87475	3.04884
0.03	-3.1	0.15726	0.30816	0.58681	1.06941	1.84107	2.96735
0.03	-3.05	0.15715	0.3074	0.5833	1.05711	1.80619	2.88428
0.03	-3.	0.15703	0.30657	0.57955	1.04419	1.77014	2.79973
0.03	-2.95	0.15689	0.30567	0.57556	1.03064	1.73292	2.7138
0.03	-2.9	0.15674	0.3047	0.57131	1.01644	1.69454	2.6266
0.03	-2.85	0.15657	0.30365	0.56679	1.00158	1.65502	2.53827
0.03	-2.8	0.15639	0.30251	0.56198	0.98605	1.61439	2.44894
0.03	-2.75	0.15618	0.30129	0.55687	0.96983	1.57267	2.35876
0.03	-2.7	0.15596	0.29996	0.55145	0.95291	1.5299	2.26788
0.03	-2.65	0.15572	0.29853	0.5457	0.93529	1.48612	2.17647
0.03	-2.6	0.15545	0.29699	0.53962	0.91696	1.44139	2.08471
0.03	-2.55	0.15515	0.29532	0.53318	0.89792	1.39576	1.99277
0.03	-2.5	0.15483	0.29353	0.52638	0.87818	1.34929	1.90086
0.03	-2.45	0.15448	0.29161	0.51921	0.85773	1.30205	1.80916
0.03	-2.4	0.15409	0.28954	0.51164	0.83658	1.25413	1.71788
0.03	-2.35	0.15366	0.28731	0.50368	0.81474	1.2056	1.62724
0.03	-2.3	0.15319	0.28493	0.4953	0.79223	1.15656	1.53744
0.03	-2.25	0.15268	0.28237	0.48651	0.76907	1.10711	1.44871
0.03	-2.2	0.15212	0.27963	0.47729	0.74528	1.05735	1.36125
0.03	-2.15	0.1515	0.2767	0.46763	0.72089	1.00739	1.27529
0.03	-2.1	0.15083	0.27357	0.45753	0.69593	0.95737	1.19105
0.03	-2.05	0.1501	0.27023	0.447	0.67044	0.90739	1.10873
0.03	-2.	0.1493	0.26667	0.43601	0.64447	0.8576	1.02854
0.03	-1.95	0.14842	0.26288	0.42459	0.61806	0.80812	0.95069
0.03	-1.9	0.14747	0.25884	0.41272	0.59127	0.75909	0.87535
0.03	-1.85	0.14644	0.25456	0.40042	0.56416	0.71066	0.80273
0.03	-1.8	0.14531	0.25002	0.3877	0.5368	0.66297	0.73297
0.03	-1.75	0.14408	0.24521	0.37456	0.50925	0.61616	0.66624
0.03	-1.7	0.14275	0.24012	0.36103	0.48159	0.57037	0.60267
0.03	-1.65	0.14131	0.23476	0.34712	0.45391	0.52576	0.54238
0.03	-1.6	0.13974	0.2291	0.33285	0.42629	0.48245	0.48547
0.03	-1.55	0.13805	0.22315	0.31826	0.39881	0.44058	0.43201
0.03	-1.5	0.13622	0.21691	0.30338	0.37158	0.40027	0.38206
0.03	-1.45	0.13424	0.21037	0.28824	0.34469	0.36166	0.33565
0.03	-1.4	0.13211	0.20353	0.27289	0.31825	0.32485	0.2928
0.03	-1.35	0.12981	0.1964	0.25736	0.29234	0.28993	0.25347
0.03	-1.3	0.12734	0.18897	0.24172	0.26707	0.25701	0.21762
0.03	-1.25	0.12469	0.18127	0.22601	0.24255	0.22614	0.18519
0.03	-1.2	0.12185	0.1733	0.2103	0.21887	0.19739	0.15609
0.03	-1.15	0.11881	0.16506	0.19465	0.19613	0.17081	0.13018
0.03	-1.1	0.11557	0.15659	0.17913	0.17442	0.14641	0.10735
0.03	-1.05	0.11212	0.1479	0.16381	0.15383	0.12419	0.08742
0.03	-1.	0.10845	0.13902	0.14876	0.13443	0.10415	0.07023
0.03	-0.95	0.10457	0.12998	0.13407	0.1163	0.08625	0.05556
0.03	-0.9	0.10046	0.12081	0.1198	0.09949	0.07043	0.04323
0.03	-0.85	0.09612	0.11155	0.10604	0.08405	0.05663	0.03301
0.03	-0.8	0.09157	0.10224	0.09287	0.07002	0.04473	0.02468
0.03	-0.75	0.0868	0.09294	0.08037	0.05741	0.03464	0.01801
0.03	-0.7	0.08181	0.08369	0.0686	0.04622	0.02623	0.0128
0.03	-0.65	0.07663	0.07456	0.05765	0.03645	0.01935	0.00881
0.03	-0.6	0.07125	0.06559	0.04756	0.02805	0.01384	0.00585
0.03	-0.55	0.0657	0.05687	0.03841	0.02098	0.00956	0.00372
0.03	-0.5	0.05999	0.04845	0.03023	0.01517	0.00633	0.00225
0.03	-0.45	0.05414	0.04043	0.02306	0.01052	0.00398	0.00128
0.03	-0.4	0.04817	0.03286	0.01693	0.00693	0.00234	0.00067
0.03	-0.35	0.04211	0.02583	0.01183	0.00428	0.00127	0.00032
0.03	-0.3	0.03597	0.01944	0.00775	0.00242	0.00062	0.00013
0.03	-0.25	0.02977	0.01378	0.00464	0.00122	0.00026	0.00005
0.03	-0.2	0.02353	0.00894	0.00244	0.00052	0.00009	0.00001
0.03	-0.15	0.01728	0.00504	0.00104	0.00017	0.00002	0.00000
0.03	-0.1	0.01104	0.00219	0.0003	0.00003	0.00000	0.00000
0.03	-0.05	0.00495	0.00049	0.00003	0.00000	0.00000	0.00000
0.03	0.00	0.	0.	0.	0.	0.	0.
0.01	-8.9	0.20536	0.41073	0.82145	1.64289	3.28566	6.57048
0.01	-8.85	0.20536	0.41073	0.82145	1.64289	3.28565	6.57038
0.01	-8.8	0.20536	0.41073	0.82145	1.64289	3.28563	6.57027
0.01	-8.75	0.20536	0.41073	0.82145	1.64289	3.28561	6.57016
0.01	-8.7	0.20536	0.41073	0.82145	1.64288	3.28559	6.57003
0.01	-8.65	0.20536	0.41073	0.82145	1.64288	3.28557	6.56989
0.01	-8.6	0.20536	0.41073	0.82145	1.64288	3.28555	6.56974
0.01	-8.55	0.20536	0.41073	0.82145	1.64288	3.28552	6.56958
0.01	-8.5	0.20536	0.41073	0.82145	1.64287	3.2855	6.5694
0.01	-8.45	0.20536	0.41073	0.82145	1.64287	3.28547	6.56921
0.01	-8.4	0.20536	0.41073	0.82145	1.64286	3.28543	6.569
0.01	-8.35	0.20536	0.41073	0.82145	1.64286	3.2854	6.56878
0.01	-8.3	0.20536	0.41073	0.82145	1.64285	3.28536	6.56854
0.01	-8.25	0.20536	0.41073	0.82145	1.64285	3.28532	6.56828
0.01	-8.2	0.20536	0.41073	0.82145	1.64284	3.28527	6.56799
0.01	-8.15	0.20536	0.41073	0.82145	1.64284	3.28522	6.56769
0.01	-8.1	0.20536	0.41073	0.82145	1.64283	3.28517	6.56736
0.01	-8.05	0.20536	0.41073	0.82145	1.64282	3.28511	6.567
0.01	-8.	0.20536	0.41073	0.82145	1.64281	3.28505	6.56661
0.01	-7.95	0.20536	0.41073	0.82144	1.6428	3.28498	6.56619
0.01	-7.9	0.20536	0.41073	0.82144	1.64279	3.28491	6.56574
0.01	-7.85	0.20536	0.41073	0.82144	1.64278	3.28482	6.56526
0.01	-7.8	0.20536	0.41073	0.82144	1.64277	3.28474	6.56473
0.01	-7.75	0.20536	0.41073	0.82144	1.64275	3.28464	6.56416
0.01	-7.7	0.20536	0.41073	0.82144	1.64274	3.28454	6.56355
0.01	-7.65	0.20536	0.41073	0.82144	1.64272	3.28442	6.56289
0.01	-7.6	0.20536	0.41073	0.82143	1.64271	3.2843	6.56218
0.01	-7.55	0.20536	0.41073	0.82143	1.64269	3.28417	6.56141
0.01	-7.5	0.20536	0.41073	0.82143	1.64266	3.28402	6.56059
0.01	-7.45	0.20536	0.41073	0.82143	1.64264	3.28386	6.5597
0.01	-7.4	0.20536	0.41073	0.82142	1.64262	3.28369	6.55874
0.01	-7.35	0.20536	0.41072	0.82142	1.64259	3.28351	6.5577
0.01	-7.3	0.20536	0.41072	0.82142	1.64256	3.28331	6.55659
0.01	-7.25	0.20536	0.41072	0.82141	1.64253	3.28309	6.55539
0.01	-7.2	0.20536	0.41072	0.82141	1.64249	3.28286	6.5541
0.01	-7.15	0.20536	0.41072	0.8214	1.64245	3.2826	6.55271
0.01	-7.1	0.20536	0.41072	0.8214	1.64241	3.28233	6.55122
0.01	-7.05	0.20536	0.41072	0.82139	1.64236	3.28203	6.54962
0.01	-7.	0.20536	0.41072	0.82139	1.64231	3.28171	6.54789
0.01	-6.95	0.20536	0.41072	0.82138	1.64226	3.28136	6.54604
0.01	-6.9	0.20536	0.41072	0.82137	1.6422	3.28098	6.54405
0.01	-6.85	0.20536	0.41072	0.82136	1.64213	3.28057	6.54192
0.01	-6.8	0.20536	0.41072	0.82135	1.64206	3.28013	6.53962
0.01	-6.75	0.20536	0.41072	0.82134	1.64198	3.27965	6.53716
0.01	-6.7	0.20536	0.41072	0.82133	1.6419	3.27913	6.53452
0.01	-6.65	0.20536	0.41072	0.82132	1.64181	3.27857	6.53169
0.01	-6.6	0.20536	0.41071	0.82131	1.6417	3.27797	6.52866
0.01	-6.55	0.20536	0.41071	0.82129	1.6416	3.27732	6.52541
0.01	-6.5	0.20536	0.41071	0.82128	1.64148	3.27662	6.52192
0.01	-6.45	0.20536	0.41071	0.82126	1.64135	3.27586	6.51819
0.01	-6.4	0.20536	0.41071	0.82124	1.64121	3.27504	6.5142
0.01	-6.35	0.20536	0.4107	0.82122	1.64106	3.27416	6.50992
0.01	-6.3	0.20536	0.4107	0.82119	1.64089	3.27321	6.50535
0.01	-6.25	0.20536	0.4107	0.82117	1.64071	3.27218	6.50046
0.01	-6.2	0.20536	0.4107	0.82114	1.64052	3.27108	6.49523
0.01	-6.15	0.20536	0.41069	0.82111	1.6403	3.26989	6.48965
0.01	-6.1	0.20536	0.41069	0.82108	1.64007	3.26861	6.48368
0.01	-6.05	0.20536	0.41069	0.82104	1.63982	3.26723	6.47731
0.01	-6.	0.20536	0.41068	0.821	1.63955	3.26575	6.47051
0.01	-5.95	0.20536	0.41068	0.82096	1.63926	3.26415	6.46326
0.01	-5.9	0.20536	0.41067	0.82091	1.63894	3.26244	6.45552
0.01	-5.85	0.20536	0.41067	0.82086	1.6386	3.2606	6.44728
0.01	-5.8	0.20536	0.41066	0.8208	1.63822	3.25861	6.43849
0.01	-5.75	0.20536	0.41065	0.82074	1.63782	3.25649	6.42914
0.01	-5.7	0.20536	0.41064	0.82067	1.63738	3.2542	6.41918
0.01	-5.65	0.20536	0.41063	0.8206	1.6369	3.25175	6.40858
0.01	-5.6	0.20536	0.41063	0.82052	1.63639	3.24912	6.39731
0.01	-5.55	0.20536	0.41061	0.82043	1.63583	3.2463	6.38533
0.01	-5.5	0.20535	0.4106	0.82033	1.63523	3.24328	6.3726
0.01	-5.45	0.20535	0.41059	0.82023	1.63458	3.24004	6.35908
0.01	-5.4	0.20535	0.41058	0.82011	1.63388	3.23656	6.34473
0.01	-5.35	0.20535	0.41056	0.81999	1.63312	3.23285	6.3295
0.01	-5.3	0.20535	0.41054	0.81985	1.6323	3.22887	6.31335
0.01	-5.25	0.20535	0.41052	0.8197	1.63141	3.22462	6.29623
0.01	-5.2	0.20535	0.4105	0.81954	1.63045	3.22007	6.2781
0.01	-5.15	0.20534	0.41048	0.81936	1.62942	3.21521	6.25891
0.01	-5.1	0.20534	0.41046	0.81917	1.62831	3.21001	6.2386
0.01	-5.05	0.20534	0.41043	0.81896	1.62711	3.20447	6.21711
0.01	-5.	0.20534	0.4104	0.81874	1.62582	3.19855	6.19441
0.01	-4.95	0.20533	0.41036	0.81849	1.62443	3.19224	6.17042
0.01	-4.9	0.20533	0.41033	0.81822	1.62293	3.18551	6.1451
0.01	-4.85	0.20533	0.41029	0.81793	1.62131	3.17833	6.11839
0.01	-4.8	0.20532	0.41024	0.81761	1.61957	3.17069	6.09022
0.01	-4.75	0.20532	0.4102	0.81726	1.61771	3.16256	6.06053
0.01	-4.7	0.20531	0.41014	0.81689	1.6157	3.15391	6.02927
0.01	-4.65	0.20531	0.41008	0.81648	1.61354	3.14471	5.99638
0.01	-4.6	0.2053	0.41002	0.81604	1.61123	3.13493	5.96178
0.01	-4.55	0.20529	0.40995	0.81556	1.60874	3.12455	5.92541
0.01	-4.5	0.20529	0.40987	0.81504	1.60607	3.11352	5.88723
0.01	-4.45	0.20528	0.40979	0.81447	1.60321	3.10183	5.84715
0.01	-4.4	0.20527	0.4097	0.81386	1.60014	3.08943	5.80511
0.01	-4.35	0.20526	0.40959	0.8132	1.59685	3.07629	5.76107
0.01	-4.3	0.20525	0.40948	0.81248	1.59333	3.06238	5.71494
0.01	-4.25	0.20523	0.40936	0.8117	1.58957	3.04766	5.66668
0.01	-4.2	0.20522	0.40923	0.81086	1.58554	3.0321	5.61622
0.01	-4.15	0.2052	0.40908	0.80995	1.58123	3.01565	5.56351
0.01	-4.1	0.20519	0.40892	0.80896	1.57663	2.99828	5.50849
0.01	-4.05	0.20517	0.40875	0.8079	1.57172	2.97995	5.45111
0.01	-4.	0.20515	0.40856	0.80675	1.56647	2.96062	5.39132
0.01	-3.95	0.20512	0.40835	0.80551	1.56088	2.94026	5.32908
0.01	-3.9	0.2051	0.40812	0.80417	1.55492	2.91882	5.26433
0.01	-3.85	0.20507	0.40787	0.80273	1.54857	2.89626	5.19706
0.01	-3.8	0.20503	0.4076	0.80118	1.54182	2.87255	5.12721
0.01	-3.75	0.205	0.4073	0.7995	1.53463	2.84765	5.05478
0.01	-3.7	0.20496	0.40698	0.7977	1.52699	2.82151	4.97972
0.01	-3.65	0.20491	0.40663	0.79575	1.51887	2.79411	4.90204
0.01	-3.6	0.20487	0.40624	0.79366	1.51025	2.7654	4.82172
0.01	-3.55	0.20481	0.40582	0.79142	1.50111	2.73536	4.73877
0.01	-3.5	0.20475	0.40536	0.789	1.49143	2.70394	4.65319
0.01	-3.45	0.20469	0.40486	0.78641	1.48117	2.67112	4.56501
0.01	-3.4	0.20462	0.40432	0.78363	1.47032	2.63688	4.47424
0.01	-3.35	0.20454	0.40373	0.78065	1.45884	2.60117	4.38092
0.01	-3.3	0.20445	0.40309	0.77745	1.44672	2.56399	4.28511
0.01	-3.25	0.20435	0.40239	0.77403	1.43392	2.52531	4.18687
0.01	-3.2	0.20425	0.40164	0.77036	1.42043	2.48511	4.08625
0.01	-3.15	0.20413	0.40081	0.76644	1.40622	2.44339	3.98335
0.01	-3.1	0.204	0.39992	0.76226	1.39126	2.40014	3.87826
0.01	-3.05	0.20386	0.39895	0.75778	1.37553	2.35535	3.77109
0.01	-3.	0.2037	0.3979	0.75301	1.359	2.30903	3.66195
0.01	-2.95	0.20352	0.39676	0.74793	1.34167	2.26118	3.55099
0.01	-2.9	0.20333	0.39553	0.74251	1.32349	2.21183	3.43834
0.01	-2.85	0.20312	0.39419	0.73674	1.30447	2.16099	3.32416
0.01	-2.8	0.20289	0.39275	0.73061	1.28457	2.10869	3.20864
0.01	-2.75	0.20263	0.39119	0.7241	1.26379	2.05498	3.09196
0.01	-2.7	0.20235	0.38951	0.71718	1.24211	1.99989	2.97431
0.01	-2.65	0.20204	0.38769	0.70985	1.21952	1.94348	2.8559
0.01	-2.6	0.2017	0.38573	0.70209	1.19601	1.88581	2.73697
0.01	-2.55	0.20133	0.38362	0.69387	1.17158	1.82695	2.61775
0.01	-2.5	0.20092	0.38134	0.68519	1.14623	1.76697	2.49848
0.01	-2.45	0.20047	0.37889	0.67603	1.11997	1.70598	2.37941
0.01	-2.4	0.19998	0.37626	0.66636	1.0928	1.64406	2.26081
0.01	-2.35	0.19944	0.37344	0.65618	1.06473	1.58132	2.14295
0.01	-2.3	0.19884	0.3704	0.64547	1.03579	1.51788	2.02611
0.01	-2.25	0.19819	0.36715	0.63423	1.00599	1.45387	1.91057
0.01	-2.2	0.19748	0.36367	0.62243	0.97536	1.38942	1.7966
0.01	-2.15	0.19671	0.35994	0.61007	0.94395	1.32468	1.68449
0.01	-2.1	0.19586	0.35595	0.59714	0.91178	1.25979	1.57452
0.01	-2.05	0.19493	0.3517	0.58364	0.87892	1.19492	1.46698
0.01	-2.	0.19391	0.34716	0.56956	0.84541	1.13023	1.36212
0.01	-1.95	0.19281	0.34233	0.55491	0.81131	1.0659	1.26021
0.01	-1.9	0.1916	0.33719	0.53969	0.77669	1.0021	1.16151
0.01	-1.85	0.19029	0.33173	0.5239	0.74164	0.93902	1.06625
0.01	-1.8	0.18886	0.32594	0.50756	0.70623	0.87684	0.97466
0.01	-1.75	0.18731	0.31981	0.49067	0.67054	0.81575	0.88694
0.01	-1.7	0.18562	0.31332	0.47327	0.63469	0.75594	0.80328
0.01	-1.65	0.18379	0.30647	0.45537	0.59878	0.69759	0.72383
0.01	-1.6	0.18181	0.29925	0.437	0.5629	0.64088	0.64873
0.01	-1.55	0.17966	0.29164	0.41819	0.52718	0.58599	0.5781
0.01	-1.5	0.17733	0.28366	0.399	0.49174	0.53309	0.51201
0.01	-1.45	0.17482	0.27529	0.37945	0.45671	0.48233	0.45051
0.01	-1.4	0.17212	0.26654	0.35961	0.4222	0.43387	0.39363
0.01	-1.35	0.1692	0.25741	0.33953	0.38836	0.38784	0.34133
0.01	-1.3	0.16607	0.24789	0.31927	0.35531	0.34437	0.29359
0.01	-1.25	0.1627	0.23801	0.29891	0.32319	0.30354	0.25032
0.01	-1.2	0.1591	0.22777	0.27852	0.29212	0.26545	0.2114
0.01	-1.15	0.15524	0.2172	0.25817	0.26223	0.23015	0.1767
0.01	-1.1	0.15112	0.2063	0.23797	0.23365	0.19769	0.14604
0.01	-1.05	0.14673	0.19512	0.21799	0.20648	0.16807	0.11922
0.01	-1.	0.14206	0.18367	0.19834	0.18084	0.14129	0.09601
0.01	-0.95	0.13711	0.172	0.17911	0.15681	0.11731	0.07617
0.01	-0.9	0.13188	0.16015	0.16041	0.13449	0.09606	0.05944
0.01	-0.85	0.12635	0.14816	0.14233	0.11393	0.07746	0.04553
0.01	-0.8	0.12055	0.13609	0.12498	0.09519	0.06139	0.03415
0.01	-0.75	0.11445	0.12401	0.10847	0.0783	0.04771	0.02503
0.01	-0.7	0.10808	0.11196	0.09288	0.06327	0.03626	0.01785
0.01	-0.65	0.10145	0.10004	0.07832	0.05008	0.02686	0.01235
0.01	-0.6	0.09456	0.08831	0.06488	0.03871	0.01931	0.00824
0.01	-0.55	0.08744	0.07685	0.05262	0.0291	0.0134	0.00527
0.01	-0.5	0.0801	0.06576	0.04162	0.02115	0.00892	0.0032
0.01	-0.45	0.07257	0.05514	0.03193	0.01476	0.00564	0.00183
0.01	-0.4	0.06487	0.04507	0.02359	0.00979	0.00335	0.00097
0.01	-0.35	0.05701	0.03568	0.01661	0.00609	0.00184	0.00047
0.01	-0.3	0.04902	0.02707	0.01098	0.00348	0.00091	0.0002
0.01	-0.25	0.04091	0.01938	0.00665	0.00178	0.00039	0.00007
0.01	-0.2	0.0327	0.01274	0.00355	0.00076	0.00013	0.00002
0.01	-0.15	0.02437	0.00731	0.00155	0.00025	0.00003	0.00000
0.01	-0.1	0.01595	0.00327	0.00047	0.00005	0.00000	0.00000
0.01	-0.05	0.00752	0.00078	0.00006	0.00000	0.00000	0.00000
0.01	0.00	0.	0.	0.	0.	0.	0.
