mPhi[GeV]	Log[10,x]	n=1	n=2	n=3	n=4	n=5	n=6
10	-8.9	0.00000	0.00000	0.00001	0.0001	0.00069	0.00396
10	-8.85	0.00000	0.00000	0.00001	0.00011	0.00075	0.00426
10	-8.8	0.00000	0.00000	0.00001	0.00012	0.00081	0.00459
10	-8.75	0.00000	0.00000	0.00002	0.00013	0.00088	0.00495
10	-8.7	0.00000	0.00000	0.00002	0.00014	0.00095	0.00533
10	-8.65	0.00000	0.00000	0.00002	0.00016	0.00103	0.00574
10	-8.6	0.00000	0.00000	0.00002	0.00017	0.00112	0.00618
10	-8.55	0.00000	0.00000	0.00002	0.00019	0.00121	0.00665
10	-8.5	0.00000	0.00000	0.00002	0.0002	0.00131	0.00715
10	-8.45	0.00000	0.00000	0.00003	0.00022	0.00142	0.00769
10	-8.4	0.00000	0.00000	0.00003	0.00024	0.00153	0.00827
10	-8.35	0.00000	0.00000	0.00003	0.00026	0.00166	0.00889
10	-8.3	0.00000	0.00000	0.00004	0.00029	0.0018	0.00955
10	-8.25	0.00000	0.00000	0.00004	0.00031	0.00194	0.01026
10	-8.2	0.00000	0.00000	0.00004	0.00034	0.0021	0.01102
10	-8.15	0.00000	0.00000	0.00005	0.00037	0.00227	0.01183
10	-8.1	0.00000	0.00000	0.00005	0.0004	0.00245	0.01269
10	-8.05	0.00000	0.00000	0.00006	0.00044	0.00265	0.01362
10	-8.	0.00000	0.00000	0.00006	0.00048	0.00286	0.01461
10	-7.95	0.00000	0.00000	0.00007	0.00052	0.00309	0.01567
10	-7.9	0.00000	0.00000	0.00008	0.00056	0.00333	0.01679
10	-7.85	0.00000	0.00000	0.00008	0.00061	0.0036	0.018
10	-7.8	0.00000	0.00000	0.00009	0.00067	0.00388	0.01928
10	-7.75	0.00000	0.00001	0.0001	0.00072	0.00418	0.02065
10	-7.7	0.00000	0.00001	0.00011	0.00079	0.00451	0.0221
10	-7.65	0.00000	0.00001	0.00012	0.00085	0.00486	0.02366
10	-7.6	0.00000	0.00001	0.00013	0.00093	0.00524	0.02531
10	-7.55	0.00000	0.00002	0.00015	0.001	0.00564	0.02707
10	-7.5	0.00000	0.00002	0.00016	0.00109	0.00607	0.02894
10	-7.45	0.00000	0.00002	0.00017	0.00118	0.00654	0.03093
10	-7.4	0.00000	0.00002	0.00019	0.00128	0.00703	0.03305
10	-7.35	0.00000	0.00002	0.00021	0.00139	0.00757	0.0353
10	-7.3	0.00000	0.00003	0.00023	0.00151	0.00814	0.03769
10	-7.25	0.00000	0.00003	0.00025	0.00163	0.00875	0.04022
10	-7.2	0.00000	0.00003	0.00027	0.00177	0.0094	0.04292
10	-7.15	0.00000	0.00003	0.0003	0.00191	0.0101	0.04577
10	-7.1	0.00000	0.00004	0.00033	0.00207	0.01084	0.0488
10	-7.05	0.00000	0.00004	0.00036	0.00224	0.01164	0.05201
10	-7.	0.00000	0.00005	0.00039	0.00242	0.01249	0.0554
10	-6.95	0.00000	0.00005	0.00042	0.00262	0.0134	0.059
10	-6.9	0.00000	0.00006	0.00046	0.00283	0.01437	0.06281
10	-6.85	0.00000	0.00006	0.0005	0.00306	0.0154	0.06683
10	-6.8	0.00000	0.00007	0.00055	0.0033	0.01651	0.07109
10	-6.75	0.00000	0.00008	0.0006	0.00356	0.01768	0.07559
10	-6.7	0.00000	0.00008	0.00065	0.00385	0.01894	0.08034
10	-6.65	0.00000	0.00009	0.00071	0.00415	0.02027	0.08535
10	-6.6	0.00000	0.0001	0.00077	0.00448	0.02169	0.09064
10	-6.55	0.00000	0.00011	0.00084	0.00483	0.0232	0.09621
10	-6.5	0.00001	0.00012	0.00091	0.0052	0.0248	0.10209
10	-6.45	0.00001	0.00014	0.00099	0.0056	0.02651	0.10827
10	-6.4	0.00001	0.00015	0.00108	0.00604	0.02833	0.11478
10	-6.35	0.00001	0.00017	0.00117	0.0065	0.03025	0.12163
10	-6.3	0.00002	0.00018	0.00127	0.00699	0.03229	0.12883
10	-6.25	0.00002	0.0002	0.00138	0.00752	0.03446	0.13639
10	-6.2	0.00002	0.00022	0.0015	0.00809	0.03676	0.14432
10	-6.15	0.00002	0.00024	0.00162	0.00869	0.0392	0.15265
10	-6.1	0.00003	0.00026	0.00176	0.00934	0.04178	0.16138
10	-6.05	0.00003	0.00029	0.00191	0.01003	0.04451	0.17053
10	-6.	0.00003	0.00032	0.00207	0.01077	0.0474	0.1801
10	-5.95	0.00004	0.00035	0.00224	0.01156	0.05045	0.19011
10	-5.9	0.00004	0.00038	0.00242	0.0124	0.05368	0.20058
10	-5.85	0.00005	0.00042	0.00262	0.0133	0.05709	0.21152
10	-5.8	0.00005	0.00046	0.00283	0.01426	0.06069	0.22293
10	-5.75	0.00006	0.0005	0.00306	0.01528	0.06449	0.23482
10	-5.7	0.00006	0.00055	0.00331	0.01636	0.06849	0.24722
10	-5.65	0.00007	0.0006	0.00357	0.01752	0.07271	0.26012
10	-5.6	0.00008	0.00065	0.00386	0.01875	0.07715	0.27354
10	-5.55	0.00009	0.00071	0.00416	0.02006	0.08182	0.28748
10	-5.5	0.0001	0.00077	0.00449	0.02145	0.08674	0.30195
10	-5.45	0.00011	0.00084	0.00484	0.02293	0.0919	0.31695
10	-5.4	0.00012	0.00092	0.00521	0.0245	0.09731	0.33249
10	-5.35	0.00013	0.001	0.00561	0.02617	0.103	0.34856
10	-5.3	0.00015	0.00109	0.00605	0.02794	0.10895	0.36517
10	-5.25	0.00017	0.00118	0.00651	0.02981	0.11519	0.38232
10	-5.2	0.00018	0.00128	0.007	0.0318	0.12171	0.4
10	-5.15	0.0002	0.00139	0.00753	0.03391	0.12853	0.4182
10	-5.1	0.00022	0.00151	0.00809	0.03614	0.13566	0.43692
10	-5.05	0.00025	0.00163	0.0087	0.03849	0.14309	0.45614
10	-5.	0.00027	0.00177	0.00934	0.04099	0.15083	0.47585
10	-4.95	0.0003	0.00192	0.01003	0.04362	0.15889	0.49602
10	-4.9	0.00033	0.00207	0.01077	0.0464	0.16728	0.51665
10	-4.85	0.00036	0.00224	0.01156	0.04934	0.17598	0.5377
10	-4.8	0.0004	0.00242	0.0124	0.05243	0.18502	0.55914
10	-4.75	0.00043	0.00262	0.0133	0.05569	0.19438	0.58095
10	-4.7	0.00047	0.00283	0.01425	0.05912	0.20406	0.60309
10	-4.65	0.00052	0.00305	0.01528	0.06272	0.21406	0.62552
10	-4.6	0.00056	0.00329	0.01637	0.06651	0.22438	0.64819
10	-4.55	0.00061	0.00355	0.01753	0.07048	0.23501	0.67107
10	-4.5	0.00067	0.00382	0.01877	0.07465	0.24594	0.69409
10	-4.45	0.00072	0.00412	0.02009	0.07901	0.25716	0.71721
10	-4.4	0.00078	0.00444	0.02149	0.08357	0.26865	0.74037
10	-4.35	0.00084	0.00478	0.02299	0.08833	0.28041	0.7635
10	-4.3	0.0009	0.00516	0.02458	0.0933	0.29241	0.78654
10	-4.25	0.00097	0.00555	0.02627	0.09847	0.30464	0.80943
10	-4.2	0.00104	0.00599	0.02807	0.10384	0.31707	0.83208
10	-4.15	0.00112	0.00645	0.02997	0.10942	0.32967	0.85443
10	-4.1	0.0012	0.00696	0.03199	0.1152	0.34241	0.87639
10	-4.05	0.00129	0.0075	0.03413	0.12118	0.35528	0.8979
10	-4.	0.00138	0.00809	0.03639	0.12735	0.36822	0.91886
10	-3.95	0.00148	0.00873	0.03878	0.1337	0.38121	0.93919
10	-3.9	0.0016	0.00942	0.04129	0.14022	0.39421	0.95882
10	-3.85	0.00172	0.01016	0.04394	0.14692	0.40717	0.97766
10	-3.8	0.00185	0.01097	0.04672	0.15376	0.42006	0.99561
10	-3.75	0.00199	0.01184	0.04964	0.16074	0.43282	1.01261
10	-3.7	0.00215	0.01278	0.05269	0.16784	0.44541	1.02857
10	-3.65	0.00233	0.01379	0.05587	0.17505	0.45779	1.04341
10	-3.6	0.00253	0.01488	0.05919	0.18234	0.46989	1.05705
10	-3.55	0.00276	0.01605	0.06264	0.18969	0.48168	1.06942
10	-3.5	0.00301	0.0173	0.06621	0.19708	0.4931	1.08044
10	-3.45	0.0033	0.01864	0.0699	0.20448	0.50409	1.09004
10	-3.4	0.00363	0.02007	0.07369	0.21187	0.51461	1.09818
10	-3.35	0.00399	0.02159	0.0776	0.21921	0.52461	1.10477
10	-3.3	0.0044	0.0232	0.08159	0.22648	0.53403	1.10978
10	-3.25	0.00486	0.02491	0.08567	0.23365	0.54282	1.11316
10	-3.2	0.00536	0.0267	0.08982	0.24069	0.55094	1.11486
10	-3.15	0.00591	0.02859	0.09402	0.24755	0.55835	1.11485
10	-3.1	0.00652	0.03056	0.09827	0.25422	0.56499	1.11311
10	-3.05	0.00719	0.03262	0.10254	0.26066	0.57083	1.1096
10	-3.	0.00791	0.03476	0.10681	0.26684	0.57583	1.10433
10	-2.95	0.0087	0.03697	0.11108	0.27272	0.57995	1.09728
10	-2.9	0.00955	0.03925	0.11531	0.27828	0.58317	1.08846
10	-2.85	0.01047	0.0416	0.11949	0.28348	0.58546	1.07787
10	-2.8	0.01146	0.044	0.1236	0.28829	0.58679	1.06552
10	-2.75	0.01251	0.04645	0.12762	0.29269	0.58714	1.05146
10	-2.7	0.01363	0.04892	0.13153	0.29666	0.58651	1.03569
10	-2.65	0.01481	0.05142	0.1353	0.30016	0.58487	1.01826
10	-2.6	0.01605	0.05393	0.13891	0.30319	0.58222	0.99922
10	-2.55	0.01734	0.05643	0.14236	0.30571	0.57857	0.97862
10	-2.5	0.01868	0.05892	0.14561	0.30771	0.5739	0.9565
10	-2.45	0.02007	0.06137	0.14865	0.30919	0.56823	0.93295
10	-2.4	0.02149	0.06378	0.15146	0.31012	0.56156	0.90801
10	-2.35	0.02295	0.06613	0.15403	0.31051	0.55391	0.88178
10	-2.3	0.02443	0.06841	0.15635	0.31033	0.5453	0.85433
10	-2.25	0.02593	0.0706	0.15839	0.3096	0.53573	0.82575
10	-2.2	0.02744	0.07268	0.16016	0.3083	0.52524	0.79613
10	-2.15	0.02895	0.07466	0.16165	0.30644	0.51385	0.76557
10	-2.1	0.03043	0.0765	0.16285	0.30402	0.50158	0.73417
10	-2.05	0.03188	0.07821	0.16376	0.30104	0.48848	0.70204
10	-2.	0.03328	0.07977	0.16437	0.29751	0.47456	0.6693
10	-1.95	0.03462	0.08119	0.16469	0.29342	0.45987	0.63606
10	-1.9	0.03588	0.08246	0.16472	0.2888	0.44446	0.60245
10	-1.85	0.03707	0.08359	0.16445	0.28363	0.42835	0.56859
10	-1.8	0.03819	0.08457	0.16389	0.27793	0.41161	0.53463
10	-1.75	0.03923	0.0854	0.16304	0.2717	0.39428	0.5007
10	-1.7	0.04017	0.08609	0.1619	0.26495	0.37643	0.46694
10	-1.65	0.04104	0.08664	0.16046	0.25769	0.3581	0.43349
10	-1.6	0.04182	0.08705	0.15873	0.24993	0.33937	0.40051
10	-1.55	0.04251	0.08733	0.1567	0.24168	0.32032	0.36814
10	-1.5	0.04312	0.08748	0.15436	0.23296	0.30102	0.33652
10	-1.45	0.04368	0.08751	0.15172	0.22377	0.28156	0.3058
10	-1.4	0.04418	0.08741	0.14876	0.21415	0.26202	0.27611
10	-1.35	0.04462	0.08719	0.14548	0.20412	0.2425	0.2476
10	-1.3	0.04501	0.08683	0.14187	0.1937	0.22311	0.22039
10	-1.25	0.04536	0.08634	0.13792	0.18293	0.20395	0.1946
10	-1.2	0.04568	0.0857	0.13362	0.17186	0.18513	0.17033
10	-1.15	0.04596	0.08492	0.12897	0.16053	0.16675	0.14767
10	-1.1	0.04621	0.08397	0.12396	0.149	0.14894	0.12669
10	-1.05	0.04644	0.08285	0.1186	0.13733	0.13181	0.10746
10	-1.	0.04668	0.08153	0.11287	0.12558	0.11545	0.09001
10	-0.95	0.04689	0.08	0.10679	0.11385	0.09998	0.07435
10	-0.9	0.04709	0.07823	0.10037	0.10222	0.0855	0.06046
10	-0.85	0.04727	0.0762	0.09363	0.09078	0.07208	0.04833
10	-0.8	0.04742	0.07388	0.0866	0.07963	0.05981	0.03788
10	-0.75	0.04753	0.07124	0.07931	0.06887	0.04873	0.02905
10	-0.7	0.04755	0.06826	0.07182	0.05862	0.03889	0.02172
10	-0.65	0.04749	0.06492	0.06418	0.04897	0.03031	0.01578
10	-0.6	0.04732	0.0612	0.05648	0.04002	0.02297	0.01108
10	-0.55	0.04703	0.05708	0.04878	0.03187	0.01684	0.00748
10	-0.5	0.04658	0.05255	0.0412	0.02461	0.01188	0.00482
10	-0.45	0.04596	0.04759	0.03386	0.0183	0.00799	0.00294
10	-0.4	0.04508	0.04221	0.02689	0.01299	0.00507	0.00167
10	-0.35	0.04385	0.03642	0.02042	0.00868	0.00299	0.00087
10	-0.3	0.04211	0.03028	0.01464	0.00537	0.0016	0.0004
10	-0.25	0.03964	0.02388	0.00968	0.00299	0.00075	0.00016
10	-0.2	0.03607	0.01742	0.0057	0.00143	0.00029	0.00005
10	-0.15	0.03087	0.01122	0.00279	0.00054	0.00009	0.00001
10	-0.1	0.02344	0.00577	0.00099	0.00013	0.00002	0.00000
10	-0.05	0.01336	0.00175	0.00017	0.00001	0.00000	0.00000
10	0.00	0.00069	0.00001	0.00000	0.00000	0.00000	0.00000
20	-8.9	0.00000	0.00000	0.00003	0.00023	0.0015	0.00827
20	-8.85	0.00000	0.00000	0.00003	0.00025	0.00163	0.0089
20	-8.8	0.00000	0.00000	0.00003	0.00027	0.00176	0.00957
20	-8.75	0.00000	0.00000	0.00004	0.0003	0.00191	0.01029
20	-8.7	0.00000	0.00000	0.00004	0.00033	0.00207	0.01106
20	-8.65	0.00000	0.00000	0.00004	0.00035	0.00224	0.01188
20	-8.6	0.00000	0.00000	0.00005	0.00039	0.00242	0.01276
20	-8.55	0.00000	0.00000	0.00005	0.00042	0.00262	0.01371
20	-8.5	0.00000	0.00000	0.00006	0.00046	0.00283	0.01472
20	-8.45	0.00000	0.00000	0.00007	0.0005	0.00306	0.01579
20	-8.4	0.00000	0.00000	0.00007	0.00054	0.0033	0.01694
20	-8.35	0.00000	0.00000	0.00008	0.00059	0.00357	0.01817
20	-8.3	0.00000	0.00000	0.00009	0.00064	0.00385	0.01949
20	-8.25	0.00000	0.00000	0.00009	0.0007	0.00416	0.02089
20	-8.2	0.00000	0.00001	0.0001	0.00076	0.00448	0.02238
20	-8.15	0.00000	0.00001	0.00011	0.00083	0.00484	0.02397
20	-8.1	0.00000	0.00001	0.00012	0.0009	0.00522	0.02567
20	-8.05	0.00000	0.00001	0.00014	0.00098	0.00562	0.02748
20	-8.	0.00000	0.00002	0.00015	0.00106	0.00606	0.0294
20	-7.95	0.00000	0.00002	0.00016	0.00115	0.00653	0.03145
20	-7.9	0.00000	0.00002	0.00018	0.00125	0.00703	0.03363
20	-7.85	0.00000	0.00002	0.0002	0.00136	0.00757	0.03595
20	-7.8	0.00000	0.00002	0.00022	0.00147	0.00815	0.03842
20	-7.75	0.00000	0.00003	0.00024	0.0016	0.00877	0.04104
20	-7.7	0.00000	0.00003	0.00026	0.00173	0.00944	0.04382
20	-7.65	0.00000	0.00003	0.00028	0.00188	0.01015	0.04678
20	-7.6	0.00000	0.00003	0.00031	0.00204	0.01091	0.04992
20	-7.55	0.00000	0.00004	0.00034	0.0022	0.01172	0.05324
20	-7.5	0.00000	0.00004	0.00037	0.00239	0.01259	0.05677
20	-7.45	0.00000	0.00005	0.0004	0.00258	0.01352	0.06051
20	-7.4	0.00000	0.00005	0.00044	0.0028	0.01451	0.06446
20	-7.35	0.00000	0.00006	0.00048	0.00303	0.01557	0.06866
20	-7.3	0.00000	0.00006	0.00053	0.00327	0.0167	0.07309
20	-7.25	0.00000	0.00007	0.00057	0.00354	0.01791	0.07778
20	-7.2	0.00000	0.00008	0.00063	0.00382	0.0192	0.08274
20	-7.15	0.00000	0.00008	0.00068	0.00413	0.02057	0.08798
20	-7.1	0.00000	0.00009	0.00074	0.00446	0.02203	0.09351
20	-7.05	0.00000	0.0001	0.00081	0.00481	0.02358	0.09934
20	-7.	0.00000	0.00011	0.00088	0.00519	0.02524	0.1055
20	-6.95	0.00000	0.00013	0.00096	0.0056	0.027	0.11199
20	-6.9	0.00001	0.00014	0.00105	0.00604	0.02887	0.11883
20	-6.85	0.00001	0.00015	0.00114	0.00651	0.03086	0.12603
20	-6.8	0.00001	0.00017	0.00124	0.00702	0.03297	0.13361
20	-6.75	0.00002	0.00018	0.00135	0.00756	0.03522	0.14158
20	-6.7	0.00002	0.0002	0.00147	0.00814	0.0376	0.14995
20	-6.65	0.00002	0.00022	0.00159	0.00876	0.04012	0.15875
20	-6.6	0.00002	0.00025	0.00173	0.00942	0.0428	0.16799
20	-6.55	0.00002	0.00027	0.00188	0.01013	0.04563	0.17768
20	-6.5	0.00003	0.0003	0.00204	0.01089	0.04863	0.18784
20	-6.45	0.00003	0.00033	0.00221	0.0117	0.05181	0.19848
20	-6.4	0.00003	0.00036	0.0024	0.01256	0.05517	0.20962
20	-6.35	0.00004	0.00039	0.0026	0.01348	0.05872	0.22128
20	-6.3	0.00004	0.00043	0.00281	0.01447	0.06247	0.23346
20	-6.25	0.00005	0.00047	0.00305	0.01552	0.06643	0.2462
20	-6.2	0.00005	0.00052	0.0033	0.01664	0.07061	0.25948
20	-6.15	0.00006	0.00057	0.00357	0.01783	0.07501	0.27334
20	-6.1	0.00007	0.00062	0.00386	0.0191	0.07965	0.28779
20	-6.05	0.00007	0.00068	0.00417	0.02045	0.08454	0.30283
20	-6.	0.00008	0.00074	0.00451	0.02188	0.08968	0.31848
20	-5.95	0.00009	0.00081	0.00487	0.02341	0.09509	0.33475
20	-5.9	0.0001	0.00089	0.00525	0.02503	0.10078	0.35165
20	-5.85	0.00011	0.00097	0.00567	0.02675	0.10675	0.36918
20	-5.8	0.00013	0.00106	0.00611	0.02857	0.11301	0.38736
20	-5.75	0.00014	0.00115	0.00659	0.03051	0.11958	0.40618
20	-5.7	0.00016	0.00126	0.0071	0.03256	0.12647	0.42565
20	-5.65	0.00017	0.00137	0.00764	0.03473	0.13367	0.44578
20	-5.6	0.00019	0.00149	0.00823	0.03703	0.14121	0.46655
20	-5.55	0.00022	0.00162	0.00885	0.03946	0.1491	0.48798
20	-5.5	0.00024	0.00177	0.00952	0.04203	0.15733	0.51004
20	-5.45	0.00027	0.00192	0.01023	0.04475	0.16592	0.53274
20	-5.4	0.0003	0.00209	0.01099	0.04762	0.17487	0.55606
20	-5.35	0.00033	0.00227	0.0118	0.05064	0.1842	0.57998
20	-5.3	0.00036	0.00246	0.01266	0.05383	0.19391	0.6045
20	-5.25	0.0004	0.00267	0.01358	0.0572	0.20399	0.62958
20	-5.2	0.00044	0.00289	0.01456	0.06074	0.21447	0.65521
20	-5.15	0.00049	0.00313	0.0156	0.06446	0.22533	0.68135
20	-5.1	0.00054	0.00338	0.01671	0.06838	0.23658	0.70797
20	-5.05	0.00059	0.00366	0.01789	0.07249	0.24823	0.73504
20	-5.	0.00065	0.00395	0.01915	0.07682	0.26026	0.76251
20	-4.95	0.00071	0.00427	0.02048	0.08135	0.27267	0.79033
20	-4.9	0.00078	0.00461	0.02189	0.08609	0.28547	0.81846
20	-4.85	0.00086	0.00497	0.0234	0.09107	0.29864	0.84685
20	-4.8	0.00094	0.00536	0.02499	0.09626	0.31217	0.87542
20	-4.75	0.00102	0.00577	0.02668	0.1017	0.32605	0.90413
20	-4.7	0.00112	0.00621	0.02847	0.10737	0.34026	0.93289
20	-4.65	0.00122	0.00669	0.03037	0.11328	0.3548	0.96164
20	-4.6	0.00132	0.00719	0.03238	0.11943	0.36963	0.9903
20	-4.55	0.00144	0.00773	0.03451	0.12582	0.38473	1.01878
20	-4.5	0.00156	0.00831	0.03676	0.13247	0.40007	1.04701
20	-4.45	0.00169	0.00893	0.03914	0.13935	0.41564	1.07489
20	-4.4	0.00182	0.00959	0.04165	0.14648	0.43138	1.10233
20	-4.35	0.00197	0.0103	0.0443	0.15385	0.44728	1.12924
20	-4.3	0.00212	0.01105	0.0471	0.16145	0.46327	1.15551
20	-4.25	0.00228	0.01187	0.05005	0.16927	0.47933	1.18106
20	-4.2	0.00245	0.01274	0.05315	0.17731	0.49541	1.20579
20	-4.15	0.00263	0.01367	0.05641	0.18555	0.51145	1.22959
20	-4.1	0.00282	0.01467	0.05983	0.19398	0.52741	1.25236
20	-4.05	0.00302	0.01575	0.06341	0.20258	0.54323	1.274
20	-4.	0.00324	0.01691	0.06716	0.21133	0.55884	1.29443
20	-3.95	0.00348	0.01815	0.07107	0.22021	0.57421	1.31354
20	-3.9	0.00374	0.01948	0.07515	0.2292	0.58925	1.33125
20	-3.85	0.00403	0.02091	0.07938	0.23826	0.60392	1.34746
20	-3.8	0.00435	0.02244	0.08377	0.24738	0.61814	1.3621
20	-3.75	0.00471	0.02407	0.08831	0.25651	0.63186	1.37509
20	-3.7	0.00509	0.02582	0.09299	0.26563	0.64501	1.38636
20	-3.65	0.00552	0.02767	0.09781	0.2747	0.65753	1.39584
20	-3.6	0.006	0.02964	0.10274	0.28368	0.66937	1.40347
20	-3.55	0.00653	0.03173	0.10778	0.29254	0.68045	1.40921
20	-3.5	0.00712	0.03393	0.11291	0.30123	0.69074	1.41302
20	-3.45	0.00778	0.03625	0.11811	0.30971	0.70016	1.41486
20	-3.4	0.00851	0.03869	0.12336	0.31795	0.70868	1.41471
20	-3.35	0.00931	0.04124	0.12864	0.32589	0.71625	1.41255
20	-3.3	0.01019	0.04389	0.13393	0.33351	0.72283	1.40838
20	-3.25	0.01115	0.04664	0.1392	0.34077	0.72837	1.40219
20	-3.2	0.0122	0.04949	0.14443	0.34761	0.73286	1.394
20	-3.15	0.01333	0.05241	0.1496	0.35402	0.73626	1.38382
20	-3.1	0.01456	0.0554	0.15466	0.35995	0.73856	1.37169
20	-3.05	0.01586	0.05845	0.15961	0.36537	0.73973	1.35764
20	-3.	0.01725	0.06154	0.1644	0.37025	0.73977	1.34171
20	-2.95	0.01872	0.06466	0.16902	0.37457	0.73869	1.32394
20	-2.9	0.02026	0.06779	0.17344	0.37831	0.73647	1.30439
20	-2.85	0.02188	0.07091	0.17763	0.38144	0.73312	1.28313
20	-2.8	0.02356	0.07401	0.18156	0.38396	0.72867	1.26022
20	-2.75	0.02531	0.07707	0.18522	0.38585	0.72312	1.23571
20	-2.7	0.02712	0.08007	0.18857	0.3871	0.7165	1.2097
20	-2.65	0.02898	0.08298	0.19161	0.38771	0.70884	1.18225
20	-2.6	0.03088	0.08579	0.19432	0.38769	0.70016	1.15345
20	-2.55	0.0328	0.08847	0.19668	0.38703	0.69049	1.12336
20	-2.5	0.03473	0.09101	0.19869	0.38576	0.67988	1.09208
20	-2.45	0.03664	0.09338	0.20034	0.38388	0.66834	1.05969
20	-2.4	0.03852	0.09558	0.20162	0.3814	0.65593	1.02628
20	-2.35	0.04036	0.09758	0.20254	0.37834	0.64267	0.99192
20	-2.3	0.04215	0.09939	0.2031	0.37473	0.6286	0.95672
20	-2.25	0.04385	0.10099	0.20331	0.37057	0.61377	0.92076
20	-2.2	0.04546	0.10237	0.20318	0.36589	0.5982	0.88413
20	-2.15	0.04697	0.10353	0.20272	0.36071	0.58194	0.84693
20	-2.1	0.04836	0.10449	0.20194	0.35505	0.56501	0.80926
20	-2.05	0.04963	0.10523	0.20084	0.34892	0.54746	0.7712
20	-2.	0.05079	0.10576	0.19946	0.34234	0.52932	0.73288
20	-1.95	0.0518	0.10608	0.1978	0.33532	0.51063	0.6944
20	-1.9	0.05265	0.10621	0.19589	0.32789	0.49143	0.65586
20	-1.85	0.05337	0.10617	0.19372	0.32005	0.47176	0.61738
20	-1.8	0.05395	0.10596	0.19132	0.31181	0.45165	0.57909
20	-1.75	0.05439	0.1056	0.18869	0.30318	0.43115	0.54111
20	-1.7	0.0547	0.1051	0.18584	0.29416	0.41031	0.50355
20	-1.65	0.05487	0.10448	0.18279	0.28477	0.38918	0.46657
20	-1.6	0.05493	0.10375	0.17953	0.275	0.36782	0.43028
20	-1.55	0.05489	0.10293	0.17606	0.26486	0.34629	0.39482
20	-1.5	0.05476	0.10203	0.17237	0.25436	0.32467	0.36034
20	-1.45	0.05456	0.10106	0.16846	0.24351	0.30302	0.32696
20	-1.4	0.05431	0.10003	0.16432	0.23232	0.28142	0.29482
20	-1.35	0.05402	0.09893	0.15994	0.2208	0.25998	0.26404
20	-1.3	0.05373	0.09778	0.1553	0.20898	0.23878	0.23474
20	-1.25	0.05345	0.09655	0.15038	0.19689	0.21793	0.20704
20	-1.2	0.05318	0.09524	0.14517	0.18456	0.19752	0.18103
20	-1.15	0.05295	0.09383	0.13966	0.17204	0.17767	0.1568
20	-1.1	0.05275	0.09231	0.13383	0.15937	0.15849	0.13441
20	-1.05	0.05258	0.09064	0.12768	0.14663	0.14009	0.11391
20	-1.	0.05241	0.08882	0.12121	0.13387	0.12258	0.09534
20	-0.95	0.05228	0.08681	0.11441	0.12119	0.10605	0.07869
20	-0.9	0.05216	0.08458	0.1073	0.10866	0.0906	0.06396
20	-0.85	0.05207	0.08211	0.09989	0.09637	0.07632	0.05109
20	-0.8	0.05196	0.07936	0.09222	0.08444	0.06328	0.04003
20	-0.75	0.0518	0.0763	0.08432	0.07296	0.05152	0.03068
20	-0.7	0.05158	0.07292	0.07624	0.06203	0.0411	0.02293
20	-0.65	0.05128	0.06919	0.06804	0.05178	0.03201	0.01665
20	-0.6	0.05089	0.06509	0.05979	0.04229	0.02425	0.0117
20	-0.55	0.05039	0.06059	0.05159	0.03366	0.01778	0.0079
20	-0.5	0.04975	0.05568	0.04354	0.02598	0.01253	0.00509
20	-0.45	0.04892	0.05035	0.03575	0.01931	0.00843	0.0031
20	-0.4	0.04786	0.0446	0.02837	0.0137	0.00535	0.00176
20	-0.35	0.04643	0.03844	0.02154	0.00916	0.00315	0.00091
20	-0.3	0.0445	0.03193	0.01543	0.00566	0.00169	0.00042
20	-0.25	0.04181	0.02517	0.01021	0.00315	0.00079	0.00017
20	-0.2	0.038	0.01837	0.00601	0.00151	0.00031	0.00005
20	-0.15	0.03251	0.01184	0.00295	0.00057	0.00009	0.00001
20	-0.1	0.02472	0.00609	0.00105	0.00014	0.00002	0.00000
20	-0.05	0.01412	0.00185	0.00018	0.00001	0.00000	0.00000
20	0.00	0.00073	0.00001	0.00000	0.00000	0.00000	0.00000
40	-8.9	0.00000	0.00000	0.00004	0.00031	0.00203	0.01107
40	-8.85	0.00000	0.00000	0.00004	0.00034	0.00219	0.0119
40	-8.8	0.00000	0.00000	0.00004	0.00037	0.00238	0.01279
40	-8.75	0.00000	0.00000	0.00005	0.0004	0.00257	0.01375
40	-8.7	0.00000	0.00000	0.00005	0.00044	0.00278	0.01478
40	-8.65	0.00000	0.00000	0.00006	0.00048	0.00301	0.01587
40	-8.6	0.00000	0.00000	0.00007	0.00052	0.00326	0.01704
40	-8.55	0.00000	0.00000	0.00007	0.00057	0.00352	0.01829
40	-8.5	0.00000	0.00000	0.00008	0.00062	0.00381	0.01963
40	-8.45	0.00000	0.00000	0.00009	0.00067	0.00411	0.02106
40	-8.4	0.00000	0.00000	0.0001	0.00073	0.00445	0.02258
40	-8.35	0.00000	0.00000	0.0001	0.0008	0.0048	0.02421
40	-8.3	0.00000	0.00001	0.00011	0.00087	0.00518	0.02595
40	-8.25	0.00000	0.00001	0.00013	0.00094	0.0056	0.0278
40	-8.2	0.00000	0.00001	0.00014	0.00103	0.00604	0.02977
40	-8.15	0.00000	0.00001	0.00015	0.00112	0.00651	0.03187
40	-8.1	0.00000	0.00002	0.00017	0.00121	0.00702	0.0341
40	-8.05	0.00000	0.00002	0.00018	0.00132	0.00757	0.03648
40	-8.	0.00000	0.00002	0.0002	0.00143	0.00816	0.03901
40	-7.95	0.00000	0.00002	0.00022	0.00156	0.00879	0.0417
40	-7.9	0.00000	0.00002	0.00024	0.00169	0.00946	0.04456
40	-7.85	0.00000	0.00003	0.00026	0.00184	0.01019	0.0476
40	-7.8	0.00000	0.00003	0.00029	0.00199	0.01096	0.05083
40	-7.75	0.00000	0.00003	0.00032	0.00216	0.01179	0.05425
40	-7.7	0.00000	0.00004	0.00035	0.00235	0.01268	0.05788
40	-7.65	0.00000	0.00004	0.00038	0.00254	0.01363	0.06173
40	-7.6	0.00000	0.00005	0.00042	0.00276	0.01464	0.06581
40	-7.55	0.00000	0.00005	0.00046	0.00299	0.01573	0.07013
40	-7.5	0.00000	0.00006	0.0005	0.00324	0.01689	0.0747
40	-7.45	0.00000	0.00006	0.00054	0.0035	0.01813	0.07954
40	-7.4	0.00000	0.00007	0.0006	0.00379	0.01945	0.08465
40	-7.35	0.00000	0.00007	0.00065	0.0041	0.02086	0.09006
40	-7.3	0.00000	0.00008	0.00071	0.00444	0.02236	0.09577
40	-7.25	0.00000	0.00009	0.00078	0.0048	0.02396	0.10179
40	-7.2	0.00000	0.0001	0.00085	0.00518	0.02567	0.10815
40	-7.15	0.00000	0.00011	0.00092	0.0056	0.02748	0.11485
40	-7.1	0.00000	0.00012	0.00101	0.00605	0.02941	0.12191
40	-7.05	0.00000	0.00014	0.0011	0.00653	0.03147	0.12935
40	-7.	0.00001	0.00015	0.0012	0.00705	0.03365	0.13718
40	-6.95	0.00001	0.00017	0.00131	0.0076	0.03596	0.14541
40	-6.9	0.00001	0.00018	0.00142	0.00819	0.03842	0.15406
40	-6.85	0.00002	0.0002	0.00155	0.00883	0.04103	0.16315
40	-6.8	0.00002	0.00022	0.00169	0.00951	0.0438	0.17269
40	-6.75	0.00002	0.00025	0.00184	0.01024	0.04673	0.18269
40	-6.7	0.00002	0.00027	0.002	0.01103	0.04984	0.19318
40	-6.65	0.00002	0.0003	0.00217	0.01186	0.05312	0.20417
40	-6.6	0.00003	0.00033	0.00236	0.01276	0.0566	0.21567
40	-6.55	0.00003	0.00036	0.00257	0.01371	0.06027	0.2277
40	-6.5	0.00003	0.0004	0.00279	0.01473	0.06415	0.24028
40	-6.45	0.00004	0.00044	0.00302	0.01582	0.06825	0.25341
40	-6.4	0.00004	0.00048	0.00328	0.01698	0.07257	0.26712
40	-6.35	0.00005	0.00053	0.00356	0.01822	0.07712	0.28142
40	-6.3	0.00005	0.00058	0.00386	0.01953	0.08192	0.29631
40	-6.25	0.00006	0.00064	0.00418	0.02093	0.08697	0.31182
40	-6.2	0.00007	0.0007	0.00453	0.02243	0.09229	0.32795
40	-6.15	0.00008	0.00077	0.0049	0.02401	0.09787	0.34472
40	-6.1	0.00008	0.00084	0.0053	0.0257	0.10374	0.36213
40	-6.05	0.00009	0.00092	0.00573	0.02749	0.1099	0.38019
40	-6.	0.0001	0.00101	0.00619	0.02938	0.11636	0.39892
40	-5.95	0.00012	0.00111	0.00669	0.03139	0.12314	0.4183
40	-5.9	0.00013	0.00121	0.00722	0.03353	0.13023	0.43836
40	-5.85	0.00015	0.00133	0.0078	0.03578	0.13765	0.45909
40	-5.8	0.00016	0.00145	0.00841	0.03817	0.1454	0.48049
40	-5.75	0.00018	0.00159	0.00906	0.04069	0.15351	0.50256
40	-5.7	0.0002	0.00174	0.00976	0.04336	0.16197	0.5253
40	-5.65	0.00023	0.00189	0.01051	0.04617	0.17078	0.5487
40	-5.6	0.00025	0.00207	0.01131	0.04914	0.17997	0.57274
40	-5.55	0.00028	0.00225	0.01216	0.05227	0.18953	0.59743
40	-5.5	0.00031	0.00246	0.01307	0.05557	0.19948	0.62274
40	-5.45	0.00035	0.00268	0.01404	0.05904	0.20981	0.64865
40	-5.4	0.00039	0.00291	0.01507	0.06268	0.22053	0.67515
40	-5.35	0.00043	0.00317	0.01617	0.06651	0.23164	0.70221
40	-5.3	0.00048	0.00344	0.01734	0.07054	0.24315	0.72981
40	-5.25	0.00053	0.00374	0.01857	0.07476	0.25505	0.7579
40	-5.2	0.00059	0.00406	0.01989	0.07918	0.26735	0.78645
40	-5.15	0.00066	0.0044	0.02128	0.08381	0.28004	0.81543
40	-5.1	0.00073	0.00477	0.02276	0.08865	0.29313	0.84478
40	-5.05	0.00081	0.00516	0.02433	0.09372	0.30659	0.87447
40	-5.	0.00089	0.00558	0.02598	0.099	0.32043	0.90443
40	-4.95	0.00099	0.00604	0.02773	0.10452	0.33464	0.93461
40	-4.9	0.00109	0.00652	0.02958	0.11027	0.3492	0.96495
40	-4.85	0.0012	0.00704	0.03154	0.11625	0.3641	0.99537
40	-4.8	0.00132	0.00759	0.0336	0.12248	0.37933	1.02582
40	-4.75	0.00145	0.00817	0.03578	0.12894	0.39486	1.05621
40	-4.7	0.00159	0.0088	0.03807	0.13565	0.41067	1.08647
40	-4.65	0.00174	0.00946	0.04048	0.1426	0.42674	1.11651
40	-4.6	0.00191	0.01017	0.04302	0.14979	0.44303	1.14625
40	-4.55	0.00208	0.01093	0.0457	0.15722	0.45953	1.17559
40	-4.5	0.00227	0.01173	0.0485	0.16488	0.47619	1.20445
40	-4.45	0.00247	0.01258	0.05145	0.17278	0.49297	1.23272
40	-4.4	0.00268	0.01349	0.05454	0.18091	0.50984	1.26032
40	-4.35	0.0029	0.01446	0.05778	0.18924	0.52675	1.28714
40	-4.3	0.00314	0.01548	0.06118	0.19779	0.54366	1.31307
40	-4.25	0.0034	0.01657	0.06472	0.20653	0.5605	1.33803
40	-4.2	0.00366	0.01773	0.06843	0.21545	0.57724	1.36191
40	-4.15	0.00395	0.01897	0.07229	0.22452	0.59382	1.38461
40	-4.1	0.00425	0.02028	0.07632	0.23374	0.61018	1.40604
40	-4.05	0.00457	0.02168	0.0805	0.24308	0.62625	1.42609
40	-4.	0.00492	0.02316	0.08485	0.25252	0.64198	1.44468
40	-3.95	0.00529	0.02474	0.08935	0.26202	0.65731	1.46172
40	-3.9	0.00569	0.02642	0.094	0.27156	0.67217	1.47713
40	-3.85	0.00612	0.0282	0.09879	0.28111	0.6865	1.49082
40	-3.8	0.00659	0.03009	0.10372	0.29063	0.70024	1.50273
40	-3.75	0.0071	0.03209	0.10878	0.30009	0.71332	1.5128
40	-3.7	0.00766	0.03421	0.11394	0.30946	0.72569	1.52095
40	-3.65	0.00828	0.03643	0.11921	0.31868	0.73728	1.52715
40	-3.6	0.00895	0.03878	0.12457	0.32773	0.74805	1.53135
40	-3.55	0.00969	0.04123	0.12999	0.33656	0.75792	1.53351
40	-3.5	0.0105	0.0438	0.13545	0.34513	0.76686	1.53361
40	-3.45	0.01138	0.04647	0.14094	0.3534	0.77482	1.53163
40	-3.4	0.01234	0.04925	0.14644	0.36134	0.78176	1.52757
40	-3.35	0.01337	0.05212	0.15191	0.36889	0.78764	1.52143
40	-3.3	0.01449	0.05507	0.15733	0.37603	0.79242	1.51321
40	-3.25	0.0157	0.05811	0.16269	0.38272	0.79608	1.50294
40	-3.2	0.01698	0.06121	0.16794	0.38891	0.7986	1.49063
40	-3.15	0.01836	0.06436	0.17307	0.39459	0.79996	1.47633
40	-3.1	0.01981	0.06755	0.17805	0.39972	0.80016	1.46008
40	-3.05	0.02133	0.07077	0.18285	0.40427	0.79918	1.44193
40	-3.	0.02294	0.074	0.18744	0.40822	0.79703	1.42192
40	-2.95	0.02461	0.07722	0.1918	0.41154	0.79371	1.40013
40	-2.9	0.02634	0.08041	0.1959	0.41423	0.78925	1.37662
40	-2.85	0.02814	0.08357	0.19973	0.41627	0.78364	1.35146
40	-2.8	0.02999	0.08666	0.20325	0.41766	0.77693	1.32472
40	-2.75	0.03188	0.08967	0.20646	0.41838	0.76912	1.29649
40	-2.7	0.03381	0.09257	0.20932	0.41844	0.76026	1.26684
40	-2.65	0.03575	0.09536	0.21184	0.41784	0.75037	1.23587
40	-2.6	0.0377	0.09801	0.21399	0.41659	0.7395	1.20365
40	-2.55	0.03963	0.10051	0.21577	0.4147	0.72767	1.17027
40	-2.5	0.04154	0.10284	0.21718	0.41218	0.71493	1.13582
40	-2.45	0.04343	0.10498	0.2182	0.40905	0.70133	1.10038
40	-2.4	0.04528	0.10693	0.21884	0.40533	0.68689	1.06406
40	-2.35	0.04707	0.10867	0.2191	0.40104	0.67167	1.02693
40	-2.3	0.04878	0.11019	0.219	0.3962	0.65571	0.98908
40	-2.25	0.0504	0.11149	0.21853	0.39084	0.63904	0.95062
40	-2.2	0.05192	0.11256	0.21771	0.38497	0.62171	0.91162
40	-2.15	0.05332	0.11339	0.21655	0.37863	0.60375	0.87219
40	-2.1	0.05461	0.114	0.21507	0.37183	0.58521	0.83242
40	-2.05	0.05577	0.11438	0.21328	0.3646	0.56613	0.7924
40	-2.	0.05678	0.11454	0.21121	0.35696	0.54654	0.75224
40	-1.95	0.05763	0.11448	0.20888	0.34892	0.52647	0.71205
40	-1.9	0.05832	0.11423	0.20629	0.3405	0.50597	0.67192
40	-1.85	0.05886	0.11379	0.20346	0.33172	0.48507	0.63197
40	-1.8	0.05923	0.11318	0.20042	0.32258	0.46382	0.59231
40	-1.75	0.05943	0.11243	0.19718	0.3131	0.44226	0.55306
40	-1.7	0.05951	0.11155	0.19373	0.30327	0.42043	0.51435
40	-1.65	0.05949	0.11056	0.1901	0.29311	0.39839	0.47629
40	-1.6	0.05937	0.10946	0.18627	0.28263	0.37618	0.43903
40	-1.55	0.05913	0.10827	0.18226	0.27183	0.35387	0.40267
40	-1.5	0.05881	0.107	0.17806	0.26071	0.33153	0.36736
40	-1.45	0.0584	0.10566	0.17367	0.24929	0.30922	0.33323
40	-1.4	0.05793	0.10427	0.16908	0.23757	0.28703	0.30039
40	-1.35	0.05743	0.10283	0.16427	0.22557	0.26503	0.26898
40	-1.3	0.05691	0.10133	0.15924	0.21331	0.24332	0.2391
40	-1.25	0.05638	0.09979	0.15396	0.20082	0.222	0.21087
40	-1.2	0.05587	0.09818	0.14843	0.18813	0.20117	0.18437
40	-1.15	0.0554	0.0965	0.14262	0.17528	0.18093	0.15969
40	-1.1	0.05497	0.09472	0.13653	0.16231	0.16138	0.1369
40	-1.05	0.0546	0.09283	0.13014	0.14929	0.14264	0.11604
40	-1.	0.05425	0.09079	0.12346	0.13628	0.12481	0.09713
40	-0.95	0.05392	0.08859	0.11647	0.12335	0.10799	0.08019
40	-0.9	0.05362	0.0862	0.10919	0.1106	0.09228	0.06519
40	-0.85	0.05333	0.08359	0.10163	0.0981	0.07775	0.05209
40	-0.8	0.05306	0.08073	0.09382	0.08597	0.06448	0.04082
40	-0.75	0.05278	0.07759	0.08579	0.0743	0.05251	0.0313
40	-0.7	0.05247	0.07413	0.07758	0.06319	0.0419	0.0234
40	-0.65	0.05211	0.07034	0.06925	0.05276	0.03264	0.017
40	-0.6	0.05169	0.06617	0.06088	0.0431	0.02474	0.01194
40	-0.55	0.05116	0.06162	0.05255	0.03432	0.01814	0.00807
40	-0.5	0.0505	0.05665	0.04436	0.0265	0.0128	0.0052
40	-0.45	0.04967	0.05125	0.03645	0.01971	0.00861	0.00317
40	-0.4	0.04861	0.04542	0.02894	0.01399	0.00547	0.0018
40	-0.35	0.0472	0.03918	0.02199	0.00936	0.00322	0.00094
40	-0.3	0.04527	0.03257	0.01576	0.00579	0.00172	0.00043
40	-0.25	0.04259	0.0257	0.01043	0.00322	0.00081	0.00017
40	-0.2	0.03875	0.01877	0.00615	0.00154	0.00032	0.00006
40	-0.15	0.0332	0.01211	0.00302	0.00058	0.00009	0.00001
40	-0.1	0.0253	0.00624	0.00107	0.00015	0.00002	0.00000
40	-0.05	0.01448	0.0019	0.00018	0.00001	0.00000	0.00000
40	0.00	0.00075	0.00001	0.00000	0.00000	0.00000	0.00000
50	-8.9	0.00000	0.00000	0.00004	0.00033	0.00214	0.01166
50	-8.85	0.00000	0.00000	0.00004	0.00036	0.00232	0.01254
50	-8.8	0.00000	0.00000	0.00005	0.00039	0.00251	0.01348
50	-8.75	0.00000	0.00000	0.00005	0.00042	0.00271	0.01448
50	-8.7	0.00000	0.00000	0.00006	0.00046	0.00294	0.01556
50	-8.65	0.00000	0.00000	0.00006	0.0005	0.00318	0.01671
50	-8.6	0.00000	0.00000	0.00007	0.00055	0.00344	0.01794
50	-8.55	0.00000	0.00000	0.00008	0.0006	0.00372	0.01926
50	-8.5	0.00000	0.00000	0.00008	0.00065	0.00402	0.02067
50	-8.45	0.00000	0.00000	0.00009	0.00071	0.00434	0.02217
50	-8.4	0.00000	0.00000	0.0001	0.00077	0.00469	0.02377
50	-8.35	0.00000	0.00001	0.00011	0.00084	0.00507	0.02548
50	-8.3	0.00000	0.00001	0.00012	0.00092	0.00547	0.0273
50	-8.25	0.00000	0.00001	0.00013	0.001	0.0059	0.02924
50	-8.2	0.00000	0.00001	0.00015	0.00109	0.00637	0.03131
50	-8.15	0.00000	0.00002	0.00016	0.00118	0.00687	0.03351
50	-8.1	0.00000	0.00002	0.00018	0.00128	0.00741	0.03586
50	-8.05	0.00000	0.00002	0.00019	0.0014	0.00799	0.03836
50	-8.	0.00000	0.00002	0.00021	0.00152	0.0086	0.04101
50	-7.95	0.00000	0.00002	0.00023	0.00165	0.00927	0.04383
50	-7.9	0.00000	0.00003	0.00025	0.00179	0.00998	0.04683
50	-7.85	0.00000	0.00003	0.00028	0.00194	0.01074	0.05001
50	-7.8	0.00000	0.00003	0.00031	0.00211	0.01156	0.05339
50	-7.75	0.00000	0.00003	0.00033	0.00229	0.01243	0.05698
50	-7.7	0.00000	0.00004	0.00037	0.00248	0.01337	0.06078
50	-7.65	0.00000	0.00004	0.0004	0.00269	0.01437	0.0648
50	-7.6	0.00000	0.00005	0.00044	0.00291	0.01544	0.06907
50	-7.55	0.00000	0.00005	0.00048	0.00316	0.01658	0.07359
50	-7.5	0.00000	0.00006	0.00053	0.00342	0.0178	0.07837
50	-7.45	0.00000	0.00006	0.00058	0.0037	0.0191	0.08342
50	-7.4	0.00000	0.00007	0.00063	0.00401	0.02049	0.08876
50	-7.35	0.00000	0.00008	0.00069	0.00434	0.02197	0.09441
50	-7.3	0.00000	0.00009	0.00075	0.00469	0.02355	0.10036
50	-7.25	0.00000	0.0001	0.00082	0.00507	0.02523	0.10665
50	-7.2	0.00000	0.00011	0.0009	0.00548	0.02702	0.11328
50	-7.15	0.00000	0.00012	0.00098	0.00592	0.02893	0.12026
50	-7.1	0.00000	0.00013	0.00107	0.00639	0.03096	0.12762
50	-7.05	0.00000	0.00014	0.00116	0.0069	0.03311	0.13536
50	-7.	0.00001	0.00016	0.00127	0.00745	0.0354	0.14351
50	-6.95	0.00001	0.00017	0.00138	0.00803	0.03783	0.15207
50	-6.9	0.00001	0.00019	0.00151	0.00866	0.04041	0.16106
50	-6.85	0.00002	0.00021	0.00164	0.00933	0.04314	0.17051
50	-6.8	0.00002	0.00023	0.00179	0.01005	0.04604	0.18041
50	-6.75	0.00002	0.00026	0.00195	0.01082	0.04911	0.1908
50	-6.7	0.00002	0.00029	0.00212	0.01165	0.05235	0.20168
50	-6.65	0.00002	0.00031	0.0023	0.01253	0.05579	0.21307
50	-6.6	0.00003	0.00035	0.0025	0.01347	0.05942	0.22499
50	-6.55	0.00003	0.00038	0.00272	0.01448	0.06326	0.23744
50	-6.5	0.00004	0.00042	0.00295	0.01555	0.06731	0.25045
50	-6.45	0.00004	0.00046	0.0032	0.0167	0.07158	0.26404
50	-6.4	0.00004	0.00051	0.00348	0.01792	0.07609	0.2782
50	-6.35	0.00005	0.00056	0.00377	0.01922	0.08084	0.29296
50	-6.3	0.00006	0.00061	0.00409	0.0206	0.08584	0.30833
50	-6.25	0.00006	0.00068	0.00443	0.02208	0.09109	0.32433
50	-6.2	0.00007	0.00074	0.0048	0.02365	0.09662	0.34095
50	-6.15	0.00008	0.00081	0.00519	0.02531	0.10243	0.35821
50	-6.1	0.00009	0.00089	0.00562	0.02708	0.10853	0.37613
50	-6.05	0.0001	0.00098	0.00608	0.02896	0.11492	0.3947
50	-6.	0.00011	0.00107	0.00657	0.03095	0.12162	0.41393
50	-5.95	0.00012	0.00118	0.00709	0.03306	0.12864	0.43384
50	-5.9	0.00014	0.00129	0.00766	0.03529	0.13599	0.45441
50	-5.85	0.00015	0.00141	0.00826	0.03765	0.14367	0.47566
50	-5.8	0.00017	0.00154	0.00891	0.04015	0.15169	0.49757
50	-5.75	0.00019	0.00169	0.0096	0.04279	0.16006	0.52016
50	-5.7	0.00021	0.00184	0.01034	0.04557	0.16879	0.5434
50	-5.65	0.00024	0.00201	0.01113	0.04851	0.17789	0.5673
50	-5.6	0.00027	0.0022	0.01198	0.0516	0.18736	0.59185
50	-5.55	0.0003	0.0024	0.01288	0.05486	0.1972	0.61702
50	-5.5	0.00033	0.00262	0.01384	0.05829	0.20743	0.64281
50	-5.45	0.00037	0.00285	0.01486	0.0619	0.21805	0.66919
50	-5.4	0.00041	0.0031	0.01595	0.06569	0.22905	0.69614
50	-5.35	0.00046	0.00337	0.0171	0.06967	0.24045	0.72364
50	-5.3	0.00051	0.00367	0.01833	0.07384	0.25225	0.75165
50	-5.25	0.00057	0.00398	0.01963	0.07821	0.26443	0.78015
50	-5.2	0.00063	0.00432	0.02101	0.08279	0.27701	0.80908
50	-5.15	0.0007	0.00469	0.02248	0.08758	0.28998	0.83842
50	-5.1	0.00078	0.00508	0.02403	0.09258	0.30333	0.86812
50	-5.05	0.00086	0.0055	0.02567	0.09781	0.31705	0.89812
50	-5.	0.00095	0.00595	0.0274	0.10325	0.33115	0.92837
50	-4.95	0.00105	0.00643	0.02924	0.10893	0.3456	0.95881
50	-4.9	0.00116	0.00695	0.03117	0.11484	0.3604	0.98938
50	-4.85	0.00128	0.00749	0.03321	0.12098	0.37553	1.02002
50	-4.8	0.00141	0.00808	0.03536	0.12736	0.39097	1.05064
50	-4.75	0.00155	0.00871	0.03762	0.13398	0.40671	1.08118
50	-4.7	0.0017	0.00937	0.04001	0.14084	0.42271	1.11156
50	-4.65	0.00186	0.01008	0.04251	0.14794	0.43896	1.14168
50	-4.6	0.00204	0.01083	0.04514	0.15527	0.45542	1.17147
50	-4.55	0.00223	0.01164	0.04791	0.16284	0.47207	1.20084
50	-4.5	0.00243	0.01249	0.05081	0.17064	0.48886	1.22968
50	-4.45	0.00265	0.01339	0.05385	0.17867	0.50576	1.25791
50	-4.4	0.00288	0.01435	0.05703	0.18691	0.52273	1.28543
50	-4.35	0.00313	0.01537	0.06035	0.19537	0.53973	1.31214
50	-4.3	0.0034	0.01645	0.06383	0.20402	0.5567	1.33793
50	-4.25	0.00368	0.01759	0.06746	0.21286	0.5736	1.36272
50	-4.2	0.00398	0.0188	0.07124	0.22187	0.59038	1.38639
50	-4.15	0.00429	0.02008	0.07518	0.23103	0.60697	1.40885
50	-4.1	0.00462	0.02145	0.07928	0.24033	0.62332	1.43
50	-4.05	0.00497	0.02289	0.08354	0.24973	0.63938	1.44975
50	-4.	0.00534	0.02442	0.08795	0.25923	0.65507	1.46801
50	-3.95	0.00574	0.02605	0.09251	0.26878	0.67035	1.48469
50	-3.9	0.00616	0.02778	0.09722	0.27837	0.68514	1.49971
50	-3.85	0.00663	0.0296	0.10207	0.28795	0.69937	1.51299
50	-3.8	0.00712	0.03154	0.10705	0.29749	0.713	1.52446
50	-3.75	0.00766	0.03358	0.11216	0.30697	0.72596	1.53405
50	-3.7	0.00825	0.03573	0.11737	0.31633	0.73818	1.54171
50	-3.65	0.00889	0.038	0.12268	0.32555	0.74961	1.54739
50	-3.6	0.00959	0.04038	0.12807	0.33458	0.76019	1.55105
50	-3.55	0.01036	0.04287	0.13352	0.34338	0.76987	1.55266
50	-3.5	0.0112	0.04547	0.13901	0.35192	0.7786	1.55219
50	-3.45	0.0121	0.04817	0.14452	0.36014	0.78633	1.54962
50	-3.4	0.01308	0.05097	0.15003	0.36802	0.79302	1.54496
50	-3.35	0.01413	0.05387	0.15551	0.37551	0.79864	1.5382
50	-3.3	0.01527	0.05686	0.16094	0.38257	0.80315	1.52936
50	-3.25	0.01649	0.05992	0.1663	0.38917	0.80653	1.51845
50	-3.2	0.01781	0.06304	0.17154	0.39527	0.80875	1.5055
50	-3.15	0.0192	0.06621	0.17666	0.40084	0.8098	1.49056
50	-3.1	0.02067	0.06942	0.18162	0.40585	0.80968	1.47366
50	-3.05	0.02222	0.07265	0.18639	0.41027	0.80837	1.45486
50	-3.	0.02384	0.07589	0.19095	0.41408	0.80588	1.43422
50	-2.95	0.02554	0.07911	0.19528	0.41727	0.80222	1.41179
50	-2.9	0.0273	0.08231	0.19934	0.41981	0.7974	1.38765
50	-2.85	0.02911	0.08546	0.20312	0.42169	0.79144	1.36188
50	-2.8	0.03096	0.08854	0.2066	0.42291	0.78437	1.33454
50	-2.75	0.03284	0.09154	0.20975	0.42345	0.7762	1.30571
50	-2.7	0.03476	0.09445	0.21255	0.42333	0.76698	1.2755
50	-2.65	0.0367	0.09723	0.215	0.42254	0.75673	1.24397
50	-2.6	0.03865	0.09988	0.21708	0.4211	0.7455	1.21121
50	-2.55	0.04059	0.10237	0.21879	0.419	0.73332	1.17732
50	-2.5	0.04252	0.10468	0.2201	0.41628	0.72024	1.14238
50	-2.45	0.04442	0.10682	0.22103	0.41294	0.70629	1.10648
50	-2.4	0.04629	0.10875	0.22157	0.40901	0.69153	1.06972
50	-2.35	0.0481	0.11046	0.22173	0.40451	0.676	1.03217
50	-2.3	0.04982	0.11194	0.2215	0.39946	0.65973	0.99394
50	-2.25	0.05143	0.11319	0.22092	0.39389	0.64278	0.95511
50	-2.2	0.05295	0.11421	0.21998	0.38783	0.62518	0.91577
50	-2.15	0.05436	0.115	0.21869	0.38129	0.60696	0.87603
50	-2.1	0.05565	0.11555	0.21709	0.3743	0.58819	0.83596
50	-2.05	0.05679	0.11586	0.21518	0.36689	0.56888	0.79567
50	-2.	0.05778	0.11595	0.21298	0.35908	0.54908	0.75526
50	-1.95	0.0586	0.11582	0.21052	0.35088	0.52882	0.71483
50	-1.9	0.05925	0.1155	0.20781	0.34231	0.50814	0.67448
50	-1.85	0.05975	0.11499	0.20487	0.33338	0.48708	0.63433
50	-1.8	0.0601	0.11431	0.20172	0.32411	0.46568	0.59449
50	-1.75	0.06031	0.11348	0.19836	0.31451	0.44399	0.55506
50	-1.7	0.06038	0.11252	0.19481	0.30458	0.42203	0.51618
50	-1.65	0.06031	0.11143	0.19108	0.29433	0.39987	0.47797
50	-1.6	0.06011	0.11024	0.18717	0.28376	0.37756	0.44056
50	-1.55	0.05982	0.10897	0.18309	0.27288	0.35515	0.40407
50	-1.5	0.05942	0.10763	0.17883	0.26169	0.33271	0.36862
50	-1.45	0.05895	0.10622	0.17438	0.25021	0.31031	0.33436
50	-1.4	0.05841	0.10477	0.16974	0.23844	0.28803	0.30141
50	-1.35	0.05784	0.10328	0.1649	0.22639	0.26595	0.26988
50	-1.3	0.05725	0.10175	0.15983	0.21408	0.24416	0.2399
50	-1.25	0.05667	0.10018	0.15453	0.20154	0.22276	0.21156
50	-1.2	0.05613	0.09855	0.14897	0.18879	0.20185	0.18497
50	-1.15	0.05563	0.09685	0.14314	0.17589	0.18153	0.16021
50	-1.1	0.05517	0.09507	0.13703	0.16287	0.16192	0.13734
50	-1.05	0.05476	0.09317	0.13062	0.1498	0.14311	0.11641
50	-1.	0.05441	0.09114	0.1239	0.13674	0.12522	0.09744
50	-0.95	0.0541	0.08894	0.11689	0.12376	0.10834	0.08044
50	-0.9	0.05382	0.08654	0.10957	0.11096	0.09257	0.06539
50	-0.85	0.05356	0.08392	0.10198	0.09842	0.07799	0.05225
50	-0.8	0.05331	0.08104	0.09413	0.08624	0.06468	0.04095
50	-0.75	0.05303	0.07787	0.08606	0.07453	0.05268	0.03139
50	-0.7	0.05272	0.07439	0.07782	0.06339	0.04203	0.02347
50	-0.65	0.05234	0.07057	0.06946	0.05292	0.03274	0.01705
50	-0.6	0.05188	0.06638	0.06106	0.04324	0.02481	0.01198
50	-0.55	0.05133	0.0618	0.05271	0.03443	0.0182	0.00809
50	-0.5	0.05065	0.05682	0.0445	0.02658	0.01284	0.00521
50	-0.45	0.04981	0.05141	0.03656	0.01977	0.00864	0.00318
50	-0.4	0.04875	0.04556	0.02903	0.01403	0.00548	0.0018
50	-0.35	0.04735	0.0393	0.02206	0.00938	0.00323	0.00094
50	-0.3	0.04543	0.03267	0.01581	0.00581	0.00173	0.00044
50	-0.25	0.04272	0.02578	0.01046	0.00323	0.00081	0.00017
50	-0.2	0.03887	0.01883	0.00617	0.00155	0.00032	0.00006
50	-0.15	0.0333	0.01215	0.00303	0.00058	0.00009	0.00001
50	-0.1	0.02537	0.00626	0.00108	0.00015	0.00002	0.00000
50	-0.05	0.01451	0.00191	0.00018	0.00001	0.00000	0.00000
50	0.00	0.00075	0.00001	0.00000	0.00000	0.00000	0.00000
80	-8.9	0.00000	0.00000	0.00004	0.00033	0.00214	0.01166
80	-8.85	0.00000	0.00000	0.00004	0.00036	0.00232	0.01254
80	-8.8	0.00000	0.00000	0.00005	0.00039	0.00251	0.01348
80	-8.75	0.00000	0.00000	0.00005	0.00042	0.00271	0.01448
80	-8.7	0.00000	0.00000	0.00006	0.00046	0.00294	0.01556
80	-8.65	0.00000	0.00000	0.00006	0.0005	0.00318	0.01671
80	-8.6	0.00000	0.00000	0.00007	0.00055	0.00344	0.01794
80	-8.55	0.00000	0.00000	0.00008	0.0006	0.00372	0.01926
80	-8.5	0.00000	0.00000	0.00008	0.00065	0.00402	0.02067
80	-8.45	0.00000	0.00000	0.00009	0.00071	0.00434	0.02217
80	-8.4	0.00000	0.00000	0.0001	0.00077	0.00469	0.02377
80	-8.35	0.00000	0.00001	0.00011	0.00084	0.00507	0.02548
80	-8.3	0.00000	0.00001	0.00012	0.00092	0.00547	0.0273
80	-8.25	0.00000	0.00001	0.00013	0.001	0.0059	0.02924
80	-8.2	0.00000	0.00001	0.00015	0.00109	0.00637	0.03131
80	-8.15	0.00000	0.00002	0.00016	0.00118	0.00687	0.03351
80	-8.1	0.00000	0.00002	0.00018	0.00128	0.00741	0.03586
80	-8.05	0.00000	0.00002	0.00019	0.0014	0.00799	0.03836
80	-8.	0.00000	0.00002	0.00021	0.00152	0.0086	0.04101
80	-7.95	0.00000	0.00002	0.00023	0.00165	0.00927	0.04383
80	-7.9	0.00000	0.00003	0.00025	0.00179	0.00998	0.04683
80	-7.85	0.00000	0.00003	0.00028	0.00194	0.01074	0.05001
80	-7.8	0.00000	0.00003	0.00031	0.00211	0.01156	0.05339
80	-7.75	0.00000	0.00003	0.00033	0.00229	0.01243	0.05698
80	-7.7	0.00000	0.00004	0.00037	0.00248	0.01337	0.06078
80	-7.65	0.00000	0.00004	0.0004	0.00269	0.01437	0.0648
80	-7.6	0.00000	0.00005	0.00044	0.00291	0.01544	0.06907
80	-7.55	0.00000	0.00005	0.00048	0.00316	0.01658	0.07359
80	-7.5	0.00000	0.00006	0.00053	0.00342	0.0178	0.07837
80	-7.45	0.00000	0.00006	0.00058	0.0037	0.0191	0.08342
80	-7.4	0.00000	0.00007	0.00063	0.00401	0.02049	0.08876
80	-7.35	0.00000	0.00008	0.00069	0.00434	0.02197	0.09441
80	-7.3	0.00000	0.00009	0.00075	0.00469	0.02355	0.10036
80	-7.25	0.00000	0.0001	0.00082	0.00507	0.02523	0.10665
80	-7.2	0.00000	0.00011	0.0009	0.00548	0.02702	0.11328
80	-7.15	0.00000	0.00012	0.00098	0.00592	0.02893	0.12026
80	-7.1	0.00000	0.00013	0.00107	0.00639	0.03096	0.12762
80	-7.05	0.00000	0.00014	0.00116	0.0069	0.03311	0.13536
80	-7.	0.00001	0.00016	0.00127	0.00745	0.0354	0.14351
80	-6.95	0.00001	0.00017	0.00138	0.00803	0.03783	0.15207
80	-6.9	0.00001	0.00019	0.00151	0.00866	0.04041	0.16106
80	-6.85	0.00002	0.00021	0.00164	0.00933	0.04314	0.17051
80	-6.8	0.00002	0.00023	0.00179	0.01005	0.04604	0.18041
80	-6.75	0.00002	0.00026	0.00195	0.01082	0.04911	0.1908
80	-6.7	0.00002	0.00029	0.00212	0.01165	0.05235	0.20168
80	-6.65	0.00002	0.00031	0.0023	0.01253	0.05579	0.21307
80	-6.6	0.00003	0.00035	0.0025	0.01347	0.05942	0.22499
80	-6.55	0.00003	0.00038	0.00272	0.01448	0.06326	0.23744
80	-6.5	0.00004	0.00042	0.00295	0.01555	0.06731	0.25045
80	-6.45	0.00004	0.00046	0.0032	0.0167	0.07158	0.26404
80	-6.4	0.00004	0.00051	0.00348	0.01792	0.07609	0.2782
80	-6.35	0.00005	0.00056	0.00377	0.01922	0.08084	0.29296
80	-6.3	0.00006	0.00061	0.00409	0.0206	0.08584	0.30833
80	-6.25	0.00006	0.00068	0.00443	0.02208	0.09109	0.32433
80	-6.2	0.00007	0.00074	0.0048	0.02365	0.09662	0.34095
80	-6.15	0.00008	0.00081	0.00519	0.02531	0.10243	0.35821
80	-6.1	0.00009	0.00089	0.00562	0.02708	0.10853	0.37613
80	-6.05	0.0001	0.00098	0.00608	0.02896	0.11492	0.3947
80	-6.	0.00011	0.00107	0.00657	0.03095	0.12162	0.41393
80	-5.95	0.00012	0.00118	0.00709	0.03306	0.12864	0.43384
80	-5.9	0.00014	0.00129	0.00766	0.03529	0.13599	0.45441
80	-5.85	0.00015	0.00141	0.00826	0.03765	0.14367	0.47566
80	-5.8	0.00017	0.00154	0.00891	0.04015	0.15169	0.49757
80	-5.75	0.00019	0.00169	0.0096	0.04279	0.16006	0.52016
80	-5.7	0.00021	0.00184	0.01034	0.04557	0.16879	0.5434
80	-5.65	0.00024	0.00201	0.01113	0.04851	0.17789	0.5673
80	-5.6	0.00027	0.0022	0.01198	0.0516	0.18736	0.59185
80	-5.55	0.0003	0.0024	0.01288	0.05486	0.1972	0.61702
80	-5.5	0.00033	0.00262	0.01384	0.05829	0.20743	0.64281
80	-5.45	0.00037	0.00285	0.01486	0.0619	0.21805	0.66919
80	-5.4	0.00041	0.0031	0.01595	0.06569	0.22905	0.69614
80	-5.35	0.00046	0.00337	0.0171	0.06967	0.24045	0.72364
80	-5.3	0.00051	0.00367	0.01833	0.07384	0.25225	0.75165
80	-5.25	0.00057	0.00398	0.01963	0.07821	0.26443	0.78015
80	-5.2	0.00063	0.00432	0.02101	0.08279	0.27701	0.80908
80	-5.15	0.0007	0.00469	0.02248	0.08758	0.28998	0.83842
80	-5.1	0.00078	0.00508	0.02403	0.09258	0.30333	0.86812
80	-5.05	0.00086	0.0055	0.02567	0.09781	0.31705	0.89812
80	-5.	0.00095	0.00595	0.0274	0.10325	0.33115	0.92837
80	-4.95	0.00105	0.00643	0.02924	0.10893	0.3456	0.95881
80	-4.9	0.00116	0.00695	0.03117	0.11484	0.3604	0.98938
80	-4.85	0.00128	0.00749	0.03321	0.12098	0.37553	1.02002
80	-4.8	0.00141	0.00808	0.03536	0.12736	0.39097	1.05064
80	-4.75	0.00155	0.00871	0.03762	0.13398	0.40671	1.08118
80	-4.7	0.0017	0.00937	0.04001	0.14084	0.42271	1.11156
80	-4.65	0.00186	0.01008	0.04251	0.14794	0.43896	1.14168
80	-4.6	0.00204	0.01083	0.04514	0.15527	0.45542	1.17147
80	-4.55	0.00223	0.01164	0.04791	0.16284	0.47207	1.20084
80	-4.5	0.00243	0.01249	0.05081	0.17064	0.48886	1.22968
80	-4.45	0.00265	0.01339	0.05385	0.17867	0.50576	1.25791
80	-4.4	0.00288	0.01435	0.05703	0.18691	0.52273	1.28543
80	-4.35	0.00313	0.01537	0.06035	0.19537	0.53973	1.31214
80	-4.3	0.0034	0.01645	0.06383	0.20402	0.5567	1.33793
80	-4.25	0.00368	0.01759	0.06746	0.21286	0.5736	1.36272
80	-4.2	0.00398	0.0188	0.07124	0.22187	0.59038	1.38639
80	-4.15	0.00429	0.02008	0.07518	0.23103	0.60697	1.40885
80	-4.1	0.00462	0.02145	0.07928	0.24033	0.62332	1.43
80	-4.05	0.00497	0.02289	0.08354	0.24973	0.63938	1.44975
80	-4.	0.00534	0.02442	0.08795	0.25923	0.65507	1.46801
80	-3.95	0.00574	0.02605	0.09251	0.26878	0.67035	1.48469
80	-3.9	0.00616	0.02778	0.09722	0.27837	0.68514	1.49971
80	-3.85	0.00663	0.0296	0.10207	0.28795	0.69937	1.51299
80	-3.8	0.00712	0.03154	0.10705	0.29749	0.713	1.52446
80	-3.75	0.00766	0.03358	0.11216	0.30697	0.72596	1.53405
80	-3.7	0.00825	0.03573	0.11737	0.31633	0.73818	1.54171
80	-3.65	0.00889	0.038	0.12268	0.32555	0.74961	1.54739
80	-3.6	0.00959	0.04038	0.12807	0.33458	0.76019	1.55105
80	-3.55	0.01036	0.04287	0.13352	0.34338	0.76987	1.55266
80	-3.5	0.0112	0.04547	0.13901	0.35192	0.7786	1.55219
80	-3.45	0.0121	0.04817	0.14452	0.36014	0.78633	1.54962
80	-3.4	0.01308	0.05097	0.15003	0.36802	0.79302	1.54496
80	-3.35	0.01413	0.05387	0.15551	0.37551	0.79864	1.5382
80	-3.3	0.01527	0.05686	0.16094	0.38257	0.80315	1.52936
80	-3.25	0.01649	0.05992	0.1663	0.38917	0.80653	1.51845
80	-3.2	0.01781	0.06304	0.17154	0.39527	0.80875	1.5055
80	-3.15	0.0192	0.06621	0.17666	0.40084	0.8098	1.49056
80	-3.1	0.02067	0.06942	0.18162	0.40585	0.80968	1.47366
80	-3.05	0.02222	0.07265	0.18639	0.41027	0.80837	1.45486
80	-3.	0.02384	0.07589	0.19095	0.41408	0.80588	1.43422
80	-2.95	0.02554	0.07911	0.19528	0.41727	0.80222	1.41179
80	-2.9	0.0273	0.08231	0.19934	0.41981	0.7974	1.38765
80	-2.85	0.02911	0.08546	0.20312	0.42169	0.79144	1.36188
80	-2.8	0.03096	0.08854	0.2066	0.42291	0.78437	1.33454
80	-2.75	0.03284	0.09154	0.20975	0.42345	0.7762	1.30571
80	-2.7	0.03476	0.09445	0.21255	0.42333	0.76698	1.2755
80	-2.65	0.0367	0.09723	0.215	0.42254	0.75673	1.24397
80	-2.6	0.03865	0.09988	0.21708	0.4211	0.7455	1.21121
80	-2.55	0.04059	0.10237	0.21879	0.419	0.73332	1.17732
80	-2.5	0.04252	0.10468	0.2201	0.41628	0.72024	1.14238
80	-2.45	0.04442	0.10682	0.22103	0.41294	0.70629	1.10648
80	-2.4	0.04629	0.10875	0.22157	0.40901	0.69153	1.06972
80	-2.35	0.0481	0.11046	0.22173	0.40451	0.676	1.03217
80	-2.3	0.04982	0.11194	0.2215	0.39946	0.65973	0.99394
80	-2.25	0.05143	0.11319	0.22092	0.39389	0.64278	0.95511
80	-2.2	0.05295	0.11421	0.21998	0.38783	0.62518	0.91577
80	-2.15	0.05436	0.115	0.21869	0.38129	0.60696	0.87603
80	-2.1	0.05565	0.11555	0.21709	0.3743	0.58819	0.83596
80	-2.05	0.05679	0.11586	0.21518	0.36689	0.56888	0.79567
80	-2.	0.05778	0.11595	0.21298	0.35908	0.54908	0.75526
80	-1.95	0.0586	0.11582	0.21052	0.35088	0.52882	0.71483
80	-1.9	0.05925	0.1155	0.20781	0.34231	0.50814	0.67448
80	-1.85	0.05975	0.11499	0.20487	0.33338	0.48708	0.63433
80	-1.8	0.0601	0.11431	0.20172	0.32411	0.46568	0.59449
80	-1.75	0.06031	0.11348	0.19836	0.31451	0.44399	0.55506
80	-1.7	0.06038	0.11252	0.19481	0.30458	0.42203	0.51618
80	-1.65	0.06031	0.11143	0.19108	0.29433	0.39987	0.47797
80	-1.6	0.06011	0.11024	0.18717	0.28376	0.37756	0.44056
80	-1.55	0.05982	0.10897	0.18309	0.27288	0.35515	0.40407
80	-1.5	0.05942	0.10763	0.17883	0.26169	0.33271	0.36862
80	-1.45	0.05895	0.10622	0.17438	0.25021	0.31031	0.33436
80	-1.4	0.05841	0.10477	0.16974	0.23844	0.28803	0.30141
80	-1.35	0.05784	0.10328	0.1649	0.22639	0.26595	0.26988
80	-1.3	0.05725	0.10175	0.15983	0.21408	0.24416	0.2399
80	-1.25	0.05667	0.10018	0.15453	0.20154	0.22276	0.21156
80	-1.2	0.05613	0.09855	0.14897	0.18879	0.20185	0.18497
80	-1.15	0.05563	0.09685	0.14314	0.17589	0.18153	0.16021
80	-1.1	0.05517	0.09507	0.13703	0.16287	0.16192	0.13734
80	-1.05	0.05476	0.09317	0.13062	0.1498	0.14311	0.11641
80	-1.	0.05441	0.09114	0.1239	0.13674	0.12522	0.09744
80	-0.95	0.0541	0.08894	0.11689	0.12376	0.10834	0.08044
80	-0.9	0.05382	0.08654	0.10957	0.11096	0.09257	0.06539
80	-0.85	0.05356	0.08392	0.10198	0.09842	0.07799	0.05225
80	-0.8	0.05331	0.08104	0.09413	0.08624	0.06468	0.04095
80	-0.75	0.05303	0.07787	0.08606	0.07453	0.05268	0.03139
80	-0.7	0.05272	0.07439	0.07782	0.06339	0.04203	0.02347
80	-0.65	0.05234	0.07057	0.06946	0.05292	0.03274	0.01705
80	-0.6	0.05188	0.06638	0.06106	0.04324	0.02481	0.01198
80	-0.55	0.05133	0.0618	0.05271	0.03443	0.0182	0.00809
80	-0.5	0.05065	0.05682	0.0445	0.02658	0.01284	0.00521
80	-0.45	0.04981	0.05141	0.03656	0.01977	0.00864	0.00318
80	-0.4	0.04875	0.04556	0.02903	0.01403	0.00548	0.0018
80	-0.35	0.04735	0.0393	0.02206	0.00938	0.00323	0.00094
80	-0.3	0.04543	0.03267	0.01581	0.00581	0.00173	0.00044
80	-0.25	0.04272	0.02578	0.01046	0.00323	0.00081	0.00017
80	-0.2	0.03887	0.01883	0.00617	0.00155	0.00032	0.00006
80	-0.15	0.0333	0.01215	0.00303	0.00058	0.00009	0.00001
80	-0.1	0.02537	0.00626	0.00108	0.00015	0.00002	0.00000
80	-0.05	0.01451	0.00191	0.00018	0.00001	0.00000	0.00000
80	0.00	0.00075	0.00001	0.00000	0.00000	0.00000	0.00000
100	-8.9	0.00000	0.00000	0.00004	0.00036	0.00234	0.0127
100	-8.85	0.00000	0.00000	0.00005	0.00039	0.00254	0.01365
100	-8.8	0.00000	0.00000	0.00005	0.00043	0.00275	0.01467
100	-8.75	0.00000	0.00000	0.00006	0.00046	0.00297	0.01576
100	-8.7	0.00000	0.00000	0.00006	0.00051	0.00322	0.01693
100	-8.65	0.00000	0.00000	0.00007	0.00055	0.00348	0.01818
100	-8.6	0.00000	0.00000	0.00008	0.0006	0.00376	0.01951
100	-8.55	0.00000	0.00000	0.00008	0.00066	0.00407	0.02094
100	-8.5	0.00000	0.00000	0.00009	0.00072	0.0044	0.02246
100	-8.45	0.00000	0.00000	0.0001	0.00078	0.00475	0.02408
100	-8.4	0.00000	0.00000	0.00011	0.00085	0.00513	0.02581
100	-8.35	0.00000	0.00001	0.00012	0.00093	0.00554	0.02766
100	-8.3	0.00000	0.00001	0.00013	0.00101	0.00598	0.02962
100	-8.25	0.00000	0.00001	0.00015	0.0011	0.00646	0.03172
100	-8.2	0.00000	0.00002	0.00016	0.00119	0.00697	0.03395
100	-8.15	0.00000	0.00002	0.00018	0.0013	0.00751	0.03632
100	-8.1	0.00000	0.00002	0.00019	0.00141	0.0081	0.03885
100	-8.05	0.00000	0.00002	0.00021	0.00153	0.00873	0.04153
100	-8.	0.00000	0.00002	0.00023	0.00167	0.0094	0.04439
100	-7.95	0.00000	0.00003	0.00026	0.00181	0.01012	0.04742
100	-7.9	0.00000	0.00003	0.00028	0.00197	0.0109	0.05064
100	-7.85	0.00000	0.00003	0.00031	0.00213	0.01173	0.05405
100	-7.8	0.00000	0.00003	0.00034	0.00232	0.01262	0.05768
100	-7.75	0.00000	0.00004	0.00037	0.00251	0.01357	0.06152
100	-7.7	0.00000	0.00004	0.0004	0.00273	0.01458	0.06558
100	-7.65	0.00000	0.00005	0.00044	0.00296	0.01567	0.06989
100	-7.6	0.00000	0.00005	0.00048	0.0032	0.01683	0.07445
100	-7.55	0.00000	0.00006	0.00053	0.00347	0.01806	0.07927
100	-7.5	0.00000	0.00006	0.00058	0.00376	0.01939	0.08437
100	-7.45	0.00000	0.00007	0.00063	0.00407	0.0208	0.08976
100	-7.4	0.00000	0.00008	0.00069	0.0044	0.0223	0.09544
100	-7.35	0.00000	0.00009	0.00076	0.00476	0.0239	0.10144
100	-7.3	0.00000	0.0001	0.00083	0.00515	0.02561	0.10777
100	-7.25	0.00000	0.00011	0.0009	0.00557	0.02742	0.11444
100	-7.2	0.00000	0.00012	0.00099	0.00602	0.02936	0.12147
100	-7.15	0.00000	0.00013	0.00108	0.0065	0.03141	0.12887
100	-7.1	0.00000	0.00014	0.00118	0.00702	0.03359	0.13665
100	-7.05	0.00001	0.00016	0.00128	0.00757	0.03591	0.14483
100	-7.	0.00001	0.00017	0.0014	0.00817	0.03837	0.15343
100	-6.95	0.00001	0.00019	0.00153	0.00881	0.04097	0.16245
100	-6.9	0.00001	0.00021	0.00166	0.00949	0.04374	0.17192
100	-6.85	0.00002	0.00023	0.00181	0.01023	0.04667	0.18185
100	-6.8	0.00002	0.00026	0.00197	0.01101	0.04977	0.19225
100	-6.75	0.00002	0.00028	0.00215	0.01185	0.05305	0.20314
100	-6.7	0.00002	0.00031	0.00234	0.01275	0.05651	0.21454
100	-6.65	0.00003	0.00035	0.00254	0.01371	0.06018	0.22645
100	-6.6	0.00003	0.00038	0.00277	0.01474	0.06404	0.2389
100	-6.55	0.00003	0.00042	0.00301	0.01583	0.06812	0.2519
100	-6.5	0.00004	0.00046	0.00326	0.017	0.07243	0.26545
100	-6.45	0.00004	0.00051	0.00354	0.01824	0.07696	0.27958
100	-6.4	0.00005	0.00056	0.00385	0.01957	0.08173	0.29429
100	-6.35	0.00005	0.00062	0.00417	0.02097	0.08675	0.3096
100	-6.3	0.00006	0.00068	0.00452	0.02247	0.09203	0.32552
100	-6.25	0.00007	0.00075	0.0049	0.02406	0.09757	0.34206
100	-6.2	0.00007	0.00082	0.00531	0.02575	0.10339	0.35923
100	-6.15	0.00008	0.0009	0.00574	0.02755	0.10949	0.37703
100	-6.1	0.00009	0.00099	0.00621	0.02945	0.11588	0.39547
100	-6.05	0.0001	0.00109	0.00672	0.03146	0.12258	0.41457
100	-6.	0.00012	0.00119	0.00726	0.0336	0.12959	0.43432
100	-5.95	0.00013	0.00131	0.00784	0.03585	0.13691	0.45472
100	-5.9	0.00015	0.00144	0.00846	0.03824	0.14456	0.47578
100	-5.85	0.00016	0.00157	0.00913	0.04076	0.15255	0.49749
100	-5.8	0.00018	0.00172	0.00984	0.04341	0.16087	0.51986
100	-5.75	0.00021	0.00189	0.0106	0.04621	0.16955	0.54288
100	-5.7	0.00023	0.00206	0.01141	0.04917	0.17858	0.56654
100	-5.65	0.00026	0.00226	0.01227	0.05227	0.18796	0.59082
100	-5.6	0.00029	0.00246	0.0132	0.05554	0.19772	0.61573
100	-5.55	0.00033	0.00269	0.01418	0.05897	0.20785	0.64125
100	-5.5	0.00036	0.00293	0.01522	0.06258	0.21835	0.66735
100	-5.45	0.00041	0.0032	0.01633	0.06636	0.22922	0.69402
100	-5.4	0.00046	0.00348	0.01751	0.07032	0.24048	0.72123
100	-5.35	0.00051	0.00379	0.01876	0.07447	0.25212	0.74896
100	-5.3	0.00057	0.00412	0.02008	0.07881	0.26414	0.77717
100	-5.25	0.00063	0.00448	0.02148	0.08335	0.27654	0.80584
100	-5.2	0.00071	0.00486	0.02296	0.08809	0.28931	0.83491
100	-5.15	0.00079	0.00527	0.02453	0.09304	0.30246	0.86436
100	-5.1	0.00088	0.00571	0.02618	0.09819	0.31598	0.89414
100	-5.05	0.00097	0.00618	0.02792	0.10356	0.32986	0.92419
100	-5.	0.00108	0.00669	0.02976	0.10915	0.34409	0.95447
100	-4.95	0.0012	0.00723	0.03169	0.11496	0.35866	0.9849
100	-4.9	0.00133	0.0078	0.03372	0.12099	0.37356	1.01544
100	-4.85	0.00147	0.00841	0.03585	0.12725	0.38878	1.04602
100	-4.8	0.00163	0.00906	0.0381	0.13373	0.40429	1.07656
100	-4.75	0.0018	0.00974	0.04045	0.14045	0.42007	1.10699
100	-4.7	0.00199	0.01047	0.04292	0.14739	0.43611	1.13722
100	-4.65	0.00218	0.01124	0.0455	0.15457	0.45238	1.16719
100	-4.6	0.0024	0.01205	0.04821	0.16197	0.46884	1.1968
100	-4.55	0.00262	0.01291	0.05104	0.16959	0.48548	1.22596
100	-4.5	0.00287	0.01381	0.054	0.17744	0.50224	1.25458
100	-4.45	0.00312	0.01477	0.0571	0.18551	0.5191	1.28257
100	-4.4	0.00339	0.01578	0.06033	0.19378	0.53602	1.30983
100	-4.35	0.00367	0.01684	0.06371	0.20226	0.55295	1.33626
100	-4.3	0.00397	0.01796	0.06723	0.21092	0.56985	1.36176
100	-4.25	0.00428	0.01915	0.0709	0.21976	0.58666	1.38623
100	-4.2	0.0046	0.0204	0.07471	0.22877	0.60333	1.40958
100	-4.15	0.00495	0.02172	0.07868	0.23792	0.61981	1.43171
100	-4.1	0.00531	0.02312	0.0828	0.24719	0.63604	1.45251
100	-4.05	0.00569	0.02459	0.08708	0.25657	0.65196	1.4719
100	-4.	0.00609	0.02616	0.0915	0.26603	0.66752	1.48979
100	-3.95	0.00652	0.02781	0.09606	0.27554	0.68265	1.50609
100	-3.9	0.00697	0.02955	0.10077	0.28508	0.69728	1.52071
100	-3.85	0.00745	0.03139	0.10562	0.29461	0.71136	1.53359
100	-3.8	0.00797	0.03334	0.11059	0.3041	0.72482	1.54465
100	-3.75	0.00853	0.03539	0.11569	0.31351	0.7376	1.55383
100	-3.7	0.00913	0.03755	0.12088	0.32281	0.74964	1.56107
100	-3.65	0.00979	0.03982	0.12617	0.33196	0.76089	1.56631
100	-3.6	0.0105	0.0422	0.13154	0.34092	0.77128	1.56954
100	-3.55	0.01127	0.0447	0.13696	0.34964	0.78077	1.5707
100	-3.5	0.01212	0.04729	0.14243	0.3581	0.7893	1.56977
100	-3.45	0.01303	0.04999	0.14791	0.36624	0.79682	1.56675
100	-3.4	0.01402	0.05279	0.15339	0.37404	0.80331	1.56163
100	-3.35	0.01508	0.05567	0.15883	0.38144	0.80871	1.5544
100	-3.3	0.01622	0.05864	0.16423	0.38841	0.813	1.54508
100	-3.25	0.01744	0.06169	0.16955	0.39492	0.81616	1.5337
100	-3.2	0.01874	0.06479	0.17476	0.40093	0.81815	1.52027
100	-3.15	0.02013	0.06795	0.17984	0.4064	0.81898	1.50485
100	-3.1	0.0216	0.07114	0.18476	0.41131	0.81862	1.48747
100	-3.05	0.02315	0.07436	0.1895	0.41563	0.81707	1.46819
100	-3.	0.02476	0.07757	0.19402	0.41934	0.81434	1.44706
100	-2.95	0.02644	0.08078	0.19831	0.42242	0.81043	1.42415
100	-2.9	0.02818	0.08396	0.20233	0.42485	0.80536	1.39953
100	-2.85	0.02997	0.0871	0.20607	0.42661	0.79915	1.37328
100	-2.8	0.03182	0.09017	0.20951	0.42771	0.79182	1.34547
100	-2.75	0.0337	0.09316	0.21261	0.42814	0.78339	1.31618
100	-2.7	0.03561	0.09606	0.21537	0.42789	0.77391	1.28551
100	-2.65	0.03754	0.09883	0.21777	0.42697	0.7634	1.25352
100	-2.6	0.03949	0.10146	0.2198	0.42539	0.75191	1.22033
100	-2.55	0.04144	0.10394	0.22145	0.42316	0.73948	1.186
100	-2.5	0.04336	0.10624	0.2227	0.4203	0.72614	1.15063
100	-2.45	0.04526	0.10836	0.22356	0.41682	0.71195	1.11432
100	-2.4	0.04711	0.11027	0.22404	0.41274	0.69694	1.07715
100	-2.35	0.04892	0.11197	0.22412	0.4081	0.68117	1.03921
100	-2.3	0.05066	0.11343	0.22382	0.40291	0.66467	1.0006
100	-2.25	0.05231	0.11466	0.22315	0.3972	0.64748	0.96139
100	-2.2	0.05385	0.11564	0.22213	0.391	0.62965	0.92169
100	-2.15	0.05526	0.11638	0.22076	0.38433	0.61123	0.88159
100	-2.1	0.05654	0.11688	0.21908	0.37722	0.59223	0.84118
100	-2.05	0.05766	0.11714	0.21709	0.36968	0.57272	0.80056
100	-2.	0.05861	0.11717	0.21482	0.36175	0.55271	0.75982
100	-1.95	0.0594	0.11699	0.21228	0.35343	0.53225	0.71908
100	-1.9	0.06002	0.11662	0.20951	0.34475	0.51138	0.67843
100	-1.85	0.06048	0.11607	0.2065	0.33571	0.49013	0.63798
100	-1.8	0.0608	0.11535	0.20329	0.32633	0.46855	0.59785
100	-1.75	0.06097	0.11447	0.19987	0.31662	0.44666	0.55816
100	-1.7	0.061	0.11347	0.19627	0.30658	0.42453	0.51902
100	-1.65	0.06088	0.11236	0.19249	0.29622	0.40219	0.48056
100	-1.6	0.06064	0.11115	0.18853	0.28555	0.37971	0.44291
100	-1.55	0.06033	0.10986	0.18439	0.27456	0.35714	0.4062
100	-1.5	0.05993	0.1085	0.18007	0.26327	0.33454	0.37054
100	-1.45	0.05945	0.10708	0.17556	0.25168	0.31199	0.33608
100	-1.4	0.05891	0.10561	0.17086	0.2398	0.28956	0.30294
100	-1.35	0.05836	0.10409	0.16595	0.22765	0.26734	0.27124
100	-1.3	0.0578	0.10253	0.16081	0.21525	0.24542	0.2411
100	-1.25	0.05725	0.10091	0.15545	0.20262	0.2239	0.21261
100	-1.2	0.05671	0.09923	0.14982	0.18979	0.20287	0.18589
100	-1.15	0.05617	0.09748	0.14394	0.1768	0.18244	0.16099
100	-1.1	0.05565	0.09565	0.13777	0.16371	0.16272	0.13801
100	-1.05	0.0552	0.09371	0.13131	0.15056	0.14382	0.11697
100	-1.	0.0548	0.09164	0.12455	0.13743	0.12583	0.0979
100	-0.95	0.05444	0.08941	0.11749	0.12439	0.10887	0.08082
100	-0.9	0.05412	0.087	0.11014	0.11151	0.09302	0.0657
100	-0.85	0.05384	0.08436	0.10251	0.09891	0.07836	0.05249
100	-0.8	0.05358	0.08147	0.09461	0.08666	0.06498	0.04113
100	-0.75	0.05332	0.07829	0.0865	0.07489	0.05292	0.03153
100	-0.7	0.053	0.07478	0.07821	0.06369	0.04222	0.02358
100	-0.65	0.05261	0.07094	0.06981	0.05317	0.03289	0.01713
100	-0.6	0.05215	0.06673	0.06136	0.04344	0.02492	0.01203
100	-0.55	0.05161	0.06213	0.05296	0.03458	0.01828	0.00813
100	-0.5	0.05095	0.05711	0.04471	0.0267	0.01289	0.00524
100	-0.45	0.05011	0.05166	0.03673	0.01986	0.00868	0.00319
100	-0.4	0.04902	0.04578	0.02916	0.01409	0.00551	0.00181
100	-0.35	0.04759	0.03947	0.02215	0.00942	0.00324	0.00094
100	-0.3	0.04563	0.03281	0.01588	0.00583	0.00174	0.00044
100	-0.25	0.0429	0.02589	0.01051	0.00325	0.00082	0.00017
100	-0.2	0.03903	0.01891	0.00619	0.00155	0.00032	0.00006
100	-0.15	0.03343	0.0122	0.00304	0.00059	0.00009	0.00001
100	-0.1	0.02548	0.00629	0.00108	0.00015	0.00002	0.00000
100	-0.05	0.01458	0.00191	0.00018	0.00001	0.00000	0.00000
100	0.00	0.00075	0.00001	0.00000	0.00000	0.00000	0.00000
500	-8.9	0.00002	0.00022	0.00178	0.01055	0.05104	0.21263
500	-8.85	0.00002	0.00024	0.00194	0.01139	0.05459	0.22567
500	-8.8	0.00002	0.00027	0.00211	0.01228	0.05837	0.2394
500	-8.75	0.00002	0.0003	0.0023	0.01324	0.06237	0.25386
500	-8.7	0.00002	0.00033	0.00251	0.01427	0.06662	0.26907
500	-8.65	0.00003	0.00036	0.00273	0.01537	0.07113	0.28507
500	-8.6	0.00003	0.0004	0.00297	0.01655	0.07591	0.30188
500	-8.55	0.00003	0.00044	0.00323	0.01781	0.08098	0.31955
500	-8.5	0.00004	0.00048	0.00351	0.01916	0.08634	0.33809
500	-8.45	0.00004	0.00053	0.00382	0.02061	0.09202	0.35754
500	-8.4	0.00005	0.00058	0.00415	0.02215	0.09803	0.37794
500	-8.35	0.00005	0.00064	0.00451	0.02379	0.10438	0.39931
500	-8.3	0.00006	0.00071	0.00489	0.02555	0.11109	0.4217
500	-8.25	0.00007	0.00078	0.00531	0.02742	0.11817	0.44513
500	-8.2	0.00008	0.00086	0.00575	0.02942	0.12564	0.46964
500	-8.15	0.00009	0.00094	0.00624	0.03154	0.13353	0.49527
500	-8.1	0.0001	0.00103	0.00676	0.0338	0.14184	0.52203
500	-8.05	0.00011	0.00113	0.00732	0.03621	0.15059	0.54998
500	-8.	0.00012	0.00125	0.00792	0.03877	0.1598	0.57914
500	-7.95	0.00013	0.00137	0.00857	0.04149	0.1695	0.60954
500	-7.9	0.00015	0.0015	0.00927	0.04437	0.17969	0.64123
500	-7.85	0.00017	0.00164	0.01001	0.04743	0.1904	0.67422
500	-7.8	0.00019	0.0018	0.01082	0.05067	0.20164	0.70855
500	-7.75	0.00021	0.00197	0.01168	0.05411	0.21344	0.74425
500	-7.7	0.00023	0.00216	0.0126	0.05775	0.22581	0.78135
500	-7.65	0.00026	0.00236	0.01358	0.0616	0.23878	0.81987
500	-7.6	0.00029	0.00258	0.01464	0.06567	0.25236	0.85985
500	-7.55	0.00033	0.00282	0.01576	0.06997	0.26657	0.9013
500	-7.5	0.00036	0.00308	0.01697	0.07451	0.28144	0.94426
500	-7.45	0.00041	0.00336	0.01825	0.0793	0.29698	0.98873
500	-7.4	0.00045	0.00367	0.01962	0.08435	0.31322	1.03474
500	-7.35	0.0005	0.004	0.02108	0.08967	0.33016	1.0823
500	-7.3	0.00056	0.00436	0.02263	0.09527	0.34784	1.13143
500	-7.25	0.00063	0.00474	0.02428	0.10116	0.36627	1.18213
500	-7.2	0.0007	0.00516	0.02604	0.10736	0.38547	1.23441
500	-7.15	0.00078	0.00561	0.0279	0.11387	0.40545	1.28828
500	-7.1	0.00086	0.0061	0.02987	0.1207	0.42625	1.34372
500	-7.05	0.00096	0.00662	0.03197	0.12787	0.44786	1.40074
500	-7.	0.00106	0.00718	0.03418	0.13539	0.47032	1.45932
500	-6.95	0.00118	0.00778	0.03652	0.14327	0.49363	1.51945
500	-6.9	0.00131	0.00843	0.039	0.15153	0.51781	1.58109
500	-6.85	0.00145	0.00912	0.04162	0.16016	0.54288	1.64423
500	-6.8	0.00161	0.00986	0.04438	0.16919	0.56884	1.70882
500	-6.75	0.00178	0.01065	0.04729	0.17863	0.59571	1.77482
500	-6.7	0.00197	0.01149	0.05035	0.1885	0.6235	1.84218
500	-6.65	0.00217	0.01239	0.05358	0.19879	0.6522	1.91084
500	-6.6	0.0024	0.01335	0.05697	0.20953	0.68184	1.98073
500	-6.55	0.00264	0.01436	0.06054	0.22073	0.71241	2.05178
500	-6.5	0.00291	0.01544	0.06429	0.23241	0.7439	2.12389
500	-6.45	0.0032	0.01658	0.06822	0.24456	0.77633	2.19697
500	-6.4	0.00351	0.01778	0.07235	0.25722	0.80967	2.27091
500	-6.35	0.00385	0.01905	0.07668	0.27038	0.84392	2.34559
500	-6.3	0.00421	0.0204	0.08121	0.28407	0.87906	2.42088
500	-6.25	0.0046	0.02181	0.08596	0.29828	0.91507	2.49663
500	-6.2	0.00502	0.0233	0.09094	0.31305	0.95193	2.5727
500	-6.15	0.00546	0.02486	0.09615	0.32837	0.9896	2.64891
500	-6.1	0.00594	0.0265	0.1016	0.34425	1.02805	2.72509
500	-6.05	0.00644	0.02823	0.10731	0.3607	1.06723	2.80105
500	-6.	0.00698	0.03003	0.11328	0.37774	1.10709	2.87659
500	-5.95	0.00754	0.03192	0.11953	0.39535	1.14756	2.9515
500	-5.9	0.00813	0.03391	0.12607	0.41355	1.18859	3.02554
500	-5.85	0.00874	0.03598	0.13291	0.43234	1.2301	3.0985
500	-5.8	0.00938	0.03816	0.14006	0.4517	1.272	3.17013
500	-5.75	0.01005	0.04044	0.14754	0.47164	1.31419	3.24019
500	-5.7	0.01074	0.04284	0.15536	0.49214	1.35658	3.30841
500	-5.65	0.01145	0.04535	0.16353	0.51318	1.39905	3.37454
500	-5.6	0.01219	0.04799	0.17207	0.53475	1.44148	3.43831
500	-5.55	0.01295	0.05078	0.18099	0.55681	1.48374	3.49947
500	-5.5	0.01373	0.05371	0.19029	0.57933	1.52569	3.55775
500	-5.45	0.01453	0.05681	0.2	0.60227	1.56719	3.61289
500	-5.4	0.01537	0.06008	0.21011	0.62558	1.60808	3.66464
500	-5.35	0.01623	0.06355	0.22063	0.64921	1.6482	3.71274
500	-5.3	0.01713	0.06723	0.23156	0.6731	1.68739	3.75696
500	-5.25	0.01807	0.07112	0.2429	0.69718	1.72547	3.79707
500	-5.2	0.01906	0.07526	0.25464	0.72137	1.76228	3.83287
500	-5.15	0.02012	0.07965	0.26676	0.74559	1.79763	3.86416
500	-5.1	0.02125	0.08431	0.27927	0.76974	1.83136	3.89075
500	-5.05	0.02247	0.08925	0.29212	0.79374	1.8633	3.9125
500	-5.	0.02379	0.09449	0.3053	0.81747	1.89326	3.92928
500	-4.95	0.02523	0.10002	0.31877	0.84084	1.92109	3.94098
500	-4.9	0.0268	0.10587	0.33249	0.86372	1.94664	3.94752
500	-4.85	0.02852	0.11202	0.34641	0.886	1.96975	3.94885
500	-4.8	0.0304	0.11849	0.36049	0.90756	1.99028	3.94495
500	-4.75	0.03247	0.12527	0.37467	0.92829	2.00812	3.93581
500	-4.7	0.03473	0.13234	0.38888	0.94806	2.02315	3.92149
500	-4.65	0.0372	0.1397	0.40306	0.96675	2.03527	3.90204
500	-4.6	0.03989	0.14733	0.41713	0.98426	2.0444	3.87756
500	-4.55	0.04281	0.15521	0.43102	1.00047	2.0505	3.84819
500	-4.5	0.04597	0.1633	0.44464	1.01528	2.0535	3.81407
500	-4.45	0.04937	0.17158	0.45792	1.02859	2.0534	3.77538
500	-4.4	0.05302	0.18001	0.47077	1.0403	2.05019	3.73233
500	-4.35	0.05691	0.18855	0.48311	1.05034	2.0439	3.68515
500	-4.3	0.06104	0.19714	0.49486	1.05864	2.03456	3.63409
500	-4.25	0.06539	0.20575	0.50592	1.06514	2.02223	3.57941
500	-4.2	0.06997	0.21431	0.51622	1.0698	2.00701	3.52141
500	-4.15	0.07475	0.22278	0.52569	1.0726	1.98898	3.46037
500	-4.1	0.07971	0.23108	0.53426	1.0735	1.96827	3.3966
500	-4.05	0.08482	0.23916	0.54185	1.07251	1.94502	3.3304
500	-4.	0.09006	0.24696	0.54842	1.06965	1.91938	3.2621
500	-3.95	0.09539	0.25441	0.5539	1.06495	1.89151	3.192
500	-3.9	0.10077	0.26146	0.55827	1.05844	1.86159	3.12042
500	-3.85	0.10617	0.26805	0.5615	1.0502	1.82981	3.04765
500	-3.8	0.11154	0.27412	0.56355	1.04028	1.79635	2.97398
500	-3.75	0.11683	0.27961	0.56443	1.02877	1.76142	2.89971
500	-3.7	0.12201	0.28449	0.56413	1.01577	1.72521	2.82508
500	-3.65	0.12704	0.28871	0.56267	1.00138	1.68793	2.75036
500	-3.6	0.13185	0.29223	0.56007	0.98573	1.64977	2.67576
500	-3.55	0.13641	0.29503	0.55636	0.96891	1.61093	2.60151
500	-3.5	0.14065	0.29708	0.5516	0.95108	1.57159	2.5278
500	-3.45	0.14453	0.29838	0.54583	0.93234	1.53192	2.45478
500	-3.4	0.14803	0.29893	0.53912	0.91284	1.4921	2.38261
500	-3.35	0.15112	0.29873	0.53154	0.8927	1.45227	2.31141
500	-3.3	0.15377	0.29779	0.52316	0.87205	1.41259	2.24128
500	-3.25	0.15595	0.29614	0.51407	0.85102	1.37318	2.17231
500	-3.2	0.15763	0.2938	0.50435	0.82972	1.33415	2.10456
500	-3.15	0.15881	0.29082	0.49409	0.80827	1.2956	2.03807
500	-3.1	0.15948	0.28725	0.48337	0.78678	1.25763	1.97287
500	-3.05	0.15966	0.28312	0.47229	0.76533	1.22029	1.90897
500	-3.	0.15936	0.2785	0.46091	0.74402	1.18365	1.84636
500	-2.95	0.1586	0.27344	0.44933	0.72292	1.14775	1.78502
500	-2.9	0.15738	0.26801	0.43762	0.7021	1.11261	1.72493
500	-2.85	0.15575	0.26225	0.42586	0.68163	1.07826	1.66605
500	-2.8	0.15374	0.25623	0.4141	0.66155	1.0447	1.60832
500	-2.75	0.15139	0.25001	0.40241	0.6419	1.01194	1.55171
500	-2.7	0.14875	0.24363	0.39083	0.62271	0.97994	1.49614
500	-2.65	0.14586	0.23716	0.37942	0.604	0.9487	1.44157
500	-2.6	0.14274	0.23063	0.36821	0.58579	0.91819	1.38792
500	-2.55	0.13944	0.22409	0.35724	0.56808	0.88838	1.33514
500	-2.5	0.136	0.21758	0.34653	0.55088	0.85921	1.28317
500	-2.45	0.13246	0.21113	0.33611	0.53417	0.83065	1.23195
500	-2.4	0.12886	0.20476	0.32599	0.51796	0.80266	1.18143
500	-2.35	0.12521	0.19851	0.31619	0.50221	0.77518	1.13156
500	-2.3	0.12155	0.1924	0.30671	0.48691	0.74817	1.08229
500	-2.25	0.1179	0.18644	0.29756	0.47204	0.72156	1.0336
500	-2.2	0.11426	0.18064	0.28873	0.45756	0.69532	0.98546
500	-2.15	0.11065	0.17503	0.28024	0.44345	0.66938	0.93785
500	-2.1	0.1071	0.16961	0.27206	0.42967	0.64371	0.89077
500	-2.05	0.10363	0.1644	0.26419	0.41618	0.61826	0.84422
500	-2.	0.10023	0.15939	0.25662	0.40294	0.59299	0.79822
500	-1.95	0.09693	0.1546	0.24933	0.38991	0.56785	0.75279
500	-1.9	0.09372	0.15002	0.24231	0.37705	0.54283	0.70797
500	-1.85	0.09063	0.14566	0.23553	0.36432	0.5179	0.66381
500	-1.8	0.08765	0.14151	0.22897	0.35168	0.49304	0.62038
500	-1.75	0.08478	0.13758	0.22261	0.33908	0.46825	0.57775
500	-1.7	0.08205	0.13386	0.21641	0.32649	0.44352	0.53599
500	-1.65	0.07943	0.13034	0.21034	0.31387	0.41886	0.4952
500	-1.6	0.07696	0.12701	0.20438	0.30119	0.3943	0.45547
500	-1.55	0.07464	0.12388	0.19849	0.28841	0.36987	0.41691
500	-1.5	0.07248	0.12091	0.19262	0.27552	0.3456	0.37963
500	-1.45	0.07045	0.11809	0.18676	0.2625	0.32155	0.34373
500	-1.4	0.06858	0.11542	0.18085	0.24932	0.29777	0.30932
500	-1.35	0.06686	0.11286	0.17487	0.236	0.27435	0.27652
500	-1.3	0.0653	0.11039	0.16878	0.22253	0.25135	0.24542
500	-1.25	0.06387	0.10799	0.16254	0.20893	0.22887	0.21611
500	-1.2	0.0626	0.10563	0.15612	0.19522	0.207	0.18868
500	-1.15	0.06148	0.10328	0.14949	0.18143	0.18583	0.1632
500	-1.1	0.06051	0.1009	0.14264	0.16761	0.16546	0.13972
500	-1.05	0.05968	0.09845	0.13554	0.15382	0.14601	0.11828
500	-1.	0.05896	0.0959	0.12819	0.1401	0.12755	0.09889
500	-0.95	0.0583	0.0932	0.12059	0.12655	0.1102	0.08155
500	-0.9	0.05769	0.09033	0.11273	0.11324	0.09403	0.06622
500	-0.85	0.0571	0.08725	0.10464	0.10026	0.07911	0.05287
500	-0.8	0.05652	0.08395	0.09635	0.0877	0.06553	0.04139
500	-0.75	0.05593	0.08038	0.08788	0.07567	0.05331	0.03171
500	-0.7	0.05533	0.07653	0.07928	0.06426	0.04249	0.02369
500	-0.65	0.05466	0.07236	0.07062	0.05357	0.03307	0.0172
500	-0.6	0.05392	0.06785	0.06196	0.04371	0.02504	0.01208
500	-0.55	0.05309	0.06298	0.05338	0.03477	0.01835	0.00815
500	-0.5	0.05213	0.05773	0.045	0.02682	0.01294	0.00525
500	-0.45	0.05101	0.0521	0.03692	0.01993	0.0087	0.0032
500	-0.4	0.04968	0.04608	0.02928	0.01414	0.00552	0.00182
500	-0.35	0.04805	0.03967	0.02223	0.00945	0.00325	0.00094
500	-0.3	0.04594	0.03294	0.01592	0.00585	0.00174	0.00044
500	-0.25	0.04311	0.02597	0.01053	0.00325	0.00082	0.00017
500	-0.2	0.03916	0.01895	0.00621	0.00156	0.00032	0.00006
500	-0.15	0.03352	0.01222	0.00305	0.00059	0.00009	0.00001
500	-0.1	0.02553	0.0063	0.00108	0.00015	0.00002	0.00000
500	-0.05	0.0146	0.00192	0.00018	0.00001	0.00000	0.00000
500	0.00	0.00075	0.00001	0.00000	0.00000	0.00000	0.00000
1000	-8.9	0.00005	0.00075	0.00601	0.03518	0.16719	0.68117
1000	-8.85	0.00006	0.00083	0.00655	0.03794	0.17866	0.72202
1000	-8.8	0.00007	0.00092	0.00714	0.0409	0.19083	0.76497
1000	-8.75	0.00008	0.00101	0.00778	0.04407	0.20374	0.81009
1000	-8.7	0.00008	0.00112	0.00847	0.04746	0.21742	0.85747
1000	-8.65	0.0001	0.00123	0.00921	0.05109	0.23192	0.90718
1000	-8.6	0.00011	0.00136	0.01002	0.05498	0.24726	0.9593
1000	-8.55	0.00012	0.00149	0.0109	0.05914	0.26349	1.01393
1000	-8.5	0.00013	0.00165	0.01184	0.06358	0.28065	1.07114
1000	-8.45	0.00015	0.00181	0.01287	0.06832	0.29878	1.13102
1000	-8.4	0.00017	0.00199	0.01397	0.07338	0.31793	1.19364
1000	-8.35	0.00019	0.00219	0.01517	0.07877	0.33814	1.25909
1000	-8.3	0.00021	0.00241	0.01646	0.08453	0.35945	1.32744
1000	-8.25	0.00024	0.00265	0.01785	0.09065	0.38191	1.39878
1000	-8.2	0.00026	0.00292	0.01935	0.09717	0.40556	1.47319
1000	-8.15	0.0003	0.0032	0.02096	0.10411	0.43046	1.55074
1000	-8.1	0.00033	0.00352	0.0227	0.11148	0.45664	1.6315
1000	-8.05	0.00037	0.00386	0.02457	0.11932	0.48416	1.71555
1000	-8.	0.00041	0.00424	0.02658	0.12763	0.51306	1.80294
1000	-7.95	0.00046	0.00465	0.02873	0.13645	0.54339	1.89376
1000	-7.9	0.00052	0.0051	0.03105	0.1458	0.5752	1.98805
1000	-7.85	0.00058	0.00558	0.03354	0.15571	0.60854	2.08588
1000	-7.8	0.00065	0.00612	0.0362	0.16619	0.64346	2.18729
1000	-7.75	0.00072	0.00669	0.03906	0.17728	0.67999	2.29233
1000	-7.7	0.00081	0.00733	0.04211	0.18899	0.7182	2.40104
1000	-7.65	0.0009	0.00801	0.04538	0.20137	0.75812	2.51345
1000	-7.6	0.00101	0.00876	0.04887	0.21443	0.7998	2.62959
1000	-7.55	0.00112	0.00956	0.0526	0.2282	0.84329	2.74947
1000	-7.5	0.00125	0.01044	0.05658	0.24271	0.88862	2.87311
1000	-7.45	0.0014	0.01139	0.06082	0.25798	0.93584	3.00051
1000	-7.4	0.00156	0.01242	0.06533	0.27405	0.98499	3.13166
1000	-7.35	0.00174	0.01354	0.07014	0.29094	1.03611	3.26653
1000	-7.3	0.00193	0.01474	0.07524	0.30868	1.08922	3.4051
1000	-7.25	0.00215	0.01604	0.08067	0.32729	1.14437	3.54731
1000	-7.2	0.00239	0.01745	0.08642	0.34681	1.20158	3.69313
1000	-7.15	0.00266	0.01896	0.09252	0.36727	1.26088	3.84247
1000	-7.1	0.00296	0.02059	0.09899	0.38868	1.32229	3.99525
1000	-7.05	0.00329	0.02234	0.10582	0.41108	1.38583	4.15136
1000	-7.	0.00365	0.02422	0.11305	0.43449	1.45152	4.3107
1000	-6.95	0.00405	0.02624	0.12069	0.45894	1.51937	4.47312
1000	-6.9	0.00449	0.0284	0.12874	0.48446	1.58938	4.63848
1000	-6.85	0.00497	0.03071	0.13723	0.51106	1.66155	4.80659
1000	-6.8	0.0055	0.03319	0.14618	0.53878	1.73588	4.97728
1000	-6.75	0.00608	0.03582	0.15558	0.56763	1.81236	5.15031
1000	-6.7	0.00671	0.03864	0.16548	0.59765	1.89095	5.32545
1000	-6.65	0.00741	0.04163	0.17586	0.62884	1.97164	5.50245
1000	-6.6	0.00816	0.04481	0.18676	0.66124	2.0544	5.68101
1000	-6.55	0.00899	0.04819	0.19819	0.69486	2.13916	5.86083
1000	-6.5	0.00988	0.05177	0.21017	0.72972	2.22589	6.04158
1000	-6.45	0.01085	0.05555	0.2227	0.76583	2.3145	6.22288
1000	-6.4	0.0119	0.05956	0.23581	0.80321	2.40493	6.40437
1000	-6.35	0.01303	0.06378	0.24951	0.84187	2.49708	6.58561
1000	-6.3	0.01425	0.06824	0.26382	0.88181	2.59084	6.76618
1000	-6.25	0.01555	0.07293	0.27876	0.92305	2.6861	6.94559
1000	-6.2	0.01695	0.07786	0.29435	0.96559	2.78272	7.12337
1000	-6.15	0.01844	0.08305	0.3106	1.00942	2.88056	7.299
1000	-6.1	0.02003	0.08848	0.32753	1.05454	2.97943	7.47192
1000	-6.05	0.02171	0.09418	0.34517	1.10093	3.07915	7.64158
1000	-6.	0.02349	0.10016	0.36353	1.14857	3.17952	7.80739
1000	-5.95	0.02537	0.10641	0.38263	1.19744	3.28031	7.96874
1000	-5.9	0.02734	0.11296	0.4025	1.2475	3.38128	8.12503
1000	-5.85	0.02941	0.11981	0.42315	1.29871	3.48215	8.2756
1000	-5.8	0.03158	0.12698	0.44461	1.35102	3.58264	8.41983
1000	-5.75	0.03384	0.13448	0.46689	1.40435	3.68244	8.55705
1000	-5.7	0.03619	0.14233	0.49001	1.45862	3.78122	8.68663
1000	-5.65	0.03864	0.15055	0.51399	1.51375	3.87865	8.80791
1000	-5.6	0.04119	0.15916	0.53883	1.56964	3.97434	8.92026
1000	-5.55	0.04383	0.16819	0.56455	1.62614	4.06793	9.02305
1000	-5.5	0.04658	0.17766	0.59114	1.68314	4.15901	9.11567
1000	-5.45	0.04943	0.18759	0.6186	1.74047	4.24717	9.19755
1000	-5.4	0.05241	0.19803	0.64692	1.79797	4.332	9.26813
1000	-5.35	0.05553	0.209	0.67607	1.85543	4.41306	9.3269
1000	-5.3	0.05879	0.22052	0.70603	1.91267	4.48994	9.37339
1000	-5.25	0.06222	0.23263	0.73676	1.96945	4.56219	9.40717
1000	-5.2	0.06585	0.24535	0.7682	2.02554	4.62938	9.42788
1000	-5.15	0.06971	0.25872	0.80028	2.08069	4.69111	9.43521
1000	-5.1	0.07381	0.27274	0.83293	2.13463	4.74696	9.4289
1000	-5.05	0.07821	0.28743	0.86604	2.18708	4.79654	9.4088
1000	-5.	0.08292	0.3028	0.89952	2.23777	4.83948	9.37477
1000	-4.95	0.088	0.31886	0.93323	2.28639	4.87543	9.32681
1000	-4.9	0.09347	0.33558	0.96705	2.33266	4.90409	9.26495
1000	-4.85	0.09936	0.35296	1.00081	2.37628	4.92516	9.18933
1000	-4.8	0.10572	0.37096	1.03436	2.41695	4.93842	9.10014
1000	-4.75	0.11256	0.38954	1.06753	2.45439	4.94365	8.99769
1000	-4.7	0.11992	0.40866	1.10012	2.48831	4.94071	8.88232
1000	-4.65	0.12782	0.42825	1.13194	2.51846	4.92949	8.7545
1000	-4.6	0.13625	0.44823	1.16279	2.54457	4.90992	8.61474
1000	-4.55	0.14524	0.46852	1.19247	2.56642	4.88202	8.46363
1000	-4.5	0.15477	0.48902	1.22076	2.5838	4.84583	8.30182
1000	-4.45	0.16486	0.50962	1.24746	2.59652	4.80146	8.13004
1000	-4.4	0.17547	0.5302	1.27237	2.60443	4.74907	7.94906
1000	-4.35	0.18658	0.55064	1.29527	2.6074	4.68888	7.75971
1000	-4.3	0.19815	0.57079	1.31598	2.60535	4.62115	7.56284
1000	-4.25	0.21012	0.59051	1.33431	2.59822	4.54621	7.35937
1000	-4.2	0.22244	0.60967	1.3501	2.58599	4.46443	7.1502
1000	-4.15	0.23505	0.6281	1.36319	2.56868	4.37623	6.9363
1000	-4.1	0.24786	0.64567	1.37344	2.54635	4.28205	6.71859
1000	-4.05	0.2608	0.66222	1.38073	2.5191	4.1824	6.49804
1000	-4.	0.27376	0.67761	1.38498	2.48706	4.07779	6.27558
1000	-3.95	0.28669	0.6917	1.38611	2.4504	3.96879	6.05214
1000	-3.9	0.29947	0.70435	1.38406	2.40934	3.85597	5.82862
1000	-3.85	0.31201	0.71543	1.37883	2.36412	3.73991	5.60587
1000	-3.8	0.32416	0.72482	1.37043	2.315	3.62123	5.38473
1000	-3.75	0.33583	0.73242	1.35888	2.26229	3.5005	5.16596
1000	-3.7	0.34688	0.73816	1.34427	2.20632	3.37835	4.95031
1000	-3.65	0.35724	0.74195	1.32666	2.14743	3.25535	4.73842
1000	-3.6	0.36679	0.74375	1.3062	2.08599	3.13208	4.53091
1000	-3.55	0.37543	0.74352	1.28301	2.02237	3.00909	4.32831
1000	-3.5	0.38305	0.74125	1.25727	1.95696	2.88691	4.1311
1000	-3.45	0.38957	0.73695	1.22917	1.89015	2.76604	3.93969
1000	-3.4	0.39492	0.73066	1.19891	1.82231	2.64693	3.75441
1000	-3.35	0.39904	0.72241	1.16671	1.75385	2.53002	3.57552
1000	-3.3	0.40189	0.71228	1.13282	1.68511	2.41569	3.40323
1000	-3.25	0.40343	0.70035	1.09748	1.61648	2.30427	3.23768
1000	-3.2	0.40363	0.68674	1.06093	1.54828	2.19606	3.07892
1000	-3.15	0.40249	0.67156	1.02343	1.48083	2.09131	2.92699
1000	-3.1	0.4	0.65496	0.98525	1.41444	1.99022	2.78184
1000	-3.05	0.39625	0.63708	0.94662	1.34937	1.89296	2.64337
1000	-3.	0.39126	0.61807	0.90779	1.28587	1.79964	2.51146
1000	-2.95	0.38509	0.5981	0.86899	1.22416	1.71032	2.38593
1000	-2.9	0.3778	0.57732	0.83046	1.16441	1.62505	2.26656
1000	-2.85	0.36947	0.55592	0.79239	1.10678	1.54381	2.15313
1000	-2.8	0.36021	0.53405	0.75498	1.0514	1.46656	2.04536
1000	-2.75	0.35016	0.51187	0.71842	0.99835	1.39323	1.94297
1000	-2.7	0.33933	0.48954	0.68285	0.9477	1.32371	1.84568
1000	-2.65	0.32766	0.46723	0.64843	0.89948	1.25787	1.75318
1000	-2.6	0.31536	0.44514	0.61527	0.85369	1.19558	1.66516
1000	-2.55	0.30265	0.42342	0.58344	0.81031	1.13667	1.58132
1000	-2.5	0.28964	0.4022	0.55301	0.7693	1.08095	1.50137
1000	-2.45	0.2766	0.3816	0.52401	0.7306	1.02826	1.425
1000	-2.4	0.26377	0.36166	0.49645	0.69414	0.97839	1.35194
1000	-2.35	0.25108	0.34242	0.47036	0.65983	0.93115	1.28192
1000	-2.3	0.23853	0.32394	0.44572	0.62759	0.88634	1.21468
1000	-2.25	0.22621	0.30625	0.42252	0.5973	0.84376	1.14999
1000	-2.2	0.21417	0.28941	0.40075	0.56886	0.80322	1.08763
1000	-2.15	0.2025	0.27342	0.38036	0.54214	0.76452	1.02742
1000	-2.1	0.19124	0.25831	0.36131	0.51702	0.72749	0.96917
1000	-2.05	0.1804	0.24407	0.34355	0.49337	0.69194	0.91273
1000	-2.	0.16997	0.23071	0.32702	0.47106	0.65771	0.858
1000	-1.95	0.15997	0.21823	0.31167	0.44996	0.62465	0.80485
1000	-1.9	0.15048	0.20663	0.2974	0.42993	0.59261	0.75322
1000	-1.85	0.14155	0.19589	0.28415	0.41084	0.56148	0.70306
1000	-1.8	0.13314	0.18597	0.27183	0.39258	0.53114	0.65433
1000	-1.75	0.12527	0.17684	0.26036	0.37501	0.5015	0.60702
1000	-1.7	0.11795	0.16847	0.24964	0.35804	0.47249	0.56114
1000	-1.65	0.11118	0.16082	0.23959	0.34156	0.44406	0.51672
1000	-1.6	0.10497	0.15384	0.23012	0.32546	0.41615	0.47381
1000	-1.55	0.09928	0.14747	0.22114	0.30967	0.38876	0.43245
1000	-1.5	0.09411	0.14167	0.21256	0.29411	0.36188	0.39271
1000	-1.45	0.08944	0.13637	0.20431	0.27872	0.33551	0.35467
1000	-1.4	0.08524	0.13152	0.1963	0.26346	0.30969	0.3184
1000	-1.35	0.08148	0.12706	0.18846	0.24827	0.28446	0.28398
1000	-1.3	0.07814	0.12293	0.18072	0.23315	0.25987	0.25148
1000	-1.25	0.0752	0.11908	0.17302	0.21807	0.23598	0.22098
1000	-1.2	0.0726	0.11544	0.16531	0.20304	0.21288	0.19253
1000	-1.15	0.07033	0.11196	0.15752	0.18808	0.19063	0.1662
1000	-1.1	0.06835	0.10858	0.14963	0.17322	0.16934	0.14201
1000	-1.05	0.06662	0.10524	0.1416	0.15849	0.14908	0.11999
1000	-1.	0.06512	0.1019	0.13341	0.14396	0.12994	0.10013
1000	-0.95	0.06377	0.09849	0.12504	0.12968	0.11201	0.08242
1000	-0.9	0.06256	0.09499	0.1165	0.11574	0.09537	0.0668
1000	-0.85	0.06146	0.09135	0.10779	0.1022	0.08007	0.05323
1000	-0.8	0.06044	0.08752	0.09893	0.08917	0.06618	0.0416
1000	-0.75	0.05947	0.08347	0.08996	0.07674	0.05372	0.03181
1000	-0.7	0.05851	0.07916	0.0809	0.065	0.04273	0.02372
1000	-0.65	0.05753	0.07456	0.07184	0.05405	0.03319	0.01719
1000	-0.6	0.0565	0.06965	0.06283	0.04399	0.02507	0.01205
1000	-0.55	0.05539	0.0644	0.05396	0.0349	0.01834	0.00812
1000	-0.5	0.05414	0.0588	0.04533	0.02685	0.0129	0.00522
1000	-0.45	0.05272	0.05283	0.03707	0.0199	0.00866	0.00318
1000	-0.4	0.05105	0.04651	0.0293	0.01408	0.00548	0.0018
1000	-0.35	0.04906	0.03986	0.02218	0.00939	0.00323	0.00094
1000	-0.3	0.04657	0.03294	0.01584	0.0058	0.00172	0.00043
1000	-0.25	0.04337	0.02586	0.01045	0.00322	0.00081	0.00017
1000	-0.2	0.0391	0.01881	0.00614	0.00154	0.00032	0.00006
1000	-0.15	0.03328	0.0121	0.00301	0.00058	0.00009	0.00001
1000	-0.1	0.02526	0.00622	0.00107	0.00014	0.00002	0.00000
1000	-0.05	0.01443	0.00189	0.00018	0.00001	0.00000	0.00000
1000	0.00	0.00074	0.00001	0.00000	0.00000	0.00000	0.00000
2000	-8.9	0.00005	0.00075	0.00601	0.03518	0.16719	0.68117
2000	-8.85	0.00006	0.00083	0.00655	0.03794	0.17866	0.72202
2000	-8.8	0.00007	0.00092	0.00714	0.0409	0.19083	0.76497
2000	-8.75	0.00008	0.00101	0.00778	0.04407	0.20374	0.81009
2000	-8.7	0.00008	0.00112	0.00847	0.04746	0.21742	0.85747
2000	-8.65	0.0001	0.00123	0.00921	0.05109	0.23192	0.90718
2000	-8.6	0.00011	0.00136	0.01002	0.05498	0.24726	0.9593
2000	-8.55	0.00012	0.00149	0.0109	0.05914	0.26349	1.01393
2000	-8.5	0.00013	0.00165	0.01184	0.06358	0.28065	1.07114
2000	-8.45	0.00015	0.00181	0.01287	0.06832	0.29878	1.13102
2000	-8.4	0.00017	0.00199	0.01397	0.07338	0.31793	1.19364
2000	-8.35	0.00019	0.00219	0.01517	0.07877	0.33814	1.25909
2000	-8.3	0.00021	0.00241	0.01646	0.08453	0.35945	1.32744
2000	-8.25	0.00024	0.00265	0.01785	0.09065	0.38191	1.39878
2000	-8.2	0.00026	0.00292	0.01935	0.09717	0.40556	1.47319
2000	-8.15	0.0003	0.0032	0.02096	0.10411	0.43046	1.55074
2000	-8.1	0.00033	0.00352	0.0227	0.11148	0.45664	1.6315
2000	-8.05	0.00037	0.00386	0.02457	0.11932	0.48416	1.71555
2000	-8.	0.00041	0.00424	0.02658	0.12763	0.51306	1.80294
2000	-7.95	0.00046	0.00465	0.02873	0.13645	0.54339	1.89376
2000	-7.9	0.00052	0.0051	0.03105	0.1458	0.5752	1.98805
2000	-7.85	0.00058	0.00558	0.03354	0.15571	0.60854	2.08588
2000	-7.8	0.00065	0.00612	0.0362	0.16619	0.64346	2.18729
2000	-7.75	0.00072	0.00669	0.03906	0.17728	0.67999	2.29233
2000	-7.7	0.00081	0.00733	0.04211	0.18899	0.7182	2.40104
2000	-7.65	0.0009	0.00801	0.04538	0.20137	0.75812	2.51345
2000	-7.6	0.00101	0.00876	0.04887	0.21443	0.7998	2.62959
2000	-7.55	0.00112	0.00956	0.0526	0.2282	0.84329	2.74947
2000	-7.5	0.00125	0.01044	0.05658	0.24271	0.88862	2.87311
2000	-7.45	0.0014	0.01139	0.06082	0.25798	0.93584	3.00051
2000	-7.4	0.00156	0.01242	0.06533	0.27405	0.98499	3.13166
2000	-7.35	0.00174	0.01354	0.07014	0.29094	1.03611	3.26653
2000	-7.3	0.00193	0.01474	0.07524	0.30868	1.08922	3.4051
2000	-7.25	0.00215	0.01604	0.08067	0.32729	1.14437	3.54731
2000	-7.2	0.00239	0.01745	0.08642	0.34681	1.20158	3.69313
2000	-7.15	0.00266	0.01896	0.09252	0.36727	1.26088	3.84247
2000	-7.1	0.00296	0.02059	0.09899	0.38868	1.32229	3.99525
2000	-7.05	0.00329	0.02234	0.10582	0.41108	1.38583	4.15136
2000	-7.	0.00365	0.02422	0.11305	0.43449	1.45152	4.3107
2000	-6.95	0.00405	0.02624	0.12069	0.45894	1.51937	4.47312
2000	-6.9	0.00449	0.0284	0.12874	0.48446	1.58938	4.63848
2000	-6.85	0.00497	0.03071	0.13723	0.51106	1.66155	4.80659
2000	-6.8	0.0055	0.03319	0.14618	0.53878	1.73588	4.97728
2000	-6.75	0.00608	0.03582	0.15558	0.56763	1.81236	5.15031
2000	-6.7	0.00671	0.03864	0.16548	0.59765	1.89095	5.32545
2000	-6.65	0.00741	0.04163	0.17586	0.62884	1.97164	5.50245
2000	-6.6	0.00816	0.04481	0.18676	0.66124	2.0544	5.68101
2000	-6.55	0.00899	0.04819	0.19819	0.69486	2.13916	5.86083
2000	-6.5	0.00988	0.05177	0.21017	0.72972	2.22589	6.04158
2000	-6.45	0.01085	0.05555	0.2227	0.76583	2.3145	6.22288
2000	-6.4	0.0119	0.05956	0.23581	0.80321	2.40493	6.40437
2000	-6.35	0.01303	0.06378	0.24951	0.84187	2.49708	6.58561
2000	-6.3	0.01425	0.06824	0.26382	0.88181	2.59084	6.76618
2000	-6.25	0.01555	0.07293	0.27876	0.92305	2.6861	6.94559
2000	-6.2	0.01695	0.07786	0.29435	0.96559	2.78272	7.12337
2000	-6.15	0.01844	0.08305	0.3106	1.00942	2.88056	7.299
2000	-6.1	0.02003	0.08848	0.32753	1.05454	2.97943	7.47192
2000	-6.05	0.02171	0.09418	0.34517	1.10093	3.07915	7.64158
2000	-6.	0.02349	0.10016	0.36353	1.14857	3.17952	7.80739
2000	-5.95	0.02537	0.10641	0.38263	1.19744	3.28031	7.96874
2000	-5.9	0.02734	0.11296	0.4025	1.2475	3.38128	8.12503
2000	-5.85	0.02941	0.11981	0.42315	1.29871	3.48215	8.2756
2000	-5.8	0.03158	0.12698	0.44461	1.35102	3.58264	8.41983
2000	-5.75	0.03384	0.13448	0.46689	1.40435	3.68244	8.55705
2000	-5.7	0.03619	0.14233	0.49001	1.45862	3.78122	8.68663
2000	-5.65	0.03864	0.15055	0.51399	1.51375	3.87865	8.80791
2000	-5.6	0.04119	0.15916	0.53883	1.56964	3.97434	8.92026
2000	-5.55	0.04383	0.16819	0.56455	1.62614	4.06793	9.02305
2000	-5.5	0.04658	0.17766	0.59114	1.68314	4.15901	9.11567
2000	-5.45	0.04943	0.18759	0.6186	1.74047	4.24717	9.19755
2000	-5.4	0.05241	0.19803	0.64692	1.79797	4.332	9.26813
2000	-5.35	0.05553	0.209	0.67607	1.85543	4.41306	9.3269
2000	-5.3	0.05879	0.22052	0.70603	1.91267	4.48994	9.37339
2000	-5.25	0.06222	0.23263	0.73676	1.96945	4.56219	9.40717
2000	-5.2	0.06585	0.24535	0.7682	2.02554	4.62938	9.42788
2000	-5.15	0.06971	0.25872	0.80028	2.08069	4.69111	9.43521
2000	-5.1	0.07381	0.27274	0.83293	2.13463	4.74696	9.4289
2000	-5.05	0.07821	0.28743	0.86604	2.18708	4.79654	9.4088
2000	-5.	0.08292	0.3028	0.89952	2.23777	4.83948	9.37477
2000	-4.95	0.088	0.31886	0.93323	2.28639	4.87543	9.32681
2000	-4.9	0.09347	0.33558	0.96705	2.33266	4.90409	9.26495
2000	-4.85	0.09936	0.35296	1.00081	2.37628	4.92516	9.18933
2000	-4.8	0.10572	0.37096	1.03436	2.41695	4.93842	9.10014
2000	-4.75	0.11256	0.38954	1.06753	2.45439	4.94365	8.99769
2000	-4.7	0.11992	0.40866	1.10012	2.48831	4.94071	8.88232
2000	-4.65	0.12782	0.42825	1.13194	2.51846	4.92949	8.7545
2000	-4.6	0.13625	0.44823	1.16279	2.54457	4.90992	8.61474
2000	-4.55	0.14524	0.46852	1.19247	2.56642	4.88202	8.46363
2000	-4.5	0.15477	0.48902	1.22076	2.5838	4.84583	8.30182
2000	-4.45	0.16486	0.50962	1.24746	2.59652	4.80146	8.13004
2000	-4.4	0.17547	0.5302	1.27237	2.60443	4.74907	7.94906
2000	-4.35	0.18658	0.55064	1.29527	2.6074	4.68888	7.75971
2000	-4.3	0.19815	0.57079	1.31598	2.60535	4.62115	7.56284
2000	-4.25	0.21012	0.59051	1.33431	2.59822	4.54621	7.35937
2000	-4.2	0.22244	0.60967	1.3501	2.58599	4.46443	7.1502
2000	-4.15	0.23505	0.6281	1.36319	2.56868	4.37623	6.9363
2000	-4.1	0.24786	0.64567	1.37344	2.54635	4.28205	6.71859
2000	-4.05	0.2608	0.66222	1.38073	2.5191	4.1824	6.49804
2000	-4.	0.27376	0.67761	1.38498	2.48706	4.07779	6.27558
2000	-3.95	0.28669	0.6917	1.38611	2.4504	3.96879	6.05214
2000	-3.9	0.29947	0.70435	1.38406	2.40934	3.85597	5.82862
2000	-3.85	0.31201	0.71543	1.37883	2.36412	3.73991	5.60587
2000	-3.8	0.32416	0.72482	1.37043	2.315	3.62123	5.38473
2000	-3.75	0.33583	0.73242	1.35888	2.26229	3.5005	5.16596
2000	-3.7	0.34688	0.73816	1.34427	2.20632	3.37835	4.95031
2000	-3.65	0.35724	0.74195	1.32666	2.14743	3.25535	4.73842
2000	-3.6	0.36679	0.74375	1.3062	2.08599	3.13208	4.53091
2000	-3.55	0.37543	0.74352	1.28301	2.02237	3.00909	4.32831
2000	-3.5	0.38305	0.74125	1.25727	1.95696	2.88691	4.1311
2000	-3.45	0.38957	0.73695	1.22917	1.89015	2.76604	3.93969
2000	-3.4	0.39492	0.73066	1.19891	1.82231	2.64693	3.75441
2000	-3.35	0.39904	0.72241	1.16671	1.75385	2.53002	3.57552
2000	-3.3	0.40189	0.71228	1.13282	1.68511	2.41569	3.40323
2000	-3.25	0.40343	0.70035	1.09748	1.61648	2.30427	3.23768
2000	-3.2	0.40363	0.68674	1.06093	1.54828	2.19606	3.07892
2000	-3.15	0.40249	0.67156	1.02343	1.48083	2.09131	2.92699
2000	-3.1	0.4	0.65496	0.98525	1.41444	1.99022	2.78184
2000	-3.05	0.39625	0.63708	0.94662	1.34937	1.89296	2.64337
2000	-3.	0.39126	0.61807	0.90779	1.28587	1.79964	2.51146
2000	-2.95	0.38509	0.5981	0.86899	1.22416	1.71032	2.38593
2000	-2.9	0.3778	0.57732	0.83046	1.16441	1.62505	2.26656
2000	-2.85	0.36947	0.55592	0.79239	1.10678	1.54381	2.15313
2000	-2.8	0.36021	0.53405	0.75498	1.0514	1.46656	2.04536
2000	-2.75	0.35016	0.51187	0.71842	0.99835	1.39323	1.94297
2000	-2.7	0.33933	0.48954	0.68285	0.9477	1.32371	1.84568
2000	-2.65	0.32766	0.46723	0.64843	0.89948	1.25787	1.75318
2000	-2.6	0.31536	0.44514	0.61527	0.85369	1.19558	1.66516
2000	-2.55	0.30265	0.42342	0.58344	0.81031	1.13667	1.58132
2000	-2.5	0.28964	0.4022	0.55301	0.7693	1.08095	1.50137
2000	-2.45	0.2766	0.3816	0.52401	0.7306	1.02826	1.425
2000	-2.4	0.26377	0.36166	0.49645	0.69414	0.97839	1.35194
2000	-2.35	0.25108	0.34242	0.47036	0.65983	0.93115	1.28192
2000	-2.3	0.23853	0.32394	0.44572	0.62759	0.88634	1.21468
2000	-2.25	0.22621	0.30625	0.42252	0.5973	0.84376	1.14999
2000	-2.2	0.21417	0.28941	0.40075	0.56886	0.80322	1.08763
2000	-2.15	0.2025	0.27342	0.38036	0.54214	0.76452	1.02742
2000	-2.1	0.19124	0.25831	0.36131	0.51702	0.72749	0.96917
2000	-2.05	0.1804	0.24407	0.34355	0.49337	0.69194	0.91273
2000	-2.	0.16997	0.23071	0.32702	0.47106	0.65771	0.858
2000	-1.95	0.15997	0.21823	0.31167	0.44996	0.62465	0.80485
2000	-1.9	0.15048	0.20663	0.2974	0.42993	0.59261	0.75322
2000	-1.85	0.14155	0.19589	0.28415	0.41084	0.56148	0.70306
2000	-1.8	0.13314	0.18597	0.27183	0.39258	0.53114	0.65433
2000	-1.75	0.12527	0.17684	0.26036	0.37501	0.5015	0.60702
2000	-1.7	0.11795	0.16847	0.24964	0.35804	0.47249	0.56114
2000	-1.65	0.11118	0.16082	0.23959	0.34156	0.44406	0.51672
2000	-1.6	0.10497	0.15384	0.23012	0.32546	0.41615	0.47381
2000	-1.55	0.09928	0.14747	0.22114	0.30967	0.38876	0.43245
2000	-1.5	0.09411	0.14167	0.21256	0.29411	0.36188	0.39271
2000	-1.45	0.08944	0.13637	0.20431	0.27872	0.33551	0.35467
2000	-1.4	0.08524	0.13152	0.1963	0.26346	0.30969	0.3184
2000	-1.35	0.08148	0.12706	0.18846	0.24827	0.28446	0.28398
2000	-1.3	0.07814	0.12293	0.18072	0.23315	0.25987	0.25148
2000	-1.25	0.0752	0.11908	0.17302	0.21807	0.23598	0.22098
2000	-1.2	0.0726	0.11544	0.16531	0.20304	0.21288	0.19253
2000	-1.15	0.07033	0.11196	0.15752	0.18808	0.19063	0.1662
2000	-1.1	0.06835	0.10858	0.14963	0.17322	0.16934	0.14201
2000	-1.05	0.06662	0.10524	0.1416	0.15849	0.14908	0.11999
2000	-1.	0.06512	0.1019	0.13341	0.14396	0.12994	0.10013
2000	-0.95	0.06377	0.09849	0.12504	0.12968	0.11201	0.08242
2000	-0.9	0.06256	0.09499	0.1165	0.11574	0.09537	0.0668
2000	-0.85	0.06146	0.09135	0.10779	0.1022	0.08007	0.05323
2000	-0.8	0.06044	0.08752	0.09893	0.08917	0.06618	0.0416
2000	-0.75	0.05947	0.08347	0.08996	0.07674	0.05372	0.03181
2000	-0.7	0.05851	0.07916	0.0809	0.065	0.04273	0.02372
2000	-0.65	0.05753	0.07456	0.07184	0.05405	0.03319	0.01719
2000	-0.6	0.0565	0.06965	0.06283	0.04399	0.02507	0.01205
2000	-0.55	0.05539	0.0644	0.05396	0.0349	0.01834	0.00812
2000	-0.5	0.05414	0.0588	0.04533	0.02685	0.0129	0.00522
2000	-0.45	0.05272	0.05283	0.03707	0.0199	0.00866	0.00318
2000	-0.4	0.05105	0.04651	0.0293	0.01408	0.00548	0.0018
2000	-0.35	0.04906	0.03986	0.02218	0.00939	0.00323	0.00094
2000	-0.3	0.04657	0.03294	0.01584	0.0058	0.00172	0.00043
2000	-0.25	0.04337	0.02586	0.01045	0.00322	0.00081	0.00017
2000	-0.2	0.0391	0.01881	0.00614	0.00154	0.00032	0.00006
2000	-0.15	0.03328	0.0121	0.00301	0.00058	0.00009	0.00001
2000	-0.1	0.02526	0.00622	0.00107	0.00014	0.00002	0.00000
2000	-0.05	0.01443	0.00189	0.00018	0.00001	0.00000	0.00000
2000	0.00	0.00074	0.00001	0.00000	0.00000	0.00000	0.00000
