mPhi[GeV]	Log[10,x]	n=1	n=2	n=3	n=4	n=5	n=6
10	-8.9	0.00002	0.00049	0.00511	0.03763	0.2185	1.06617
10	-8.85	0.00003	0.00054	0.00561	0.04091	0.23557	1.14081
10	-8.8	0.00003	0.0006	0.00615	0.04447	0.2539	1.22023
10	-8.75	0.00003	0.00066	0.00675	0.04832	0.27355	1.30471
10	-8.7	0.00004	0.00074	0.0074	0.05249	0.29463	1.39452
10	-8.65	0.00004	0.00082	0.00812	0.057	0.31721	1.48995
10	-8.6	0.00005	0.0009	0.0089	0.06188	0.34141	1.59131
10	-8.55	0.00006	0.001	0.00975	0.06716	0.36731	1.69891
10	-8.5	0.00006	0.00111	0.01068	0.07286	0.39504	1.8131
10	-8.45	0.00007	0.00123	0.0117	0.07902	0.4247	1.9342
10	-8.4	0.00008	0.00136	0.01281	0.08568	0.45642	2.06258
10	-8.35	0.00009	0.00151	0.01403	0.09286	0.49032	2.19861
10	-8.3	0.0001	0.00167	0.01535	0.1006	0.52653	2.34267
10	-8.25	0.00011	0.00185	0.01679	0.10896	0.56519	2.49515
10	-8.2	0.00012	0.00204	0.01837	0.11797	0.60645	2.65648
10	-8.15	0.00014	0.00226	0.02008	0.12767	0.65046	2.82706
10	-8.1	0.00016	0.0025	0.02195	0.13812	0.69738	3.00735
10	-8.05	0.00017	0.00277	0.02399	0.14936	0.74737	3.1978
10	-8.	0.0002	0.00306	0.02621	0.16147	0.80061	3.39886
10	-7.95	0.00022	0.00338	0.02862	0.17448	0.85729	3.61102
10	-7.9	0.00025	0.00374	0.03125	0.18846	0.91757	3.83477
10	-7.85	0.00028	0.00413	0.0341	0.20349	0.98167	4.07062
10	-7.8	0.00031	0.00456	0.0372	0.21962	1.04979	4.31908
10	-7.75	0.00035	0.00504	0.04057	0.23692	1.12213	4.58069
10	-7.7	0.00039	0.00556	0.04423	0.25549	1.19892	4.85599
10	-7.65	0.00044	0.00614	0.0482	0.27538	1.28038	5.14553
10	-7.6	0.00049	0.00678	0.0525	0.2967	1.36675	5.44988
10	-7.55	0.00055	0.00748	0.05717	0.31952	1.45826	5.76961
10	-7.5	0.00062	0.00825	0.06223	0.34393	1.55516	6.10532
10	-7.45	0.00069	0.00909	0.06771	0.37004	1.65771	6.45761
10	-7.4	0.00078	0.01003	0.07364	0.39794	1.76618	6.82707
10	-7.35	0.00087	0.01105	0.08005	0.42774	1.88083	7.21433
10	-7.3	0.00097	0.01217	0.08699	0.45955	2.00195	7.62001
10	-7.25	0.00109	0.01341	0.09449	0.49347	2.1298	8.04474
10	-7.2	0.00122	0.01476	0.10258	0.52963	2.2647	8.48916
10	-7.15	0.00137	0.01624	0.11132	0.56814	2.40692	8.95391
10	-7.1	0.00154	0.01787	0.12074	0.60914	2.55678	9.43964
10	-7.05	0.00172	0.01966	0.1309	0.65275	2.71459	9.94701
10	-7.	0.00193	0.02161	0.14184	0.6991	2.88065	10.47666
10	-6.95	0.00216	0.02375	0.15361	0.74833	3.05529	11.02926
10	-6.9	0.00241	0.02609	0.16628	0.80059	3.23882	11.60547
10	-6.85	0.0027	0.02866	0.17989	0.85601	3.43159	12.20594
10	-6.8	0.00302	0.03145	0.19451	0.91475	3.63393	12.83135
10	-6.75	0.00338	0.03451	0.21019	0.97695	3.84616	13.48234
10	-6.7	0.00379	0.03785	0.22702	1.04277	4.06863	14.15957
10	-6.65	0.00423	0.04149	0.24504	1.11237	4.30169	14.86369
10	-6.6	0.00474	0.04546	0.26433	1.18589	4.54568	15.59536
10	-6.55	0.0053	0.04979	0.28497	1.26351	4.80096	16.35519
10	-6.5	0.00592	0.0545	0.30702	1.34539	5.06788	17.14384
10	-6.45	0.00662	0.05962	0.33056	1.43168	5.34679	17.96191
10	-6.4	0.0074	0.06518	0.35566	1.52255	5.63807	18.81001
10	-6.35	0.00827	0.07123	0.38242	1.61818	5.94208	19.68874
10	-6.3	0.00924	0.07779	0.4109	1.71872	6.25918	20.59866
10	-6.25	0.01032	0.08489	0.44119	1.82434	6.58974	21.54033
10	-6.2	0.01152	0.09259	0.47337	1.93522	6.93416	22.51427
10	-6.15	0.01286	0.10092	0.50751	2.05151	7.2928	23.52099
10	-6.1	0.01435	0.10992	0.54371	2.1734	7.66606	24.56094
10	-6.05	0.016	0.11963	0.58204	2.30104	8.05433	25.63456
10	-6.	0.01783	0.13011	0.62258	2.43462	8.45801	26.74223
10	-5.95	0.01986	0.14139	0.6654	2.57429	8.8775	27.88427
10	-5.9	0.02211	0.15353	0.7106	2.72025	9.31322	29.06095
10	-5.85	0.02461	0.16658	0.75823	2.87266	9.76559	30.27247
10	-5.8	0.02737	0.18057	0.80837	3.0317	10.23503	31.51895
10	-5.75	0.03043	0.19556	0.86108	3.19757	10.72198	32.80041
10	-5.7	0.03382	0.21159	0.91644	3.37045	11.22689	34.11679
10	-5.65	0.03755	0.22871	0.9745	3.55055	11.75019	35.46788
10	-5.6	0.04167	0.24697	1.03532	3.73808	12.29234	36.85336
10	-5.55	0.0462	0.26639	1.09896	3.93326	12.8538	38.27274
10	-5.5	0.05119	0.28703	1.16546	4.13632	13.43501	39.72539
10	-5.45	0.05666	0.3089	1.23488	4.34753	14.03642	41.21046
10	-5.4	0.06266	0.33205	1.30726	4.56715	14.65847	42.72689
10	-5.35	0.06922	0.35649	1.38265	4.79547	15.30158	44.2734
10	-5.3	0.0764	0.38223	1.4611	5.03282	15.96616	45.84847
10	-5.25	0.08422	0.40929	1.54267	5.27955	16.65256	47.45024
10	-5.2	0.09272	0.43765	1.62741	5.53601	17.36111	49.0766
10	-5.15	0.10194	0.46732	1.71538	5.80262	18.09208	50.72508
10	-5.1	0.11191	0.49825	1.80667	6.07982	18.84568	52.39284
10	-5.05	0.12267	0.53044	1.90136	6.36806	19.622	54.07669
10	-5.	0.13424	0.56382	1.99959	6.66785	20.42106	55.77298
10	-4.95	0.14662	0.59834	2.10148	6.97973	21.24275	57.47768
10	-4.9	0.1598	0.63396	2.20721	7.30423	22.08679	59.18628
10	-4.85	0.17378	0.67059	2.31699	7.64195	22.95276	60.89382
10	-4.8	0.18852	0.70819	2.43106	7.99347	23.84002	62.59484
10	-4.75	0.20398	0.74667	2.54973	8.3594	24.74772	64.28342
10	-4.7	0.22011	0.78598	2.67334	8.74032	25.67475	65.95312
10	-4.65	0.23681	0.82606	2.80231	9.13681	26.61972	67.59706
10	-4.6	0.25398	0.86689	2.93709	9.5494	27.58096	69.20785
10	-4.55	0.27149	0.90844	3.07822	9.97859	28.55643	70.77767
10	-4.5	0.28919	0.95074	3.22629	10.42477	29.54375	72.29829
10	-4.45	0.30685	0.99385	3.38196	10.88823	30.54017	73.76106
10	-4.4	0.32426	1.03792	3.54594	11.36916	31.54253	75.15706
10	-4.35	0.34119	1.08313	3.719	11.86755	32.54726	76.47703
10	-4.3	0.35745	1.12978	3.90192	12.38323	33.55038	77.71154
10	-4.25	0.37283	1.17821	4.09553	12.9158	34.5475	78.85103
10	-4.2	0.3871	1.2289	4.30065	13.4646	35.5338	79.88589
10	-4.15	0.40014	1.2824	4.51806	14.02871	36.50407	80.80657
10	-4.1	0.41187	1.33937	4.7485	14.60689	37.45272	81.60366
10	-4.05	0.42226	1.40056	4.99264	15.19759	38.37382	82.26801
10	-4.	0.43147	1.4668	5.25102	15.79891	39.26115	82.79089
10	-3.95	0.43982	1.53895	5.52405	16.40861	40.1082	83.16399
10	-3.9	0.44761	1.61793	5.81197	17.02409	40.90827	83.37965
10	-3.85	0.45529	1.70466	6.11481	17.64238	41.65453	83.43092
10	-3.8	0.46339	1.80005	6.4324	18.26018	42.34008	83.31172
10	-3.75	0.47262	1.90498	6.76431	18.87385	42.95801	83.01687
10	-3.7	0.48384	2.02026	7.10987	19.47945	43.50151	82.5423
10	-3.65	0.49784	2.14656	7.46811	20.07274	43.96392	81.88504
10	-3.6	0.51538	2.28448	7.83782	20.64922	44.33886	81.04342
10	-3.55	0.53725	2.43446	8.2175	21.20418	44.62029	80.01708
10	-3.5	0.56424	2.59683	8.60536	21.73275	44.8026	78.80705
10	-3.45	0.59707	2.77178	8.99933	22.22991	44.88072	77.41578
10	-3.4	0.63656	2.95931	9.39707	22.69058	44.85017	75.84722
10	-3.35	0.68345	3.15925	9.79597	23.10965	44.70724	74.10688
10	-3.3	0.73837	3.37122	10.19316	23.48208	44.44893	72.20166
10	-3.25	0.80195	3.59464	10.58554	23.80291	44.07319	70.14006
10	-3.2	0.87474	3.82874	10.96978	24.0674	43.57884	67.9319
10	-3.15	0.95728	4.0725	11.34238	24.27103	42.96574	65.58851
10	-3.1	1.0499	4.32465	11.69968	24.40964	42.23481	63.12242
10	-3.05	1.15272	4.58373	12.0379	24.47946	41.38804	60.54743
10	-3.	1.26586	4.84808	12.3532	24.47717	40.42854	57.87831
10	-2.95	1.38932	5.11579	12.64169	24.40003	39.36056	55.13082
10	-2.9	1.52295	5.38477	12.89949	24.24592	38.1895	52.32153
10	-2.85	1.6664	5.6527	13.12279	24.01337	36.92181	49.46741
10	-2.8	1.81919	5.91708	13.30791	23.70171	35.56509	46.58603
10	-2.75	1.98076	6.17527	13.45133	23.31101	34.12785	43.6949
10	-2.7	2.15041	6.42441	13.54981	22.84224	32.61962	40.81168
10	-2.65	2.3272	6.66152	13.60038	22.29721	31.05069	37.95358
10	-2.6	2.51003	6.8835	13.60051	21.67869	29.43212	35.13746
10	-2.55	2.69762	7.08714	13.54809	20.99029	27.7755	32.37931
10	-2.5	2.88843	7.2692	13.44155	20.23659	26.09285	29.69428
10	-2.45	3.08061	7.42646	13.27995	19.42302	24.39649	27.09639
10	-2.4	3.27215	7.55576	13.06298	18.55583	22.69874	24.59823
10	-2.35	3.46065	7.6541	12.7911	17.64203	21.01188	22.21106
10	-2.3	3.6435	7.71874	12.4655	16.68929	19.34784	19.94437
10	-2.25	3.81789	7.74724	12.08816	15.70587	17.71809	17.80607
10	-2.2	3.98102	7.73757	11.66188	14.70042	16.13342	15.80222
10	-2.15	4.13009	7.68815	11.19022	13.68191	14.60377	13.93706
10	-2.1	4.26189	7.59791	10.67754	12.6594	13.13808	12.21301
10	-2.05	4.3732	7.46645	10.12891	11.64196	11.74413	10.6307
10	-2.	4.46107	7.29412	9.55003	10.63843	10.42851	9.18915
10	-1.95	4.52264	7.08198	8.94715	9.65725	9.19641	7.88565
10	-1.9	4.55553	6.8319	8.32693	8.70634	8.05169	6.71616
10	-1.85	4.55802	6.54649	7.69628	7.79289	6.99675	5.67524
10	-1.8	4.52863	6.22907	7.06227	6.9233	6.0327	4.75644
10	-1.75	4.46668	5.88363	6.43192	6.10294	5.15921	3.95233
10	-1.7	4.37171	5.51482	5.81207	5.33621	4.37479	3.25484
10	-1.65	4.24384	5.12788	5.20918	4.62634	3.67673	2.65537
10	-1.6	4.085	4.72853	4.62916	3.97549	3.0614	2.14507
10	-1.55	3.89822	4.32251	4.07721	3.38464	2.52426	1.71498
10	-1.5	3.68617	3.91558	3.55779	2.85372	2.06009	1.35624
10	-1.45	3.45259	3.51346	3.07447	2.38169	1.66322	1.06028
10	-1.4	3.20181	3.12155	2.62986	1.96653	1.32758	0.81886
10	-1.35	2.93833	2.74484	2.22566	1.60552	1.04697	0.62431
10	-1.3	2.6674	2.38776	1.86255	1.29521	0.81517	0.46948
10	-1.25	2.39486	2.05388	1.54034	1.03174	0.62611	0.34792
10	-1.2	2.1255	1.74591	1.258	0.81086	0.47395	0.25383
10	-1.15	1.86389	1.46573	1.01383	0.62817	0.35323	0.1821
10	-1.1	1.61404	1.21437	0.80553	0.47919	0.25889	0.1283
10	-1.05	1.37909	0.99211	0.63036	0.35951	0.18634	0.08864
10	-1.	1.16195	0.79854	0.48526	0.26492	0.13152	0.05997
10	-0.95	0.96501	0.63248	0.36696	0.19143	0.09088	0.03965
10	-0.9	0.78898	0.49225	0.27215	0.1354	0.06135	0.02557
10	-0.85	0.63416	0.37582	0.19758	0.09356	0.04038	0.01604
10	-0.8	0.50027	0.28091	0.14011	0.063	0.02585	0.00977
10	-0.75	0.38641	0.2051	0.09681	0.04124	0.01604	0.00576
10	-0.7	0.29153	0.14591	0.06499	0.02615	0.00963	0.00328
10	-0.65	0.21443	0.10083	0.04224	0.01601	0.00556	0.00179
10	-0.6	0.15324	0.06742	0.02646	0.00942	0.00308	0.00094
10	-0.55	0.10596	0.0434	0.01591	0.00531	0.00163	0.00047
10	-0.5	0.07047	0.02674	0.00913	0.00285	0.00082	0.00022
10	-0.45	0.04471	0.01567	0.00497	0.00145	0.00039	0.0001
10	-0.4	0.02685	0.00868	0.00255	0.00069	0.00017	0.00004
10	-0.35	0.01519	0.00452	0.00123	0.00031	0.00007	0.00002
10	-0.3	0.00802	0.00219	0.00055	0.00013	0.00003	0.00000
10	-0.25	0.00392	0.00098	0.00023	0.00005	0.00000	0.00000
10	-0.2	0.00174	0.0004	0.00009	0.00002	0.00000	0.00000
10	-0.15	0.00072	0.00015	0.00003	0.00000	0.00000	0.00000
10	-0.1	0.00028	0.00005	0.00000	0.00000	0.00000	0.00000
10	-0.05	0.0001	0.00001	0.00000	0.00000	0.00000	0.00000
10	0.00	0.00000	0.00000	0.00000	0.00000	0.00000	0.00000
20	-8.9	0.00006	0.00108	0.01081	0.07676	0.43196	2.05037
20	-8.85	0.00006	0.00119	0.01185	0.08336	0.46512	2.19099
20	-8.8	0.00007	0.00132	0.01299	0.09051	0.50065	2.34038
20	-8.75	0.00008	0.00147	0.01424	0.09823	0.5387	2.49901
20	-8.7	0.00009	0.00162	0.0156	0.10657	0.57943	2.66736
20	-8.65	0.0001	0.0018	0.01709	0.11559	0.62302	2.84596
20	-8.6	0.00011	0.00199	0.01871	0.12533	0.66963	3.03533
20	-8.55	0.00013	0.0022	0.02048	0.13584	0.71945	3.23602
20	-8.5	0.00014	0.00244	0.02241	0.14718	0.77269	3.4486
20	-8.45	0.00016	0.0027	0.02452	0.15941	0.82954	3.67367
20	-8.4	0.00018	0.00299	0.02682	0.1726	0.89023	3.91183
20	-8.35	0.0002	0.00331	0.02933	0.18681	0.95497	4.16373
20	-8.3	0.00023	0.00366	0.03206	0.20212	1.02401	4.43002
20	-8.25	0.00026	0.00404	0.03503	0.21859	1.0976	4.71136
20	-8.2	0.00029	0.00447	0.03827	0.23632	1.17598	5.00846
20	-8.15	0.00032	0.00494	0.04179	0.25539	1.25943	5.32202
20	-8.1	0.00036	0.00546	0.04562	0.27589	1.34824	5.6528
20	-8.05	0.00041	0.00603	0.04979	0.29791	1.44268	6.00153
20	-8.	0.00046	0.00666	0.05431	0.32156	1.54307	6.369
20	-7.95	0.00051	0.00736	0.05923	0.34694	1.64972	6.756
20	-7.9	0.00057	0.00812	0.06457	0.37417	1.76295	7.16333
20	-7.85	0.00064	0.00897	0.07037	0.40336	1.88311	7.59183
20	-7.8	0.00072	0.00989	0.07666	0.43464	2.01055	8.04235
20	-7.75	0.00081	0.01091	0.08347	0.46813	2.14561	8.51574
20	-7.7	0.00091	0.01204	0.09086	0.50398	2.28869	9.01289
20	-7.65	0.00102	0.01327	0.09886	0.54232	2.44016	9.53467
20	-7.6	0.00114	0.01463	0.10752	0.5833	2.60042	10.08201
20	-7.55	0.00128	0.01612	0.11689	0.62709	2.76988	10.65581
20	-7.5	0.00143	0.01776	0.12703	0.67383	2.94895	11.257
20	-7.45	0.0016	0.01955	0.13798	0.72371	3.13806	11.88651
20	-7.4	0.0018	0.02153	0.1498	0.77688	3.33765	12.54531
20	-7.35	0.00201	0.02369	0.16257	0.83355	3.54817	13.23432
20	-7.3	0.00225	0.02606	0.17634	0.89389	3.77007	13.95451
20	-7.25	0.00252	0.02866	0.19118	0.9581	4.00383	14.70685
20	-7.2	0.00282	0.0315	0.20718	1.02637	4.24991	15.49228
20	-7.15	0.00316	0.03462	0.22439	1.09892	4.5088	16.31178
20	-7.1	0.00354	0.03803	0.24291	1.17596	4.781	17.1663
20	-7.05	0.00396	0.04176	0.26282	1.2577	5.067	18.0568
20	-7.	0.00443	0.04583	0.28421	1.34437	5.3673	18.98422
20	-6.95	0.00496	0.05028	0.30716	1.43621	5.68242	19.9495
20	-6.9	0.00555	0.05514	0.33179	1.53343	6.01287	20.95357
20	-6.85	0.0062	0.06043	0.35817	1.63629	6.35917	21.99735
20	-6.8	0.00693	0.06621	0.38643	1.74502	6.72185	23.08173
20	-6.75	0.00775	0.0725	0.41666	1.85987	7.10145	24.20759
20	-6.7	0.00866	0.07934	0.44898	1.98109	7.49848	25.37578
20	-6.65	0.00968	0.08679	0.4835	2.10893	7.9135	26.58713
20	-6.6	0.01081	0.09489	0.52033	2.24365	8.34705	27.84243
20	-6.55	0.01208	0.10367	0.55959	2.38551	8.79966	29.14243
20	-6.5	0.01349	0.11321	0.60141	2.53477	9.27188	30.48786
20	-6.45	0.01506	0.12355	0.64591	2.69169	9.76426	31.87938
20	-6.4	0.01681	0.13474	0.6932	2.85654	10.27736	33.31761
20	-6.35	0.01875	0.14685	0.74342	3.02957	10.81173	34.80311
20	-6.3	0.02091	0.15993	0.7967	3.21107	11.36791	36.33636
20	-6.25	0.02331	0.17406	0.85315	3.4013	11.94648	37.91777
20	-6.2	0.02597	0.1893	0.9129	3.60053	12.54798	39.54767
20	-6.15	0.02892	0.20571	0.97608	3.80903	13.17299	41.22629
20	-6.1	0.0322	0.22336	1.04281	4.02708	13.82205	42.95373
20	-6.05	0.03583	0.24233	1.11321	4.25497	14.49573	44.72999
20	-6.	0.03984	0.26267	1.18739	4.49298	15.19459	46.55492
20	-5.95	0.04428	0.28448	1.26548	4.74141	15.91918	48.42823
20	-5.9	0.04918	0.3078	1.34757	5.00055	16.67006	50.34944
20	-5.85	0.0546	0.33271	1.43379	5.27072	17.44777	52.31788
20	-5.8	0.06056	0.35927	1.52424	5.55223	18.25285	54.33267
20	-5.75	0.06713	0.38755	1.61903	5.84543	19.0858	56.3927
20	-5.7	0.07433	0.41759	1.71824	6.15066	19.94714	58.49659
20	-5.65	0.08222	0.44947	1.822	6.4683	20.83732	60.64267
20	-5.6	0.09085	0.48321	1.93038	6.79873	21.75678	62.82896
20	-5.55	0.10028	0.51887	2.04351	7.14236	22.70591	65.05314
20	-5.5	0.11057	0.55648	2.16147	7.49964	23.68505	67.31252
20	-5.45	0.12178	0.59605	2.28439	7.87102	24.69445	69.60399
20	-5.4	0.13395	0.63759	2.41238	8.25701	25.73429	71.92402
20	-5.35	0.14711	0.68111	2.54557	8.65811	26.80466	74.26861
20	-5.3	0.16131	0.7266	2.68413	9.07489	27.90549	76.63328
20	-5.25	0.17659	0.77403	2.82821	9.50793	29.0366	79.01301
20	-5.2	0.19299	0.82338	2.97803	9.95782	30.19763	81.40223
20	-5.15	0.21051	0.87461	3.1338	10.4252	31.38803	83.79483
20	-5.1	0.22915	0.92767	3.29582	10.9107	32.60702	86.18408
20	-5.05	0.24889	0.98251	3.46438	11.41497	33.85357	88.56267
20	-5.	0.26967	1.03907	3.63987	11.93867	35.12636	90.92266
20	-4.95	0.29144	1.09734	3.8227	12.4824	36.42376	93.25552
20	-4.9	0.31414	1.15726	4.01336	13.04677	37.74379	95.5521
20	-4.85	0.33767	1.21884	4.21239	13.63232	39.08408	97.80266
20	-4.8	0.36186	1.28208	4.42042	14.2395	40.44187	99.99692
20	-4.75	0.38656	1.34703	4.63813	14.86867	41.81394	102.12404
20	-4.7	0.41158	1.41382	4.86626	15.52007	43.19659	104.17271
20	-4.65	0.43672	1.48259	5.10563	16.19376	44.58566	106.13123
20	-4.6	0.4617	1.5536	5.35709	16.88961	45.97646	107.98747
20	-4.55	0.4863	1.62717	5.62153	17.60727	47.36381	109.72912
20	-4.5	0.51029	1.70375	5.89986	18.3461	48.74199	111.34364
20	-4.45	0.53354	1.78387	6.19299	19.10518	50.10478	112.8184
20	-4.4	0.55593	1.86814	6.50179	19.88327	51.44546	114.1409
20	-4.35	0.57737	1.95729	6.82707	20.67873	52.75684	115.29871
20	-4.3	0.59787	2.05217	7.16956	21.48957	54.03127	116.27975
20	-4.25	0.61764	2.15368	7.52985	22.31338	55.26074	117.07241
20	-4.2	0.63696	2.26278	7.90838	23.1473	56.43688	117.66558
20	-4.15	0.65622	2.38047	8.30542	23.98807	57.55103	118.04901
20	-4.1	0.67582	2.50775	8.72101	24.83198	58.59435	118.21323
20	-4.05	0.69627	2.64568	9.15493	25.67486	59.55786	118.14984
20	-4.	0.71829	2.79526	9.6067	26.51214	60.43257	117.85167
20	-3.95	0.74274	2.95745	10.07554	27.33884	61.20953	117.3128
20	-3.9	0.77043	3.13309	10.56034	28.14959	61.88001	116.52881
20	-3.85	0.80219	3.32294	11.05966	28.93867	62.43552	115.49684
20	-3.8	0.83892	3.52765	11.57171	29.70006	62.86802	114.21578
20	-3.75	0.88152	3.7477	12.09436	30.42748	63.16994	112.68618
20	-3.7	0.93088	3.98343	12.62507	31.11445	63.33442	110.91061
20	-3.65	0.98796	4.235	13.16097	31.75436	63.35529	108.89337
20	-3.6	1.05366	4.50233	13.6988	32.34054	63.22733	106.64089
20	-3.55	1.12893	4.78515	14.23497	32.86634	62.94627	104.16145
20	-3.5	1.21468	5.08289	14.76551	33.32523	62.50897	101.46532
20	-3.45	1.31182	5.39469	15.28617	33.71086	61.91347	98.56459
20	-3.4	1.4211	5.7194	15.7924	34.01723	61.1591	95.47323
20	-3.35	1.54307	6.05554	16.27944	34.2387	60.24657	92.207
20	-3.3	1.67826	6.40134	16.74232	34.37016	59.17794	88.78309
20	-3.25	1.82713	6.75469	17.17594	34.40712	57.95682	85.2203
20	-3.2	1.98996	7.1131	17.57514	34.34576	56.58816	81.53852
20	-3.15	2.16674	7.47377	17.93478	34.18312	55.07847	77.75885
20	-3.1	2.35711	7.83358	18.24981	33.91707	53.43563	73.90309
20	-3.05	2.56046	8.18915	18.51535	33.54651	51.66893	69.99371
20	-3.	2.77599	8.53686	18.72679	33.0713	49.78892	66.05338
20	-2.95	3.00255	8.87288	18.87987	32.49244	47.80738	62.10489
20	-2.9	3.23871	9.19322	18.97077	31.81204	45.73719	58.17088
20	-2.85	3.48265	9.4938	18.99619	31.0333	43.59208	54.27329
20	-2.8	3.73244	9.77052	18.95343	30.16064	41.38664	50.43352
20	-2.75	3.98603	10.01923	18.84048	29.19954	39.13593	46.67167
20	-2.7	4.24097	10.23585	18.65609	28.15661	36.85552	43.00683
20	-2.65	4.49443	10.41642	18.39985	27.03944	34.561	39.45629
20	-2.6	4.74322	10.55726	18.07225	25.85658	32.26802	36.03592
20	-2.55	4.98395	10.65502	17.6747	24.6174	29.99184	32.75945
20	-2.5	5.21325	10.70679	17.20957	23.33194	27.74728	29.63871
20	-2.45	5.42777	10.71013	16.68017	22.01084	25.54845	26.68349
20	-2.4	5.62388	10.66313	16.09076	20.66504	23.40844	23.90122
20	-2.35	5.79778	10.56459	15.44652	19.30576	21.33935	21.29732
20	-2.3	5.94566	10.41408	14.75347	17.94413	19.35186	18.87488
20	-2.25	6.06383	10.21205	14.01839	16.59116	17.45537	16.63504
20	-2.2	6.14928	9.95986	13.24867	15.25742	15.65767	14.57685
20	-2.15	6.19976	9.65965	12.45216	13.95293	13.96504	12.69753
20	-2.1	6.21293	9.31441	11.63709	12.68693	12.38205	10.99255
20	-2.05	6.18701	8.928	10.81183	11.46777	10.91172	9.45592
20	-2.	6.12088	8.50515	9.98477	10.30279	9.55553	8.08039
20	-1.95	6.01419	8.05131	9.16404	9.19812	8.31336	6.85751
20	-1.9	5.86825	7.57258	8.35738	8.15875	7.18382	5.77812
20	-1.85	5.68579	7.07525	7.57192	7.18837	6.16414	4.83229
20	-1.8	5.46947	6.56575	6.81415	6.28952	5.25055	4.00981
20	-1.75	5.22264	6.05054	6.0897	5.46348	4.43822	3.30013
20	-1.7	4.94912	5.53602	5.40338	4.71044	3.72165	2.69279
20	-1.65	4.65321	5.02835	4.75896	4.02948	3.09463	2.17739
20	-1.6	4.34067	4.53332	4.15928	3.41883	2.55061	1.74392
20	-1.55	4.018	4.0558	3.60611	2.87586	2.08271	1.3827
20	-1.5	3.69013	3.59986	3.1004	2.39727	1.68396	1.08464
20	-1.45	3.36164	3.16893	2.64225	1.97928	1.34739	0.84123
20	-1.4	3.03691	2.76571	2.23101	1.61764	1.06616	0.6446
20	-1.35	2.71991	2.39225	1.86539	1.30785	0.83369	0.48761
20	-1.3	2.41457	2.04983	1.54347	1.04523	0.64369	0.36381
20	-1.25	2.12448	1.739	1.26292	0.82506	0.4903	0.26747
20	-1.2	1.85168	1.45959	1.02101	0.64265	0.36804	0.19355
20	-1.15	1.59775	1.21104	0.81483	0.49343	0.27196	0.1377
20	-1.1	1.36374	0.99235	0.64123	0.37303	0.19758	0.09618
20	-1.05	1.15012	0.80221	0.49701	0.27731	0.14094	0.06586
20	-1.	0.95743	0.63907	0.37891	0.20241	0.09855	0.04414
20	-0.95	0.78613	0.50099	0.2837	0.14482	0.06743	0.02891
20	-0.9	0.63565	0.38585	0.20823	0.10139	0.04506	0.01845
20	-0.85	0.50529	0.2914	0.14954	0.0693	0.02934	0.01146
20	-0.8	0.39409	0.21532	0.10483	0.04614	0.01857	0.0069
20	-0.75	0.30076	0.1553	0.07156	0.02984	0.0114	0.00402
20	-0.7	0.224	0.10905	0.04742	0.01869	0.00676	0.00226
20	-0.65	0.16248	0.07432	0.0304	0.01129	0.00386	0.00122
20	-0.6	0.11437	0.04896	0.01878	0.00656	0.00211	0.00063
20	-0.55	0.07778	0.03103	0.01112	0.00364	0.0011	0.00031
20	-0.5	0.05084	0.01881	0.00629	0.00193	0.00055	0.00015
20	-0.45	0.03168	0.01084	0.00337	0.00097	0.00026	0.00006
20	-0.4	0.01865	0.0059	0.00171	0.00046	0.00011	0.00003
20	-0.35	0.01036	0.00302	0.00081	0.0002	0.00005	0.00001
20	-0.3	0.00537	0.00144	0.00036	0.00008	0.00002	0.00000
20	-0.25	0.00257	0.00063	0.00015	0.00003	0.00000	0.00000
20	-0.2	0.00112	0.00026	0.00005	0.00001	0.00000	0.00000
20	-0.15	0.00046	0.0001	0.00002	0.00000	0.00000	0.00000
20	-0.1	0.00018	0.00003	0.00000	0.00000	0.00000	0.00000
20	-0.05	0.00006	0.00000	0.00000	0.00000	0.00000	0.00000
20	0.00	0.00000	0.00000	0.00000	0.00000	0.00000	0.00000
40	-8.9	0.00013	0.00227	0.02182	0.14927	0.81384	3.75756
40	-8.85	0.00014	0.00252	0.0239	0.16191	0.87515	4.00976
40	-8.8	0.00016	0.00279	0.02617	0.17556	0.94074	4.27722
40	-8.75	0.00018	0.00308	0.02864	0.1903	1.01087	4.56073
40	-8.7	0.0002	0.00341	0.03135	0.2062	1.08581	4.86111
40	-8.65	0.00023	0.00378	0.03429	0.22335	1.16587	5.17919
40	-8.6	0.00026	0.00418	0.03751	0.24184	1.25133	5.51587
40	-8.55	0.00029	0.00462	0.04101	0.26177	1.34253	5.87203
40	-8.5	0.00032	0.00511	0.04483	0.28324	1.43981	6.24862
40	-8.45	0.00036	0.00566	0.04899	0.30636	1.5435	6.64659
40	-8.4	0.00041	0.00625	0.05351	0.33124	1.65399	7.06695
40	-8.35	0.00046	0.00691	0.05844	0.35799	1.77166	7.51071
40	-8.3	0.00051	0.00764	0.06379	0.38676	1.89689	7.97893
40	-8.25	0.00057	0.00843	0.06962	0.41768	2.03012	8.47269
40	-8.2	0.00064	0.00932	0.07595	0.45088	2.17178	8.99308
40	-8.15	0.00072	0.01029	0.08283	0.48652	2.32231	9.54126
40	-8.1	0.00081	0.01136	0.0903	0.52476	2.48218	10.11838
40	-8.05	0.0009	0.01253	0.0984	0.56576	2.65187	10.72563
40	-8.	0.00101	0.01383	0.10719	0.60971	2.8319	11.36422
40	-7.95	0.00114	0.01526	0.11673	0.65678	3.02276	12.03538
40	-7.9	0.00127	0.01682	0.12706	0.70717	3.22502	12.74036
40	-7.85	0.00143	0.01855	0.13825	0.76108	3.4392	13.48045
40	-7.8	0.0016	0.02044	0.15037	0.81872	3.66589	14.25692
40	-7.75	0.00179	0.02252	0.16348	0.88032	3.90567	15.0711
40	-7.7	0.00201	0.02481	0.17765	0.9461	4.15913	15.92431
40	-7.65	0.00225	0.02732	0.19297	1.0163	4.42691	16.81787
40	-7.6	0.00252	0.03007	0.20952	1.09118	4.70963	17.75314
40	-7.55	0.00282	0.03309	0.22738	1.171	5.00794	18.73147
40	-7.5	0.00316	0.0364	0.24665	1.25602	5.3225	19.7542
40	-7.45	0.00354	0.04003	0.26743	1.34652	5.65399	20.82271
40	-7.4	0.00396	0.044	0.28982	1.44279	6.0031	21.93834
40	-7.35	0.00444	0.04834	0.31392	1.54514	6.37052	23.10244
40	-7.3	0.00496	0.0531	0.33985	1.65386	6.75698	24.31636
40	-7.25	0.00556	0.0583	0.36773	1.76927	7.16318	25.58143
40	-7.2	0.00622	0.06397	0.39769	1.8917	7.58987	26.89895
40	-7.15	0.00695	0.07018	0.42986	2.02148	8.03779	28.27023
40	-7.1	0.00778	0.07695	0.46436	2.15895	8.50768	29.69654
40	-7.05	0.0087	0.08433	0.50135	2.30445	9.00031	31.1791
40	-7.	0.00973	0.09237	0.54097	2.45836	9.51643	32.71913
40	-6.95	0.01087	0.10114	0.58338	2.62102	10.05681	34.31778
40	-6.9	0.01215	0.11067	0.62872	2.7928	10.62223	35.97617
40	-6.85	0.01357	0.12105	0.67717	2.97408	11.21345	37.69536
40	-6.8	0.01516	0.13232	0.72888	3.16525	11.83126	39.47635
40	-6.75	0.01693	0.14455	0.78404	3.36667	12.47643	41.32007
40	-6.7	0.0189	0.15783	0.84282	3.57875	13.14975	43.22739
40	-6.65	0.02109	0.17221	0.90539	3.80187	13.85198	45.19906
40	-6.6	0.02353	0.18779	0.97193	4.03643	14.5839	47.23575
40	-6.55	0.02624	0.20464	1.04264	4.28284	15.34628	49.33803
40	-6.5	0.02924	0.22286	1.11769	4.54149	16.1399	51.50635
40	-6.45	0.03259	0.24252	1.19727	4.81279	16.9655	53.74101
40	-6.4	0.03629	0.26372	1.28158	5.09716	17.82386	56.04217
40	-6.35	0.0404	0.28655	1.37079	5.39501	18.7157	58.40984
40	-6.3	0.04496	0.31112	1.4651	5.70675	19.64176	60.84381
40	-6.25	0.04999	0.33751	1.56469	6.03282	20.60276	63.34372
40	-6.2	0.05557	0.36583	1.66975	6.37364	21.59941	65.90895
40	-6.15	0.06172	0.39618	1.78046	6.72966	22.63238	68.53865
40	-6.1	0.06851	0.42865	1.89701	7.10131	23.70232	71.2317
40	-6.05	0.07599	0.46334	2.01956	7.48907	24.80987	73.98669
40	-6.	0.08423	0.50035	2.14831	7.89339	25.9556	76.80187
40	-5.95	0.09329	0.53976	2.28342	8.31476	27.14006	79.67517
40	-5.9	0.10323	0.58167	2.42508	8.75368	28.36374	82.60412
40	-5.85	0.11411	0.62615	2.57346	9.21066	29.62705	85.58582
40	-5.8	0.12598	0.67328	2.72874	9.68624	30.93035	88.61696
40	-5.75	0.13894	0.72314	2.89111	10.18097	32.27389	91.69372
40	-5.7	0.15306	0.77577	3.06076	10.69544	33.65781	94.81177
40	-5.65	0.1684	0.83122	3.23788	11.23023	35.08214	97.96622
40	-5.6	0.18502	0.88955	3.42269	11.78599	36.54675	101.15164
40	-5.55	0.20302	0.95076	3.61543	12.36333	38.05133	104.36191
40	-5.5	0.22243	1.01487	3.81635	12.96295	39.59541	107.59034
40	-5.45	0.24329	1.08188	4.02573	13.5855	41.17825	110.82949
40	-5.4	0.26563	1.15179	4.2439	14.23168	42.79889	114.07126
40	-5.35	0.28944	1.22459	4.47123	14.90217	44.45605	117.30683
40	-5.3	0.31472	1.30026	4.70811	15.59765	46.14816	120.52666
40	-5.25	0.34143	1.37881	4.955	16.31879	47.87328	123.72043
40	-5.2	0.36955	1.46024	5.21244	17.06619	49.62907	126.8771
40	-5.15	0.399	1.54455	5.48099	17.8404	51.41276	129.98493
40	-5.1	0.42966	1.63179	5.76129	18.64192	53.22112	133.03142
40	-5.05	0.46141	1.72203	6.05407	19.4711	55.05043	136.00345
40	-5.	0.4941	1.81538	6.36008	20.32819	56.89641	138.88723
40	-4.95	0.52754	1.91202	6.68017	21.21323	58.75424	141.66841
40	-4.9	0.56154	2.01217	7.01523	22.12611	60.61852	144.33215
40	-4.85	0.59588	2.11616	7.36618	23.06644	62.48324	146.86314
40	-4.8	0.63036	2.22438	7.73398	24.03356	64.34178	149.24583
40	-4.75	0.66482	2.33735	8.11959	25.02651	66.1869	151.46436
40	-4.7	0.69912	2.45567	8.52396	26.04396	68.01076	153.50284
40	-4.65	0.73312	2.58003	8.94799	27.0842	69.80494	155.34546
40	-4.6	0.76679	2.71125	9.39252	28.14509	71.56043	156.9765
40	-4.55	0.80029	2.85025	9.85825	29.22405	73.26774	158.38072
40	-4.5	0.83382	2.99798	10.34578	30.318	74.91685	159.54331
40	-4.45	0.8676	3.15548	10.85549	31.42337	76.49737	160.45017
40	-4.4	0.902	3.32386	11.38759	32.5361	77.99855	161.08814
40	-4.35	0.93753	3.50423	11.94201	33.65159	79.40939	161.44503
40	-4.3	0.97482	3.69771	12.51842	34.76471	80.71873	161.5099
40	-4.25	1.01462	3.90539	13.11616	35.86986	81.91538	161.27332
40	-4.2	1.05769	4.1283	13.73423	36.96092	82.98817	160.72729
40	-4.15	1.10491	4.36741	14.37127	38.03134	83.92617	159.86571
40	-4.1	1.15723	4.62358	15.02553	39.0741	84.71874	158.68427
40	-4.05	1.21564	4.89752	15.69483	40.08183	85.3557	157.18073
40	-4.	1.28117	5.18981	16.37659	41.04685	85.82752	155.35511
40	-3.95	1.35482	5.50081	17.06778	41.9612	86.12535	153.20954
40	-3.9	1.43762	5.83072	17.76493	42.81675	86.24129	150.74858
40	-3.85	1.53066	6.17948	18.46413	43.60528	86.16846	147.97913
40	-3.8	1.63508	6.54675	19.16103	44.31856	85.90119	144.91062
40	-3.75	1.75195	6.93187	19.85088	44.94848	85.43507	141.55464
40	-3.7	1.88221	7.33388	20.52852	45.48717	84.76718	137.92541
40	-3.65	2.02671	7.75144	21.18847	45.92705	83.8961	134.03917
40	-3.6	2.18627	8.18287	21.82492	46.26105	82.82208	129.91453
40	-3.55	2.36163	8.62609	22.43182	46.48266	81.54706	125.572
40	-3.5	2.55332	9.07859	23.00292	46.5861	80.07475	121.03401
40	-3.45	2.76174	9.53745	23.53189	46.56641	78.4106	116.3245
40	-3.4	2.98689	9.99933	24.01239	46.41959	76.56189	111.46887
40	-3.35	3.22842	10.46053	24.43814	46.14272	74.53768	106.49377
40	-3.3	3.48591	10.91699	24.80308	45.73402	72.34863	101.42643
40	-3.25	3.7586	11.36428	25.1014	45.19297	70.00713	96.29489
40	-3.2	4.04532	11.79767	25.32774	44.52035	67.52694	91.12711
40	-3.15	4.34436	12.2122	25.47727	43.71832	64.92328	85.95123
40	-3.1	4.65356	12.60277	25.54578	42.79041	62.21247	80.79478
40	-3.05	4.9705	12.96421	25.52984	41.74154	59.41185	75.6846
40	-3.	5.2924	13.29137	25.42684	40.57795	56.53947	70.64638
40	-2.95	5.6161	13.57918	25.23512	39.30723	53.61391	65.70449
40	-2.9	5.93786	13.82278	24.95406	37.93819	50.65415	60.88183
40	-2.85	6.25351	14.0177	24.58409	36.48069	47.67898	56.19913
40	-2.8	6.55897	14.15996	24.12675	34.94567	44.70718	51.67539
40	-2.75	6.85025	14.24606	23.58469	33.3448	41.75684	47.32704
40	-2.7	7.12299	14.27307	22.96169	31.6905	38.84551	43.16847
40	-2.65	7.3726	14.23885	22.26263	29.99556	35.98959	39.2113
40	-2.6	7.59452	14.14209	21.49342	28.27313	33.2045	35.46496
40	-2.55	7.78429	13.98245	20.6609	26.5363	30.50413	31.93617
40	-2.5	7.93827	13.76056	19.77272	24.79805	27.90094	28.62928
40	-2.45	8.05363	13.47791	18.83725	23.07101	25.40585	25.54642
40	-2.4	8.12727	13.13691	17.86337	21.36716	23.02789	22.68724
40	-2.35	8.15655	12.74098	16.86037	19.6978	20.77451	20.04957
40	-2.3	8.13965	12.29451	15.83772	18.07322	18.65123	17.62911
40	-2.25	8.07562	11.8028	14.80489	16.50272	16.66196	15.42007
40	-2.2	7.96503	11.27187	13.77108	14.99438	14.80887	13.41504
40	-2.15	7.80979	10.70817	12.74512	13.55508	13.09256	11.60543
40	-2.1	7.61199	10.11845	11.73528	12.19037	11.51212	9.98154
40	-2.05	7.37465	9.50965	10.74916	10.90458	10.06532	8.53289
40	-2.	7.10129	8.88879	9.79361	9.70078	8.7488	7.24847
40	-1.95	6.7958	8.26282	8.87451	8.58078	7.55804	6.11673
40	-1.9	6.46368	7.63849	7.99688	7.54533	6.48778	5.12605
40	-1.85	6.11129	7.02177	7.16468	6.59409	5.53193	4.26467
40	-1.8	5.74364	6.41806	6.38102	5.72587	4.68395	3.52101
40	-1.75	5.36606	5.83209	5.64807	4.93859	3.93677	2.88369
40	-1.7	4.98347	5.26794	4.96724	4.22955	3.28317	2.34175
40	-1.65	4.60017	4.72902	4.33912	3.59539	2.71565	1.88463
40	-1.6	4.22043	4.21812	3.76367	3.03234	2.22679	1.5024
40	-1.55	3.84835	3.73733	3.24018	2.53618	1.80916	1.18566
40	-1.5	3.48702	3.28809	2.76743	2.10245	1.4555	0.92571
40	-1.45	3.13895	2.87134	2.34377	1.7265	1.15881	0.71457
40	-1.4	2.80608	2.48756	1.96714	1.40352	0.91236	0.54491
40	-1.35	2.48998	2.13687	1.63518	1.12871	0.70983	0.41018
40	-1.3	2.19212	1.81903	1.34522	0.89724	0.54524	0.3045
40	-1.25	1.91391	1.53342	1.09441	0.7044	0.41312	0.22271
40	-1.2	1.65617	1.27903	0.87968	0.54564	0.30843	0.1603
40	-1.15	1.41918	1.05464	0.69793	0.41658	0.22665	0.11342
40	-1.1	1.20301	0.85877	0.54596	0.3131	0.16372	0.07877
40	-1.05	1.00761	0.68982	0.42058	0.23135	0.11608	0.05362
40	-1.	0.83303	0.54597	0.31862	0.16781	0.08066	0.03572
40	-0.95	0.67919	0.42517	0.23699	0.11928	0.05483	0.02324
40	-0.9	0.54535	0.3252	0.17275	0.08293	0.03639	0.01474
40	-0.85	0.43042	0.24382	0.12316	0.05628	0.02353	0.00909
40	-0.8	0.33313	0.17878	0.08567	0.03719	0.01479	0.00544
40	-0.75	0.25215	0.1279	0.05801	0.02386	0.009	0.00315
40	-0.7	0.18617	0.08903	0.03812	0.01482	0.00529	0.00176
40	-0.65	0.13379	0.06012	0.02422	0.00888	0.003	0.00094
40	-0.6	0.09325	0.03922	0.01482	0.00511	0.00163	0.00048
40	-0.55	0.06274	0.0246	0.00869	0.00281	0.00084	0.00024
40	-0.5	0.04054	0.01475	0.00486	0.00147	0.00042	0.00011
40	-0.45	0.02496	0.0084	0.00258	0.00073	0.00019	0.00005
40	-0.4	0.01452	0.00452	0.00129	0.00034	0.00009	0.00002
40	-0.35	0.00795	0.00229	0.00061	0.00015	0.00003	0.00000
40	-0.3	0.00406	0.00108	0.00027	0.00006	0.00001	0.00000
40	-0.25	0.00192	0.00047	0.00011	0.00002	0.00000	0.00000
40	-0.2	0.00084	0.00019	0.00004	0.00000	0.00000	0.00000
40	-0.15	0.00034	0.00007	0.00001	0.00000	0.00000	0.00000
40	-0.1	0.00013	0.00002	0.00000	0.00000	0.00000	0.00000
40	-0.05	0.00005	0.00000	0.00000	0.00000	0.00000	0.00000
40	0.00	0.00000	0.00000	0.00000	0.00000	0.00000	0.00000
50	-8.9	0.00017	0.00288	0.02721	0.18385	0.9918	4.53678
50	-8.85	0.00019	0.00319	0.02979	0.19933	1.06604	4.839
50	-8.8	0.00021	0.00353	0.03261	0.21604	1.14541	5.15931
50	-8.75	0.00023	0.0039	0.03568	0.23408	1.23022	5.49865
50	-8.7	0.00026	0.00432	0.03903	0.25352	1.3208	5.85797
50	-8.65	0.0003	0.00478	0.04268	0.27449	1.4175	6.23823
50	-8.6	0.00033	0.00528	0.04667	0.29708	1.52068	6.64047
50	-8.55	0.00037	0.00584	0.051	0.32142	1.63072	7.06574
50	-8.5	0.00042	0.00646	0.05573	0.34762	1.74802	7.5151
50	-8.45	0.00047	0.00714	0.06087	0.37581	1.87298	7.98969
50	-8.4	0.00052	0.00789	0.06647	0.40612	2.00605	8.49065
50	-8.35	0.00059	0.00872	0.07255	0.43872	2.14766	9.01916
50	-8.3	0.00066	0.00963	0.07917	0.47374	2.2983	9.57643
50	-8.25	0.00074	0.01063	0.08636	0.51134	2.45845	10.1637
50	-8.2	0.00083	0.01174	0.09417	0.55171	2.62861	10.78226
50	-8.15	0.00093	0.01296	0.10265	0.59501	2.80931	11.43339
50	-8.1	0.00104	0.0143	0.11185	0.64144	3.0011	12.11844
50	-8.05	0.00116	0.01578	0.12183	0.69119	3.20455	12.83876
50	-8.	0.0013	0.0174	0.13265	0.74447	3.42022	13.59572
50	-7.95	0.00146	0.01919	0.14438	0.80151	3.64874	14.39073
50	-7.9	0.00164	0.02116	0.15707	0.86252	3.89071	15.22521
50	-7.85	0.00183	0.02332	0.17082	0.92774	4.14679	16.10062
50	-7.8	0.00206	0.02569	0.18569	0.99743	4.41762	17.01841
50	-7.75	0.0023	0.02829	0.20176	1.07185	4.70389	17.98005
50	-7.7	0.00258	0.03115	0.21913	1.15126	5.00629	18.98704
50	-7.65	0.00289	0.03428	0.23789	1.23595	5.32553	20.04088
50	-7.6	0.00324	0.03772	0.25814	1.32621	5.66234	21.14306
50	-7.55	0.00363	0.04149	0.27998	1.42235	6.01746	22.29509
50	-7.5	0.00406	0.04561	0.30352	1.52467	6.39166	23.49848
50	-7.45	0.00454	0.05013	0.32888	1.63351	6.78571	24.75473
50	-7.4	0.00509	0.05507	0.35618	1.74919	7.20039	26.06534
50	-7.35	0.00569	0.06048	0.38555	1.87207	7.6365	27.43178
50	-7.3	0.00637	0.06639	0.41712	2.00249	8.09486	28.85553
50	-7.25	0.00713	0.07285	0.45104	2.14084	8.57629	30.33801
50	-7.2	0.00797	0.0799	0.48744	2.28747	9.08162	31.88066
50	-7.15	0.00892	0.08759	0.52649	2.44277	9.61168	33.48485
50	-7.1	0.00997	0.09598	0.56834	2.60715	10.16733	35.15193
50	-7.05	0.01115	0.10512	0.61316	2.78098	10.74942	36.8832
50	-7.	0.01246	0.11507	0.66112	2.9647	11.35881	38.67992
50	-6.95	0.01393	0.12589	0.71239	3.1587	11.99637	40.54326
50	-6.9	0.01556	0.13766	0.76717	3.36342	12.66294	42.47437
50	-6.85	0.01738	0.15045	0.82563	3.57928	13.35941	44.47428
50	-6.8	0.0194	0.16433	0.88796	3.80671	14.08664	46.54397
50	-6.75	0.02166	0.17937	0.95438	4.04616	14.84549	48.6843
50	-6.7	0.02417	0.19568	1.02507	4.29806	15.63683	50.89603
50	-6.65	0.02696	0.21333	1.10023	4.56287	16.46151	53.17983
50	-6.6	0.03006	0.23242	1.18009	4.84104	17.32038	55.53619
50	-6.55	0.03349	0.25303	1.26484	5.13303	18.21429	57.9655
50	-6.5	0.03731	0.27528	1.35469	5.4393	19.14408	60.46796
50	-6.45	0.04155	0.29926	1.44987	5.76031	20.11055	63.04361
50	-6.4	0.04625	0.32508	1.55057	6.09654	21.11454	65.69227
50	-6.35	0.05144	0.35285	1.65702	6.44845	22.15681	68.41358
50	-6.3	0.05719	0.38266	1.76942	6.81655	23.23814	71.2069
50	-6.25	0.06354	0.41465	1.88799	7.2013	24.35928	74.07137
50	-6.2	0.07056	0.4489	2.01293	7.60322	25.52093	77.00581
50	-6.15	0.07829	0.48554	2.14445	8.02281	26.72378	80.00875
50	-6.1	0.08681	0.52466	2.28276	8.46058	27.96846	83.07835
50	-6.05	0.09617	0.56638	2.42807	8.91706	29.25555	86.21242
50	-6.	0.10646	0.61079	2.58058	9.39281	30.58558	89.40838
50	-5.95	0.11773	0.65799	2.7405	9.88838	31.95899	92.66316
50	-5.9	0.13006	0.70807	2.90803	10.40435	33.37616	95.97327
50	-5.85	0.14353	0.76111	3.0834	10.94131	34.83735	99.33467
50	-5.8	0.15821	0.81719	3.26682	11.49987	36.34271	102.74281
50	-5.75	0.17418	0.87637	3.45853	12.08069	37.89226	106.19256
50	-5.7	0.1915	0.9387	3.65875	12.68441	39.48587	109.67813
50	-5.65	0.21026	1.00424	3.86777	13.3117	41.12321	113.19312
50	-5.6	0.23049	1.07301	4.08585	13.96325	42.80377	116.73046
50	-5.55	0.25225	1.14504	4.31332	14.63977	44.52677	120.28231
50	-5.5	0.2756	1.22035	4.5505	15.34197	46.29121	123.84016
50	-5.45	0.30056	1.29895	4.79779	16.07055	48.09575	127.39469
50	-5.4	0.32712	1.38083	5.0556	16.8262	49.93873	130.93583
50	-5.35	0.35527	1.46602	5.32441	17.6096	51.81814	134.45271
50	-5.3	0.38498	1.55452	5.60476	18.42138	53.73153	137.93371
50	-5.25	0.41619	1.64637	5.89723	19.2621	55.67602	141.36639
50	-5.2	0.44879	1.7416	6.20248	20.13224	57.64826	144.73757
50	-5.15	0.4827	1.84032	6.52123	21.0322	59.64436	148.03338
50	-5.1	0.51778	1.94262	6.85426	21.9622	61.65988	151.23919
50	-5.05	0.55387	2.04869	7.20241	22.92233	63.68981	154.33983
50	-5.	0.59077	2.15875	7.56658	23.91244	65.72852	157.31948
50	-4.95	0.62829	2.27311	7.94771	24.93216	67.76977	160.1619
50	-4.9	0.66619	2.39217	8.34678	25.98085	69.80665	162.85047
50	-4.85	0.70434	2.51642	8.76477	27.05751	71.83163	165.36827
50	-4.8	0.74257	2.64646	9.20266	28.16082	73.83652	167.69829
50	-4.75	0.78077	2.78299	9.66137	29.28905	75.8125	169.82344
50	-4.7	0.81888	2.92681	10.14177	30.44003	77.75016	171.72685
50	-4.65	0.85693	3.07883	10.64463	31.61112	79.63953	173.39196
50	-4.6	0.89515	3.24004	11.17055	32.79919	81.47008	174.80261
50	-4.55	0.93382	3.41151	11.71999	34.00062	83.23088	175.94345
50	-4.5	0.97328	3.59433	12.29318	35.21122	84.91055	176.79982
50	-4.45	1.01402	3.78965	12.89011	36.42627	86.49745	177.3582
50	-4.4	1.05667	3.9986	13.51048	37.64054	87.97974	177.60631
50	-4.35	1.10193	4.22232	14.1537	38.84821	89.34544	177.53323
50	-4.3	1.15061	4.46187	14.81879	40.04297	90.58263	177.12965
50	-4.25	1.20356	4.71825	15.50444	41.21802	91.67953	176.38814
50	-4.2	1.26164	4.99239	16.20893	42.36609	92.62461	175.30306
50	-4.15	1.32586	5.28508	16.93009	43.47947	93.40682	173.87106
50	-4.1	1.39724	5.59697	17.66535	44.55013	94.01566	172.09084
50	-4.05	1.47687	5.92853	18.41165	45.56969	94.44133	169.96355
50	-4.	1.56589	6.28001	19.16549	46.5296	94.675	167.49287
50	-3.95	1.66542	6.6514	19.92288	47.42115	94.70877	164.68479
50	-3.9	1.77656	7.04246	20.6794	48.23557	94.536	161.54798
50	-3.85	1.9004	7.4526	21.43017	48.96421	94.15135	158.09362
50	-3.8	2.03805	7.88091	22.16989	49.59857	93.55096	154.33549
50	-3.75	2.19052	8.32612	22.89288	50.13045	92.73251	150.28964
50	-3.7	2.3586	8.78656	23.59314	50.55212	91.69543	145.97472
50	-3.65	2.54292	9.26018	24.26436	50.85637	90.44084	141.41132
50	-3.6	2.74412	9.74454	24.90002	51.03671	88.97178	136.62234
50	-3.55	2.96267	10.23675	25.49344	51.08747	87.2931	131.63236
50	-3.5	3.19878	10.73348	26.03791	51.00393	85.41158	126.46767
50	-3.45	3.45248	11.23096	26.52672	50.78244	83.33582	121.15574
50	-3.4	3.72331	11.725	26.95336	50.42053	81.07627	115.72519
50	-3.35	4.01029	12.21109	27.31157	49.91703	78.64517	110.2055
50	-3.3	4.31243	12.68439	27.59546	49.27209	76.05628	104.62628
50	-3.25	4.62822	13.13977	27.79964	48.48729	73.32501	99.01752
50	-3.2	4.95577	13.5719	27.91938	47.56565	70.46791	93.40862
50	-3.15	5.29261	13.9753	27.95066	46.51165	67.50285	87.82868
50	-3.1	5.63578	14.34449	27.89033	45.33123	64.44849	82.30568
50	-3.05	5.98205	14.6741	27.7362	44.03169	61.32424	76.86645
50	-3.	6.32779	14.95892	27.48709	42.62165	58.14983	71.53614
50	-2.95	6.66902	15.19404	27.14296	41.11098	54.94525	66.33819
50	-2.9	7.00134	15.37497	26.70491	39.51066	51.7304	61.29414
50	-2.85	7.32001	15.49778	26.1752	37.83252	48.52468	56.42301
50	-2.8	7.62049	15.55924	25.5573	36.08928	45.34704	51.74176
50	-2.75	7.8984	15.5568	24.85577	34.2941	42.21538	47.26454
50	-2.7	8.14909	15.4887	24.07633	32.46064	39.14668	43.00328
50	-2.65	8.36794	15.3541	23.22566	30.6026	36.15644	38.967
50	-2.6	8.55055	15.15321	22.31142	28.73369	33.25888	35.16248
50	-2.55	8.69281	14.88726	21.342	26.86726	30.46645	31.59378
50	-2.5	8.79165	14.55859	20.3264	25.01619	27.78997	28.26264
50	-2.45	8.84512	14.17043	19.27406	23.19273	25.23854	25.16869
50	-2.4	8.85138	13.72684	18.19466	21.40815	22.81932	22.30923
50	-2.35	8.80923	13.23282	17.09801	19.67285	20.53785	19.67991
50	-2.3	8.71833	12.69413	15.99373	17.99596	18.39772	17.27446
50	-2.25	8.5792	12.11726	14.8912	16.38551	16.40104	15.08534
50	-2.2	8.39418	11.50918	13.79925	14.8482	14.54821	13.10362
50	-2.15	8.16704	10.87694	12.72607	13.38946	12.83826	11.31941
50	-2.1	7.90101	10.22758	11.67911	12.01343	11.26881	9.72193
50	-2.05	7.60003	9.56813	10.665	10.72302	9.83638	8.29982
50	-2.	7.2688	8.90548	9.68951	9.52004	8.53649	7.04139
50	-1.95	6.91237	8.24609	8.7574	8.40506	7.36372	5.93457
50	-1.9	6.53665	7.59596	7.87252	7.37781	6.31205	4.96736
50	-1.85	6.14804	6.9602	7.03776	6.43702	5.37478	4.12773
50	-1.8	5.75128	6.34324	6.25526	5.58072	4.5449	3.40396
50	-1.75	5.35079	5.74886	5.52633	4.80621	3.81502	2.7846
50	-1.7	4.95066	5.18031	4.85162	4.11027	3.17763	2.25867
50	-1.65	4.55465	4.6402	4.23109	3.48914	2.62511	1.81568
50	-1.6	4.16656	4.13063	3.66416	2.93873	2.1499	1.44575
50	-1.55	3.78964	3.65296	3.14969	2.45461	1.74454	1.13962
50	-1.5	3.42585	3.20815	2.68615	2.03214	1.40178	0.88871
50	-1.45	3.07718	2.79676	2.27163	1.66657	1.11466	0.68518
50	-1.4	2.74526	2.41896	1.90387	1.35302	0.8765	0.52185
50	-1.35	2.43127	2.07461	1.58034	1.08665	0.68105	0.39232
50	-1.3	2.13644	1.76328	1.29827	0.86265	0.52244	0.29085
50	-1.25	1.86204	1.48413	1.05471	0.67632	0.39531	0.21244
50	-1.2	1.60844	1.23602	0.84655	0.52315	0.29472	0.15269
50	-1.15	1.3759	1.01762	0.67066	0.39883	0.21625	0.10787
50	-1.1	1.16443	0.82736	0.52384	0.2993	0.15597	0.07479
50	-1.05	0.97374	0.66353	0.4029	0.22081	0.1104	0.05083
50	-1.	0.80368	0.5243	0.30473	0.1599	0.07659	0.03379
50	-0.95	0.65414	0.40758	0.22627	0.11346	0.05196	0.02194
50	-0.9	0.52421	0.31119	0.16464	0.07874	0.03442	0.01389
50	-0.85	0.41291	0.23289	0.11716	0.05332	0.02221	0.00854
50	-0.8	0.31897	0.17044	0.08134	0.03515	0.01392	0.0051
50	-0.75	0.24098	0.12169	0.05495	0.0225	0.00845	0.00294
50	-0.7	0.17756	0.08452	0.03602	0.01394	0.00496	0.00164
50	-0.65	0.12733	0.05693	0.02282	0.00832	0.0028	0.00087
50	-0.6	0.08852	0.03704	0.01392	0.00477	0.00151	0.00045
50	-0.55	0.05941	0.02315	0.00813	0.00262	0.00078	0.00022
50	-0.5	0.03825	0.01383	0.00453	0.00137	0.00038	0.0001
50	-0.45	0.02344	0.00784	0.00239	0.00067	0.00018	0.00004
50	-0.4	0.01356	0.00419	0.00119	0.00031	0.00008	0.00002
50	-0.35	0.00737	0.00211	0.00056	0.00014	0.00003	0.00000
50	-0.3	0.00375	0.00099	0.00024	0.00006	0.00001	0.00000
50	-0.25	0.00176	0.00043	0.0001	0.00002	0.00000	0.00000
50	-0.2	0.00076	0.00017	0.00004	0.00000	0.00000	0.00000
50	-0.15	0.00031	0.00007	0.00001	0.00000	0.00000	0.00000
50	-0.1	0.00012	0.00002	0.00000	0.00000	0.00000	0.00000
50	-0.05	0.00004	0.00000	0.00000	0.00000	0.00000	0.00000
50	0.00	0.00000	0.00000	0.00000	0.00000	0.00000	0.00000
80	-8.9	0.00017	0.00288	0.02721	0.18385	0.9918	4.53678
80	-8.85	0.00019	0.00319	0.02979	0.19933	1.06604	4.839
80	-8.8	0.00021	0.00353	0.03261	0.21604	1.14541	5.15931
80	-8.75	0.00023	0.0039	0.03568	0.23408	1.23022	5.49865
80	-8.7	0.00026	0.00432	0.03903	0.25352	1.3208	5.85797
80	-8.65	0.0003	0.00478	0.04268	0.27449	1.4175	6.23823
80	-8.6	0.00033	0.00528	0.04667	0.29708	1.52068	6.64047
80	-8.55	0.00037	0.00584	0.051	0.32142	1.63072	7.06574
80	-8.5	0.00042	0.00646	0.05573	0.34762	1.74802	7.5151
80	-8.45	0.00047	0.00714	0.06087	0.37581	1.87298	7.98969
80	-8.4	0.00052	0.00789	0.06647	0.40612	2.00605	8.49065
80	-8.35	0.00059	0.00872	0.07255	0.43872	2.14766	9.01916
80	-8.3	0.00066	0.00963	0.07917	0.47374	2.2983	9.57643
80	-8.25	0.00074	0.01063	0.08636	0.51134	2.45845	10.1637
80	-8.2	0.00083	0.01174	0.09417	0.55171	2.62861	10.78226
80	-8.15	0.00093	0.01296	0.10265	0.59501	2.80931	11.43339
80	-8.1	0.00104	0.0143	0.11185	0.64144	3.0011	12.11844
80	-8.05	0.00116	0.01578	0.12183	0.69119	3.20455	12.83876
80	-8.	0.0013	0.0174	0.13265	0.74447	3.42022	13.59572
80	-7.95	0.00146	0.01919	0.14438	0.80151	3.64874	14.39073
80	-7.9	0.00164	0.02116	0.15707	0.86252	3.89071	15.22521
80	-7.85	0.00183	0.02332	0.17082	0.92774	4.14679	16.10062
80	-7.8	0.00206	0.02569	0.18569	0.99743	4.41762	17.01841
80	-7.75	0.0023	0.02829	0.20176	1.07185	4.70389	17.98005
80	-7.7	0.00258	0.03115	0.21913	1.15126	5.00629	18.98704
80	-7.65	0.00289	0.03428	0.23789	1.23595	5.32553	20.04088
80	-7.6	0.00324	0.03772	0.25814	1.32621	5.66234	21.14306
80	-7.55	0.00363	0.04149	0.27998	1.42235	6.01746	22.29509
80	-7.5	0.00406	0.04561	0.30352	1.52467	6.39166	23.49848
80	-7.45	0.00454	0.05013	0.32888	1.63351	6.78571	24.75473
80	-7.4	0.00509	0.05507	0.35618	1.74919	7.20039	26.06534
80	-7.35	0.00569	0.06048	0.38555	1.87207	7.6365	27.43178
80	-7.3	0.00637	0.06639	0.41712	2.00249	8.09486	28.85553
80	-7.25	0.00713	0.07285	0.45104	2.14084	8.57629	30.33801
80	-7.2	0.00797	0.0799	0.48744	2.28747	9.08162	31.88066
80	-7.15	0.00892	0.08759	0.52649	2.44277	9.61168	33.48485
80	-7.1	0.00997	0.09598	0.56834	2.60715	10.16733	35.15193
80	-7.05	0.01115	0.10512	0.61316	2.78098	10.74942	36.8832
80	-7.	0.01246	0.11507	0.66112	2.9647	11.35881	38.67992
80	-6.95	0.01393	0.12589	0.71239	3.1587	11.99637	40.54326
80	-6.9	0.01556	0.13766	0.76717	3.36342	12.66294	42.47437
80	-6.85	0.01738	0.15045	0.82563	3.57928	13.35941	44.47428
80	-6.8	0.0194	0.16433	0.88796	3.80671	14.08664	46.54397
80	-6.75	0.02166	0.17937	0.95438	4.04616	14.84549	48.6843
80	-6.7	0.02417	0.19568	1.02507	4.29806	15.63683	50.89603
80	-6.65	0.02696	0.21333	1.10023	4.56287	16.46151	53.17983
80	-6.6	0.03006	0.23242	1.18009	4.84104	17.32038	55.53619
80	-6.55	0.03349	0.25303	1.26484	5.13303	18.21429	57.9655
80	-6.5	0.03731	0.27528	1.35469	5.4393	19.14408	60.46796
80	-6.45	0.04155	0.29926	1.44987	5.76031	20.11055	63.04361
80	-6.4	0.04625	0.32508	1.55057	6.09654	21.11454	65.69227
80	-6.35	0.05144	0.35285	1.65702	6.44845	22.15681	68.41358
80	-6.3	0.05719	0.38266	1.76942	6.81655	23.23814	71.2069
80	-6.25	0.06354	0.41465	1.88799	7.2013	24.35928	74.07137
80	-6.2	0.07056	0.4489	2.01293	7.60322	25.52093	77.00581
80	-6.15	0.07829	0.48554	2.14445	8.02281	26.72378	80.00875
80	-6.1	0.08681	0.52466	2.28276	8.46058	27.96846	83.07835
80	-6.05	0.09617	0.56638	2.42807	8.91706	29.25555	86.21242
80	-6.	0.10646	0.61079	2.58058	9.39281	30.58558	89.40838
80	-5.95	0.11773	0.65799	2.7405	9.88838	31.95899	92.66316
80	-5.9	0.13006	0.70807	2.90803	10.40435	33.37616	95.97327
80	-5.85	0.14353	0.76111	3.0834	10.94131	34.83735	99.33467
80	-5.8	0.15821	0.81719	3.26682	11.49987	36.34271	102.74281
80	-5.75	0.17418	0.87637	3.45853	12.08069	37.89226	106.19256
80	-5.7	0.1915	0.9387	3.65875	12.68441	39.48587	109.67813
80	-5.65	0.21026	1.00424	3.86777	13.3117	41.12321	113.19312
80	-5.6	0.23049	1.07301	4.08585	13.96325	42.80377	116.73046
80	-5.55	0.25225	1.14504	4.31332	14.63977	44.52677	120.28231
80	-5.5	0.2756	1.22035	4.5505	15.34197	46.29121	123.84016
80	-5.45	0.30056	1.29895	4.79779	16.07055	48.09575	127.39469
80	-5.4	0.32712	1.38083	5.0556	16.8262	49.93873	130.93583
80	-5.35	0.35527	1.46602	5.32441	17.6096	51.81814	134.45271
80	-5.3	0.38498	1.55452	5.60476	18.42138	53.73153	137.93371
80	-5.25	0.41619	1.64637	5.89723	19.2621	55.67602	141.36639
80	-5.2	0.44879	1.7416	6.20248	20.13224	57.64826	144.73757
80	-5.15	0.4827	1.84032	6.52123	21.0322	59.64436	148.03338
80	-5.1	0.51778	1.94262	6.85426	21.9622	61.65988	151.23919
80	-5.05	0.55387	2.04869	7.20241	22.92233	63.68981	154.33983
80	-5.	0.59077	2.15875	7.56658	23.91244	65.72852	157.31948
80	-4.95	0.62829	2.27311	7.94771	24.93216	67.76977	160.1619
80	-4.9	0.66619	2.39217	8.34678	25.98085	69.80665	162.85047
80	-4.85	0.70434	2.51642	8.76477	27.05751	71.83163	165.36827
80	-4.8	0.74257	2.64646	9.20266	28.16082	73.83652	167.69829
80	-4.75	0.78077	2.78299	9.66137	29.28905	75.8125	169.82344
80	-4.7	0.81888	2.92681	10.14177	30.44003	77.75016	171.72685
80	-4.65	0.85693	3.07883	10.64463	31.61112	79.63953	173.39196
80	-4.6	0.89515	3.24004	11.17055	32.79919	81.47008	174.80261
80	-4.55	0.93382	3.41151	11.71999	34.00062	83.23088	175.94345
80	-4.5	0.97328	3.59433	12.29318	35.21122	84.91055	176.79982
80	-4.45	1.01402	3.78965	12.89011	36.42627	86.49745	177.3582
80	-4.4	1.05667	3.9986	13.51048	37.64054	87.97974	177.60631
80	-4.35	1.10193	4.22232	14.1537	38.84821	89.34544	177.53323
80	-4.3	1.15061	4.46187	14.81879	40.04297	90.58263	177.12965
80	-4.25	1.20356	4.71825	15.50444	41.21802	91.67953	176.38814
80	-4.2	1.26164	4.99239	16.20893	42.36609	92.62461	175.30306
80	-4.15	1.32586	5.28508	16.93009	43.47947	93.40682	173.87106
80	-4.1	1.39724	5.59697	17.66535	44.55013	94.01566	172.09084
80	-4.05	1.47687	5.92853	18.41165	45.56969	94.44133	169.96355
80	-4.	1.56589	6.28001	19.16549	46.5296	94.675	167.49287
80	-3.95	1.66542	6.6514	19.92288	47.42115	94.70877	164.68479
80	-3.9	1.77656	7.04246	20.6794	48.23557	94.536	161.54798
80	-3.85	1.9004	7.4526	21.43017	48.96421	94.15135	158.09362
80	-3.8	2.03805	7.88091	22.16989	49.59857	93.55096	154.33549
80	-3.75	2.19052	8.32612	22.89288	50.13045	92.73251	150.28964
80	-3.7	2.3586	8.78656	23.59314	50.55212	91.69543	145.97472
80	-3.65	2.54292	9.26018	24.26436	50.85637	90.44084	141.41132
80	-3.6	2.74412	9.74454	24.90002	51.03671	88.97178	136.62234
80	-3.55	2.96267	10.23675	25.49344	51.08747	87.2931	131.63236
80	-3.5	3.19878	10.73348	26.03791	51.00393	85.41158	126.46767
80	-3.45	3.45248	11.23096	26.52672	50.78244	83.33582	121.15574
80	-3.4	3.72331	11.725	26.95336	50.42053	81.07627	115.72519
80	-3.35	4.01029	12.21109	27.31157	49.91703	78.64517	110.2055
80	-3.3	4.31243	12.68439	27.59546	49.27209	76.05628	104.62628
80	-3.25	4.62822	13.13977	27.79964	48.48729	73.32501	99.01752
80	-3.2	4.95577	13.5719	27.91938	47.56565	70.46791	93.40862
80	-3.15	5.29261	13.9753	27.95066	46.51165	67.50285	87.82868
80	-3.1	5.63578	14.34449	27.89033	45.33123	64.44849	82.30568
80	-3.05	5.98205	14.6741	27.7362	44.03169	61.32424	76.86645
80	-3.	6.32779	14.95892	27.48709	42.62165	58.14983	71.53614
80	-2.95	6.66902	15.19404	27.14296	41.11098	54.94525	66.33819
80	-2.9	7.00134	15.37497	26.70491	39.51066	51.7304	61.29414
80	-2.85	7.32001	15.49778	26.1752	37.83252	48.52468	56.42301
80	-2.8	7.62049	15.55924	25.5573	36.08928	45.34704	51.74176
80	-2.75	7.8984	15.5568	24.85577	34.2941	42.21538	47.26454
80	-2.7	8.14909	15.4887	24.07633	32.46064	39.14668	43.00328
80	-2.65	8.36794	15.3541	23.22566	30.6026	36.15644	38.967
80	-2.6	8.55055	15.15321	22.31142	28.73369	33.25888	35.16248
80	-2.55	8.69281	14.88726	21.342	26.86726	30.46645	31.59378
80	-2.5	8.79165	14.55859	20.3264	25.01619	27.78997	28.26264
80	-2.45	8.84512	14.17043	19.27406	23.19273	25.23854	25.16869
80	-2.4	8.85138	13.72684	18.19466	21.40815	22.81932	22.30923
80	-2.35	8.80923	13.23282	17.09801	19.67285	20.53785	19.67991
80	-2.3	8.71833	12.69413	15.99373	17.99596	18.39772	17.27446
80	-2.25	8.5792	12.11726	14.8912	16.38551	16.40104	15.08534
80	-2.2	8.39418	11.50918	13.79925	14.8482	14.54821	13.10362
80	-2.15	8.16704	10.87694	12.72607	13.38946	12.83826	11.31941
80	-2.1	7.90101	10.22758	11.67911	12.01343	11.26881	9.72193
80	-2.05	7.60003	9.56813	10.665	10.72302	9.83638	8.29982
80	-2.	7.2688	8.90548	9.68951	9.52004	8.53649	7.04139
80	-1.95	6.91237	8.24609	8.7574	8.40506	7.36372	5.93457
80	-1.9	6.53665	7.59596	7.87252	7.37781	6.31205	4.96736
80	-1.85	6.14804	6.9602	7.03776	6.43702	5.37478	4.12773
80	-1.8	5.75128	6.34324	6.25526	5.58072	4.5449	3.40396
80	-1.75	5.35079	5.74886	5.52633	4.80621	3.81502	2.7846
80	-1.7	4.95066	5.18031	4.85162	4.11027	3.17763	2.25867
80	-1.65	4.55465	4.6402	4.23109	3.48914	2.62511	1.81568
80	-1.6	4.16656	4.13063	3.66416	2.93873	2.1499	1.44575
80	-1.55	3.78964	3.65296	3.14969	2.45461	1.74454	1.13962
80	-1.5	3.42585	3.20815	2.68615	2.03214	1.40178	0.88871
80	-1.45	3.07718	2.79676	2.27163	1.66657	1.11466	0.68518
80	-1.4	2.74526	2.41896	1.90387	1.35302	0.8765	0.52185
80	-1.35	2.43127	2.07461	1.58034	1.08665	0.68105	0.39232
80	-1.3	2.13644	1.76328	1.29827	0.86265	0.52244	0.29085
80	-1.25	1.86204	1.48413	1.05471	0.67632	0.39531	0.21244
80	-1.2	1.60844	1.23602	0.84655	0.52315	0.29472	0.15269
80	-1.15	1.3759	1.01762	0.67066	0.39883	0.21625	0.10787
80	-1.1	1.16443	0.82736	0.52384	0.2993	0.15597	0.07479
80	-1.05	0.97374	0.66353	0.4029	0.22081	0.1104	0.05083
80	-1.	0.80368	0.5243	0.30473	0.1599	0.07659	0.03379
80	-0.95	0.65414	0.40758	0.22627	0.11346	0.05196	0.02194
80	-0.9	0.52421	0.31119	0.16464	0.07874	0.03442	0.01389
80	-0.85	0.41291	0.23289	0.11716	0.05332	0.02221	0.00854
80	-0.8	0.31897	0.17044	0.08134	0.03515	0.01392	0.0051
80	-0.75	0.24098	0.12169	0.05495	0.0225	0.00845	0.00294
80	-0.7	0.17756	0.08452	0.03602	0.01394	0.00496	0.00164
80	-0.65	0.12733	0.05693	0.02282	0.00832	0.0028	0.00087
80	-0.6	0.08852	0.03704	0.01392	0.00477	0.00151	0.00045
80	-0.55	0.05941	0.02315	0.00813	0.00262	0.00078	0.00022
80	-0.5	0.03825	0.01383	0.00453	0.00137	0.00038	0.0001
80	-0.45	0.02344	0.00784	0.00239	0.00067	0.00018	0.00004
80	-0.4	0.01356	0.00419	0.00119	0.00031	0.00008	0.00002
80	-0.35	0.00737	0.00211	0.00056	0.00014	0.00003	0.00000
80	-0.3	0.00375	0.00099	0.00024	0.00006	0.00001	0.00000
80	-0.25	0.00176	0.00043	0.0001	0.00002	0.00000	0.00000
80	-0.2	0.00076	0.00017	0.00004	0.00000	0.00000	0.00000
80	-0.15	0.00031	0.00007	0.00001	0.00000	0.00000	0.00000
80	-0.1	0.00012	0.00002	0.00000	0.00000	0.00000	0.00000
80	-0.05	0.00004	0.00000	0.00000	0.00000	0.00000	0.00000
80	0.00	0.00000	0.00000	0.00000	0.00000	0.00000	0.00000
100	-8.9	0.00036	0.00595	0.05361	0.34777	1.81205	8.04038
100	-8.85	0.00041	0.00658	0.05862	0.37652	1.94473	8.56253
100	-8.8	0.00046	0.00728	0.06408	0.40749	2.08631	9.11487
100	-8.75	0.00052	0.00805	0.07004	0.44085	2.23731	9.69885
100	-8.7	0.00058	0.0089	0.07651	0.47676	2.39827	10.31595
100	-8.65	0.00065	0.00984	0.08357	0.5154	2.56976	10.96773
100	-8.6	0.00073	0.01087	0.09124	0.55696	2.75238	11.65574
100	-8.55	0.00081	0.01201	0.09958	0.60164	2.94676	12.38163
100	-8.5	0.00091	0.01327	0.10865	0.64964	3.15352	13.14705
100	-8.45	0.00102	0.01465	0.11851	0.7012	3.37336	13.95372
100	-8.4	0.00115	0.01617	0.12921	0.75653	3.60697	14.80338
100	-8.35	0.00129	0.01785	0.14083	0.81589	3.85506	15.69783
100	-8.3	0.00144	0.01969	0.15344	0.87953	4.1184	16.6389
100	-8.25	0.00162	0.02172	0.16711	0.94774	4.39777	17.62843
100	-8.2	0.00181	0.02396	0.18193	1.02078	4.69396	18.66834
100	-8.15	0.00203	0.02641	0.19799	1.09897	5.00782	19.76055
100	-8.1	0.00228	0.02911	0.21538	1.18262	5.3402	20.907
100	-8.05	0.00255	0.03207	0.2342	1.27205	5.69199	22.10968
100	-8.	0.00286	0.03533	0.25456	1.36762	6.06409	23.37059
100	-7.95	0.0032	0.0389	0.27657	1.46966	6.45745	24.69174
100	-7.9	0.00358	0.04282	0.30035	1.57857	6.87302	26.07517
100	-7.85	0.00401	0.04712	0.32603	1.69473	7.31179	27.52292
100	-7.8	0.00449	0.05183	0.35375	1.81854	7.77478	29.03702
100	-7.75	0.00503	0.057	0.38364	1.95043	8.263	30.61953
100	-7.7	0.00563	0.06265	0.41586	2.09082	8.77751	32.27248
100	-7.65	0.00631	0.06884	0.45057	2.24016	9.31939	33.9979
100	-7.6	0.00706	0.07562	0.48793	2.39893	9.88972	35.79779
100	-7.55	0.0079	0.08302	0.52812	2.5676	10.48961	37.67415
100	-7.5	0.00883	0.09111	0.57132	2.74666	11.12018	39.62893
100	-7.45	0.00988	0.09995	0.61773	2.93663	11.78258	41.66403
100	-7.4	0.01105	0.1096	0.66755	3.13801	12.47796	43.78134
100	-7.35	0.01236	0.12012	0.72098	3.35136	13.20747	45.98264
100	-7.3	0.01382	0.13159	0.77825	3.57722	13.97229	48.2697
100	-7.25	0.01544	0.14408	0.83958	3.81614	14.77359	50.64418
100	-7.2	0.01725	0.15768	0.90522	4.0687	15.61257	53.10766
100	-7.15	0.01927	0.17248	0.97539	4.33548	16.4904	55.66164
100	-7.1	0.02152	0.18855	1.05036	4.61708	17.40827	58.30749
100	-7.05	0.02403	0.20601	1.13039	4.9141	18.36736	61.04646
100	-7.	0.02682	0.22495	1.21573	5.22714	19.36886	63.87966
100	-6.95	0.02992	0.24549	1.30668	5.55684	20.41394	66.80807
100	-6.9	0.03337	0.26774	1.40349	5.90381	21.50376	69.83247
100	-6.85	0.03721	0.29181	1.50646	6.2687	22.63947	72.95348
100	-6.8	0.04148	0.31783	1.61588	6.65215	23.82221	76.17149
100	-6.75	0.04621	0.34593	1.73205	7.0548	25.05308	79.48668
100	-6.7	0.05146	0.37624	1.85525	7.47732	26.33318	82.89897
100	-6.65	0.05728	0.4089	1.9858	7.92037	27.66356	86.40802
100	-6.6	0.06372	0.44405	2.12399	8.38461	29.04526	90.01317
100	-6.55	0.07084	0.48184	2.27014	8.87073	30.47925	93.71345
100	-6.5	0.07871	0.52241	2.42454	9.3794	31.96647	97.50753
100	-6.45	0.08739	0.56591	2.58752	9.91132	33.5078	101.39369
100	-6.4	0.09696	0.6125	2.75937	10.4672	35.10408	105.36981
100	-6.35	0.1075	0.66231	2.94041	11.04773	36.75605	109.43327
100	-6.3	0.11908	0.71551	3.13095	11.65364	38.46436	113.581
100	-6.25	0.13179	0.77224	3.33131	12.28567	40.2296	117.8094
100	-6.2	0.14573	0.83264	3.54179	12.94454	42.05221	122.11427
100	-6.15	0.161	0.89685	3.76272	13.63103	43.93253	126.49083
100	-6.1	0.1777	0.96498	3.99443	14.34589	45.87073	130.93365
100	-6.05	0.1959	1.03718	4.23725	15.08992	47.86683	135.43657
100	-6.	0.21571	1.11354	4.49154	15.8639	49.92066	139.99277
100	-5.95	0.23721	1.19418	4.75764	16.66863	52.0318	144.59459
100	-5.9	0.26051	1.27919	5.03596	17.50493	54.19964	149.23361
100	-5.85	0.28567	1.36865	5.32688	18.37361	56.42324	153.90054
100	-5.8	0.31278	1.46264	5.63086	19.27548	58.70138	158.58521
100	-5.75	0.34187	1.56124	5.94837	20.21132	61.03247	163.27659
100	-5.7	0.37301	1.6645	6.27991	21.18192	63.41456	167.96269
100	-5.65	0.40621	1.7725	6.62605	22.18801	65.84526	172.6306
100	-5.6	0.44148	1.8853	6.98741	23.23027	68.32171	177.26648
100	-5.55	0.4788	2.00299	7.36464	24.30931	70.84055	181.85551
100	-5.5	0.5181	2.12567	7.75847	25.42565	73.39787	186.38203
100	-5.45	0.55934	2.25345	8.1697	26.57967	75.98915	190.8294
100	-5.4	0.60238	2.38651	8.59918	27.77161	78.60928	195.18019
100	-5.35	0.64711	2.52505	9.04782	29.00152	81.25245	199.41613
100	-5.3	0.69339	2.66936	9.51657	30.26924	83.91217	203.51828
100	-5.25	0.74106	2.81975	10.00646	31.57432	86.58122	207.46698
100	-5.2	0.78995	2.97666	10.51851	32.91603	89.25163	211.24205
100	-5.15	0.83988	3.1406	11.05378	34.29328	91.9147	214.82296
100	-5.1	0.89073	3.31218	11.61331	35.7046	94.56095	218.18875
100	-5.05	0.94242	3.49213	12.19811	37.14809	97.18018	221.31846
100	-5.	0.9949	3.68126	12.80913	38.62135	99.76143	224.19103
100	-4.95	1.04815	3.88051	13.4472	40.1215	102.29306	226.78566
100	-4.9	1.10236	4.09091	14.11304	41.64509	104.7628	229.08199
100	-4.85	1.15782	4.31353	14.80719	43.18811	107.15773	231.0601
100	-4.8	1.2148	4.54956	15.52997	44.74594	109.46447	232.70106
100	-4.75	1.27371	4.8002	16.28145	46.31335	111.66915	233.98679
100	-4.7	1.33512	5.0667	17.06142	47.88447	113.75761	234.90052
100	-4.65	1.39973	5.35032	17.86933	49.45283	115.71545	235.42704
100	-4.6	1.46843	5.65227	18.70424	51.01131	117.52813	235.55259
100	-4.55	1.54206	5.97368	19.56484	52.55223	119.18123	235.26557
100	-4.5	1.62155	6.31562	20.44935	54.06731	120.66044	234.55626
100	-4.45	1.70797	6.67905	21.35556	55.54776	121.95183	233.41734
100	-4.4	1.80246	7.06476	22.28075	56.98433	123.04199	231.84403
100	-4.35	1.90621	7.47337	23.22169	58.36732	123.91815	229.83403
100	-4.3	2.02038	7.90526	24.17464	59.68673	124.56843	227.38788
100	-4.25	2.14606	8.36061	25.13533	60.93232	124.98201	224.50909
100	-4.2	2.28454	8.83932	26.09894	62.09366	125.1492	221.20391
100	-4.15	2.43714	9.34095	27.06015	63.16036	125.0618	217.48185
100	-4.1	2.6051	9.8647	28.01311	64.12205	124.71304	213.35517
100	-4.05	2.78963	10.40936	28.95151	64.96863	124.09792	208.83922
100	-4.	2.99175	10.9733	29.8686	65.69035	123.21329	203.95241
100	-3.95	3.21231	11.55447	30.75727	66.27796	122.05788	198.71566
100	-3.9	3.45209	12.15035	31.61008	66.72287	120.63252	193.15275
100	-3.85	3.71171	12.75796	32.41936	67.0173	118.94013	187.28979
100	-3.8	3.99152	13.3738	33.17729	67.15442	116.9859	181.15537
100	-3.75	4.29168	13.99391	33.876	67.12847	114.77704	174.77968
100	-3.7	4.61187	14.61384	34.50769	66.93497	112.3231	168.19501
100	-3.65	4.95128	15.22872	35.06475	66.57071	109.6356	161.43458
100	-3.6	5.3089	15.83333	35.53985	66.03401	106.72822	154.533
100	-3.55	5.68345	16.42207	35.92613	65.32467	103.6165	147.52533
100	-3.5	6.07324	16.98904	36.21727	64.44414	100.31777	140.44699
100	-3.45	6.47597	17.52806	36.40767	63.39549	96.85088	133.33314
100	-3.4	6.88871	18.03286	36.49257	62.18346	93.23609	126.21854
100	-3.35	7.30805	18.49717	36.46819	60.81447	89.49489	119.13728
100	-3.3	7.73038	18.9148	36.33179	59.29647	85.64943	112.12185
100	-3.25	8.15157	19.27977	36.08182	57.639	81.72269	105.20362
100	-3.2	8.56705	19.58642	35.71795	55.85293	77.73769	98.41169
100	-3.15	8.97188	19.82955	35.2412	53.9505	73.7177	91.77342
100	-3.1	9.36099	20.00459	34.65387	51.94496	69.68557	85.31361
100	-3.05	9.72913	20.10763	33.95963	49.85052	65.66363	79.05466
100	-3.	10.07064	20.13565	33.16344	47.68204	61.67328	73.01611
100	-2.95	10.3801	20.08663	32.27152	45.45485	57.7349	67.21488
100	-2.9	10.65216	19.95961	31.29123	43.18456	53.86765	61.66524
100	-2.85	10.88157	19.75482	30.23092	40.88666	50.089	56.3783
100	-2.8	11.06438	19.47372	29.0998	38.5765	46.41498	51.3628
100	-2.75	11.19783	19.11872	27.90769	36.26885	42.85964	46.62443
100	-2.7	11.2789	18.69327	26.66496	33.97794	39.43541	42.16668
100	-2.65	11.3055	18.20185	25.38224	31.71702	36.15261	37.99029
100	-2.6	11.27657	17.64994	24.07029	29.49847	33.0199	34.09405
100	-2.55	11.19182	17.04381	22.73971	27.33344	30.04386	30.47445
100	-2.5	11.05297	16.39045	21.40079	25.23191	27.2294	27.12623
100	-2.45	10.86328	15.69699	20.06335	23.20265	24.57973	24.04256
100	-2.4	10.6251	14.97078	18.7366	21.25304	22.0963	21.21496
100	-2.35	10.34218	14.21933	17.42911	19.3893	19.77925	18.63395
100	-2.3	10.01874	13.4501	16.14856	17.61627	17.62715	16.28879
100	-2.25	9.65936	12.67038	14.90186	15.93769	15.63752	14.16811
100	-2.2	9.26997	11.88712	13.69493	14.3561	13.80667	12.25976
100	-2.15	8.8571	11.10651	12.53282	12.87302	12.13002	10.55118
100	-2.1	8.42575	10.33408	11.41972	11.48898	10.60207	9.02945
100	-2.05	7.98069	9.57484	10.35906	10.20364	9.21669	7.6815
100	-2.	7.52643	8.83329	9.35351	9.01592	7.96719	6.49432
100	-1.95	7.06711	8.11337	8.405	7.92392	6.84634	5.45488
100	-1.9	6.60737	7.41851	7.51483	6.92523	5.84663	4.5505
100	-1.85	6.15145	6.75133	6.68362	6.01678	4.96023	3.7687
100	-1.8	5.7017	6.11404	5.91158	5.19512	4.1792	3.09756
100	-1.75	5.26063	5.50848	5.19833	4.45631	3.49549	2.52551
100	-1.7	4.83042	4.93617	4.54314	3.79613	2.90113	2.04169
100	-1.65	4.41313	4.39825	3.94477	3.21003	2.38816	1.63573
100	-1.6	4.01101	3.89553	3.40163	2.6933	1.94887	1.29805
100	-1.55	3.62589	3.42836	2.91176	2.24101	1.57574	1.01968
100	-1.5	3.25901	2.99676	2.47293	1.84821	1.26156	0.79241
100	-1.45	2.91143	2.60048	2.08268	1.50989	0.99948	0.60876
100	-1.4	2.5838	2.239	1.73829	1.22105	0.783	0.46198
100	-1.35	2.27659	1.91165	1.4369	0.9768	0.60609	0.34602
100	-1.3	1.99057	1.61747	1.17547	0.77233	0.46314	0.25556
100	-1.25	1.72641	1.35525	0.95088	0.60304	0.34905	0.18593
100	-1.2	1.48399	1.12352	0.7599	0.46451	0.25917	0.1331
100	-1.15	1.26315	0.92067	0.59935	0.35261	0.18937	0.09364
100	-1.1	1.06352	0.74498	0.46602	0.26346	0.13599	0.06465
100	-1.05	0.88468	0.59459	0.35678	0.19348	0.09583	0.04374
100	-1.	0.72636	0.46753	0.26855	0.13945	0.06617	0.02895
100	-0.95	0.58812	0.36162	0.19842	0.09846	0.04468	0.01871
100	-0.9	0.46885	0.27466	0.14363	0.06798	0.02944	0.01178
100	-0.85	0.36729	0.20442	0.10165	0.04579	0.0189	0.00721
100	-0.8	0.28208	0.14873	0.07016	0.03002	0.01178	0.00428
100	-0.75	0.21176	0.10553	0.04712	0.0191	0.00711	0.00246
100	-0.7	0.15497	0.07283	0.03069	0.01176	0.00415	0.00136
100	-0.65	0.11037	0.04873	0.01932	0.00698	0.00233	0.00072
100	-0.6	0.0762	0.03148	0.0117	0.00398	0.00125	0.00037
100	-0.55	0.05074	0.01952	0.00679	0.00217	0.00064	0.00018
100	-0.5	0.03238	0.01156	0.00375	0.00112	0.00031	0.00008
100	-0.45	0.01966	0.0065	0.00197	0.00055	0.00014	0.00004
100	-0.4	0.01127	0.00345	0.00097	0.00026	0.00006	0.00001
100	-0.35	0.00607	0.00172	0.00045	0.00011	0.00003	0.00000
100	-0.3	0.00306	0.0008	0.0002	0.00004	0.00000	0.00000
100	-0.25	0.00143	0.00035	0.00008	0.00002	0.00000	0.00000
100	-0.2	0.00061	0.00014	0.00003	0.00000	0.00000	0.00000
100	-0.15	0.00025	0.00005	0.00000	0.00000	0.00000	0.00000
100	-0.1	0.00009	0.00002	0.00000	0.00000	0.00000	0.00000
100	-0.05	0.00003	0.00000	0.00000	0.00000	0.00000	0.00000
100	0.00	0.00000	0.00000	0.00000	0.00000	0.00000	0.00000
500	-8.9	0.00223	0.03092	0.24572	1.43751	6.86015	28.16787
500	-8.85	0.0025	0.03412	0.26778	1.55026	7.33235	29.8706
500	-8.8	0.0028	0.03764	0.2917	1.67115	7.83363	31.66208
500	-8.75	0.00314	0.04151	0.31765	1.8007	8.36548	33.54584
500	-8.7	0.00351	0.04577	0.34576	1.93946	8.92944	35.52548
500	-8.65	0.00394	0.05044	0.37622	2.08799	9.52711	37.60464
500	-8.6	0.00441	0.05558	0.4092	2.24691	10.16014	39.787
500	-8.55	0.00494	0.06122	0.44489	2.41684	10.83023	42.07631
500	-8.5	0.00553	0.06742	0.48349	2.59843	11.53913	44.47633
500	-8.45	0.0062	0.07422	0.52522	2.79237	12.28863	46.99085
500	-8.4	0.00694	0.08167	0.5703	2.99937	13.08059	49.62367
500	-8.35	0.00777	0.08985	0.61897	3.22019	13.91689	52.3786
500	-8.3	0.0087	0.0988	0.67149	3.45559	14.79948	55.25946
500	-8.25	0.00975	0.10861	0.72813	3.70639	15.73033	58.27003
500	-8.2	0.01091	0.11935	0.78917	3.97341	16.71148	61.41407
500	-8.15	0.01221	0.1311	0.85493	4.25753	17.74497	64.69532
500	-8.1	0.01366	0.14394	0.9257	4.55964	18.8329	68.11742
500	-8.05	0.01528	0.15798	1.00183	4.88068	19.97741	71.68399
500	-8.	0.01709	0.17332	1.08366	5.22159	21.18063	75.39852
500	-7.95	0.01911	0.19006	1.17157	5.58336	22.44477	79.26443
500	-7.9	0.02136	0.20832	1.26593	5.96701	23.77201	83.28499
500	-7.85	0.02388	0.22823	1.36715	6.37358	25.16458	87.46336
500	-7.8	0.02668	0.24992	1.47564	6.80413	26.6247	91.8025
500	-7.75	0.02981	0.27354	1.59184	7.25977	28.15462	96.30523
500	-7.7	0.0333	0.29923	1.7162	7.74161	29.75658	100.97411
500	-7.65	0.03718	0.32716	1.84919	8.2508	31.4328	105.81151
500	-7.6	0.0415	0.35749	1.99129	8.7885	33.18552	110.8195
500	-7.55	0.0463	0.39042	2.14302	9.3559	35.01693	115.99992
500	-7.5	0.05164	0.42612	2.30488	9.95421	36.92923	121.35422
500	-7.45	0.05758	0.46481	2.47741	10.58466	38.92457	126.88354
500	-7.4	0.06417	0.5067	2.66115	11.24848	41.00505	132.58864
500	-7.35	0.07148	0.552	2.85666	11.94694	43.17274	138.46983
500	-7.3	0.07959	0.60095	3.06452	12.68132	45.42963	144.52699
500	-7.25	0.08858	0.65379	3.28532	13.4529	47.77766	150.75947
500	-7.2	0.09854	0.71077	3.51965	14.26298	50.21868	157.1661
500	-7.15	0.10956	0.77214	3.76811	15.11288	52.75443	163.74511
500	-7.1	0.12174	0.83817	4.03133	16.00391	55.38658	170.4941
500	-7.05	0.13519	0.90913	4.30993	16.93741	58.11663	177.41
500	-7.	0.15003	0.98531	4.60455	17.91471	60.94596	184.48898
500	-6.95	0.16638	1.06697	4.91584	18.93715	63.8758	191.72642
500	-6.9	0.18437	1.15442	5.24444	20.0061	66.90718	199.11691
500	-6.85	0.20415	1.24792	5.59103	21.12289	70.04093	206.65407
500	-6.8	0.22586	1.34778	5.95628	22.28887	73.27765	214.33063
500	-6.75	0.24963	1.45427	6.34087	23.5054	76.61769	222.13826
500	-6.7	0.27562	1.56768	6.74552	24.77382	80.0611	230.06757
500	-6.65	0.30399	1.6883	7.17092	26.09547	83.60762	238.10811
500	-6.6	0.3349	1.8164	7.61783	27.47165	87.25661	246.24816
500	-6.55	0.36849	1.95226	8.08699	28.90368	91.00706	254.47482
500	-6.5	0.40494	2.09615	8.57918	30.39281	94.85751	262.77392
500	-6.45	0.44439	2.24832	9.09523	31.94027	98.80599	271.12993
500	-6.4	0.48696	2.40905	9.63598	33.54724	102.85004	279.52603
500	-6.35	0.5328	2.57858	10.2023	35.21482	106.98658	287.94393
500	-6.3	0.58204	2.75719	10.79515	36.94402	111.21191	296.36398
500	-6.25	0.63473	2.94514	11.41549	38.73575	115.52165	304.76516
500	-6.2	0.69095	3.1427	12.06436	40.59078	119.91064	313.12491
500	-6.15	0.75075	3.35018	12.74284	42.50973	124.37298	321.41943
500	-6.1	0.81414	3.56792	13.45209	44.49298	128.90185	329.62342
500	-6.05	0.8811	3.79628	14.1933	46.54072	133.48958	337.71031
500	-6.	0.95162	4.03568	14.96771	48.65283	138.12753	345.65234
500	-5.95	1.02561	4.2866	15.77662	50.82887	142.80605	353.42044
500	-5.9	1.10302	4.54962	16.62135	53.06805	147.51451	360.98466
500	-5.85	1.18378	4.82536	17.50323	55.36912	152.24116	368.31395
500	-5.8	1.26785	5.11457	18.4236	57.73037	156.97321	375.37653
500	-5.75	1.35518	5.41808	19.38375	60.14957	161.6968	382.1401
500	-5.7	1.44574	5.73683	20.38494	62.62388	166.39695	388.57176
500	-5.65	1.53953	6.07191	21.42832	65.14982	171.05762	394.63847
500	-5.6	1.63667	6.42449	22.5149	67.72323	175.6618	400.30731
500	-5.55	1.73736	6.79587	23.64551	70.3392	180.19141	405.5454
500	-5.5	1.84199	7.18744	24.82077	72.99205	184.62755	410.32065
500	-5.45	1.9511	7.60063	26.04102	75.67527	188.95043	414.60154
500	-5.4	2.06513	8.03694	27.30628	78.38153	193.13954	418.35778
500	-5.35	2.1847	8.49791	28.6162	81.1026	197.17377	421.56043
500	-5.3	2.3106	8.98511	29.97	83.82941	201.0316	424.1824
500	-5.25	2.4437	9.5001	31.36644	86.55203	204.69109	426.19836
500	-5.2	2.58512	10.04438	32.80374	89.25964	208.13025	427.58542
500	-5.15	2.73618	10.61935	34.27952	91.94065	211.32713	428.32346
500	-5.1	2.89819	11.22625	35.79083	94.58265	214.25999	428.39489
500	-5.05	3.07251	11.86613	37.33404	97.17256	216.90763	427.78571
500	-5.	3.26059	12.53984	38.90485	99.69663	219.24947	426.48493
500	-4.95	3.46404	13.24796	40.49825	102.14058	221.26589	424.48538
500	-4.9	3.68448	13.99075	42.10853	104.48971	222.93848	421.78386
500	-4.85	3.92353	14.76809	43.72924	106.72896	224.25011	418.38073
500	-4.8	4.18281	15.57945	45.35322	108.84316	225.18542	414.28096
500	-4.75	4.4639	16.42385	46.97261	110.81705	225.73077	409.49319
500	-4.7	4.76837	17.29979	48.5789	112.63556	225.87466	404.03049
500	-4.65	5.0977	18.20522	50.16295	114.28392	225.60791	397.9103
500	-4.6	5.4531	19.13749	51.7151	115.74786	224.92363	391.15367
500	-4.55	5.8355	20.09339	53.22519	117.01381	223.81773	383.78625
500	-4.5	6.24563	21.06909	54.68269	118.06905	222.28868	375.83696
500	-4.45	6.68401	22.06013	56.0768	118.90193	220.33782	367.33857
500	-4.4	7.15091	23.06141	57.39655	119.5021	217.96953	358.32747
500	-4.35	7.6461	24.0672	58.63098	119.86057	215.19089	348.84257
500	-4.3	8.16868	25.07118	59.76921	119.96996	212.01196	338.92575
500	-4.25	8.71731	26.06656	60.80071	119.82469	208.44582	328.62148
500	-4.2	9.29031	27.04607	61.71531	119.42092	204.508	317.97552
500	-4.15	9.88537	28.00201	62.5035	118.7569	200.217	307.03586
500	-4.1	10.49956	28.92641	63.15647	117.83285	195.59348	295.85083
500	-4.05	11.12938	29.81109	63.66634	116.65107	190.6605	284.46968
500	-4.	11.77098	30.64777	64.02633	115.21606	185.44324	272.94206
500	-3.95	12.41993	31.42818	64.23079	113.5343	179.96838	261.31671
500	-3.9	13.07112	32.14417	64.27545	111.61434	174.2642	249.64199
500	-3.85	13.71887	32.78796	64.15747	109.46667	168.36004	237.96492
500	-3.8	14.35691	33.35223	63.87555	107.10366	162.28625	226.33134
500	-3.75	14.97849	33.83038	63.42991	104.53918	156.0733	214.78449
500	-3.7	15.57727	34.21667	62.82237	101.78877	149.75223	203.36616
500	-3.65	16.14746	34.50608	62.05624	98.86905	143.35348	192.11486
500	-3.6	16.68236	34.69454	61.13645	95.79787	136.90739	181.06706
500	-3.55	17.1752	34.77912	60.06935	92.59377	130.44332	170.25592
500	-3.5	17.61957	34.75817	58.86269	89.2759	123.98969	159.71172
500	-3.45	18.00955	34.63136	57.52537	85.86365	117.57349	149.46133
500	-3.4	18.34065	34.39966	56.06735	82.37651	111.22034	139.52863
500	-3.35	18.60971	34.06505	54.4995	78.83389	104.95438	129.93452
500	-3.3	18.81316	33.6306	52.83331	75.25464	98.79761	120.69616
500	-3.25	18.94824	33.10056	51.08091	71.65724	92.77055	111.82823
500	-3.2	19.01322	32.48023	49.25462	68.05918	86.89134	103.34178
500	-3.15	19.00742	31.77592	47.36698	64.47726	81.17653	95.24546
500	-3.1	18.93235	30.99464	45.43035	60.92713	75.64044	87.54487
500	-3.05	18.79105	30.14366	43.45686	57.42342	70.29552	80.24311
500	-3.	18.58562	29.23051	41.45831	53.97949	65.15213	73.34062
500	-2.95	18.31895	28.26304	39.44604	50.60754	60.21886	66.8357
500	-2.9	17.99456	27.2493	37.4309	47.31863	55.5026	60.7247
500	-2.85	17.61649	26.19736	35.42294	44.12239	51.00818	55.00161
500	-2.8	17.19034	25.11521	33.43163	41.02743	46.73917	49.65914
500	-2.75	16.72248	24.01021	31.46552	38.04097	42.69723	44.68796
500	-2.7	16.21738	22.88934	29.53262	35.16929	38.88289	40.07778
500	-2.65	15.67948	21.7593	27.64007	32.41736	35.29505	35.81667
500	-2.6	15.11352	20.62655	25.79441	29.78927	31.93163	31.89202
500	-2.55	14.52411	19.49711	24.00132	27.28792	28.78917	28.29003
500	-2.5	13.91633	18.37662	22.26578	24.91531	25.86331	24.99628
500	-2.45	13.29542	17.27011	20.5921	22.67261	23.14882	21.99588
500	-2.4	12.6651	16.18206	18.98385	20.56001	20.63944	19.27327
500	-2.35	12.02919	15.11665	17.44409	18.57706	18.32843	16.81284
500	-2.3	11.39112	14.0776	15.97514	16.72244	16.20818	14.59859
500	-2.25	10.75386	13.06835	14.57884	14.99426	14.27075	12.61466
500	-2.2	10.12099	12.092	13.25638	13.38996	12.50764	10.84518
500	-2.15	9.49645	11.151	12.00843	11.90647	10.91005	9.27448
500	-2.1	8.88247	10.24737	10.83517	10.54018	9.46889	7.88713
500	-2.05	8.28116	9.38284	9.73632	9.28708	8.17489	6.66813
500	-2.	7.69466	8.55887	8.71126	8.14282	7.01874	5.60292
500	-1.95	7.1247	7.77654	7.75886	7.10264	5.991	4.67743
500	-1.9	6.57318	7.03671	6.8777	6.16158	5.08237	3.87822
500	-1.85	6.04211	6.33978	6.06596	5.31441	4.28357	3.19243
500	-1.8	5.53251	5.68588	5.3216	4.5558	3.58557	2.60797
500	-1.75	5.04534	5.07485	4.64226	3.88023	2.9795	2.11339
500	-1.7	4.58134	4.50635	4.02541	3.28218	2.45682	1.69805
500	-1.65	4.14101	3.97981	3.46826	2.75603	2.00926	1.35202
500	-1.6	3.7251	3.49449	2.96791	2.29625	1.62895	1.06621
500	-1.55	3.33415	3.04933	2.52125	1.8973	1.30839	0.83227
500	-1.5	2.96792	2.64313	2.12512	1.55376	1.04054	0.64262
500	-1.45	2.6263	2.27461	1.77626	1.26038	0.81881	0.49047
500	-1.4	2.30906	1.94231	1.47133	1.012	0.63707	0.36972
500	-1.35	2.0159	1.64474	1.20697	0.80371	0.48968	0.27504
500	-1.3	1.74668	1.38021	0.97979	0.63079	0.37152	0.20172
500	-1.25	1.50121	1.14692	0.7864	0.48883	0.27795	0.14571
500	-1.2	1.27879	0.94289	0.62347	0.37364	0.20483	0.10354
500	-1.15	1.07867	0.76614	0.48775	0.28139	0.14851	0.07229
500	-1.1	0.90001	0.61461	0.37608	0.20853	0.1058	0.04952
500	-1.05	0.74185	0.48619	0.28544	0.15185	0.07394	0.03324
500	-1.	0.60336	0.3788	0.21295	0.1085	0.05062	0.02181
500	-0.95	0.48376	0.29022	0.15588	0.07592	0.03388	0.01397
500	-0.9	0.38174	0.21826	0.11176	0.05193	0.02212	0.00872
500	-0.85	0.29589	0.16079	0.07831	0.03464	0.01407	0.00529
500	-0.8	0.22475	0.11575	0.0535	0.02248	0.00868	0.00311
500	-0.75	0.1668	0.08122	0.03554	0.01416	0.00519	0.00177
500	-0.7	0.12063	0.05541	0.02289	0.00862	0.00299	0.00097
500	-0.65	0.08483	0.03662	0.01424	0.00506	0.00166	0.00051
500	-0.6	0.05778	0.02335	0.00852	0.00285	0.00088	0.00026
500	-0.55	0.03793	0.0143	0.00488	0.00153	0.00045	0.00012
500	-0.5	0.02387	0.00835	0.00266	0.00078	0.00022	0.00006
500	-0.45	0.01428	0.00463	0.00138	0.00038	0.0001	0.00002
500	-0.4	0.00806	0.00242	0.00067	0.00017	0.00004	0.00000
500	-0.35	0.00427	0.00119	0.00031	0.00007	0.00002	0.00000
500	-0.3	0.00211	0.00054	0.00013	0.00003	0.00000	0.00000
500	-0.25	0.00096	0.00023	0.00005	0.00001	0.00000	0.00000
500	-0.2	0.00041	0.00009	0.00002	0.00000	0.00000	0.00000
500	-0.15	0.00016	0.00003	0.00000	0.00000	0.00000	0.00000
500	-0.1	0.00006	0.00001	0.00000	0.00000	0.00000	0.00000
500	-0.05	0.00002	0.00000	0.00000	0.00000	0.00000	0.00000
500	0.00	0.00000	0.00000	0.00000	0.00000	0.00000	0.00000
1000	-8.9	0.00479	0.06165	0.46217	2.57859	11.82211	46.84481
1000	-8.85	0.00537	0.06794	0.50276	2.77547	12.61071	49.57472
1000	-8.8	0.00602	0.07484	0.5467	2.98605	13.44574	52.43919
1000	-8.75	0.00674	0.08242	0.59423	3.21115	14.32942	55.44302
1000	-8.7	0.00755	0.09074	0.64562	3.45165	15.26403	58.59101
1000	-8.65	0.00845	0.09986	0.70116	3.70843	16.25191	61.888
1000	-8.6	0.00946	0.10987	0.76114	3.98244	17.29547	65.33885
1000	-8.55	0.01059	0.12083	0.82589	4.27465	18.39715	68.9484
1000	-8.5	0.01186	0.13284	0.89573	4.58608	19.55948	72.72148
1000	-8.45	0.01327	0.14599	0.97102	4.91779	20.78502	76.66286
1000	-8.4	0.01486	0.16038	1.05214	5.27087	22.0764	80.7773
1000	-8.35	0.01663	0.17611	1.13948	5.64645	23.43628	85.06947
1000	-8.3	0.0186	0.19331	1.23347	6.04572	24.86736	89.54394
1000	-8.25	0.02081	0.2121	1.33453	6.46988	26.37241	94.20518
1000	-8.2	0.02327	0.23261	1.44313	6.92019	27.95418	99.05754
1000	-8.15	0.02602	0.25499	1.55974	7.39793	29.61549	104.10519
1000	-8.1	0.02908	0.27939	1.68488	7.90443	31.35918	109.35214
1000	-8.05	0.0325	0.30598	1.81906	8.44106	33.18808	114.80218
1000	-8.	0.0363	0.33494	1.96284	9.0092	35.10505	120.45887
1000	-7.95	0.04055	0.36645	2.11678	9.61029	37.11294	126.32549
1000	-7.9	0.04527	0.40071	2.28147	10.24578	39.21461	132.40504
1000	-7.85	0.05053	0.43793	2.45754	10.91718	41.41289	138.70018
1000	-7.8	0.05638	0.47834	2.64562	11.626	43.71059	145.21318
1000	-7.75	0.06288	0.52218	2.84635	12.37379	46.1105	151.94595
1000	-7.7	0.07012	0.5697	3.06043	13.16213	48.61535	158.8999
1000	-7.65	0.07815	0.62115	3.28855	13.99261	51.22782	166.07597
1000	-7.6	0.08705	0.67682	3.53143	14.86686	53.95052	173.47456
1000	-7.55	0.09694	0.73699	3.78979	15.78651	56.78599	181.09552
1000	-7.5	0.10789	0.80196	4.0644	16.75321	59.73666	188.93801
1000	-7.45	0.12002	0.87205	4.35603	17.76864	62.80485	197.00054
1000	-7.4	0.13343	0.94757	4.66545	18.8345	65.99278	205.28088
1000	-7.35	0.14827	1.02887	4.99348	19.95246	69.30248	213.77597
1000	-7.3	0.16464	1.11628	5.34092	21.12424	72.73585	222.48195
1000	-7.25	0.1827	1.21016	5.70861	22.35155	76.29457	231.39399
1000	-7.2	0.20259	1.31087	6.09739	23.6361	79.98013	240.5063
1000	-7.15	0.22447	1.41877	6.50812	24.97961	83.79377	249.81207
1000	-7.1	0.24849	1.53423	6.94168	26.38379	87.73646	259.30331
1000	-7.05	0.27485	1.65765	7.39894	27.85035	91.80888	268.97096
1000	-7.	0.30374	1.78938	7.88082	29.38098	96.01135	278.80462
1000	-6.95	0.33534	1.9298	8.38823	30.97736	100.34384	288.79261
1000	-6.9	0.36987	2.0793	8.92211	32.64115	104.8059	298.92194
1000	-6.85	0.40749	2.23822	9.48343	34.37396	109.3966	309.17808
1000	-6.8	0.44839	2.40696	10.07318	36.17738	114.11456	319.54513
1000	-6.75	0.49276	2.58587	10.69238	38.05294	118.95777	330.00555
1000	-6.7	0.5408	2.77533	11.34209	40.00209	123.92367	340.54026
1000	-6.65	0.59267	2.97571	12.02341	42.02621	129.00902	351.12858
1000	-6.6	0.64853	3.18737	12.73746	44.12657	134.20985	361.74811
1000	-6.55	0.70852	3.41071	13.48544	46.3043	139.5214	372.3748
1000	-6.5	0.77279	3.64612	14.26856	48.56041	144.93809	382.98301
1000	-6.45	0.84145	3.894	15.08812	50.89566	150.45342	393.54526
1000	-6.4	0.91456	4.1548	15.94546	53.31065	156.05995	404.03262
1000	-6.35	0.99218	4.42899	16.84196	55.80568	161.74917	414.41438
1000	-6.3	1.07429	4.71709	17.77905	58.38075	167.51152	424.65838
1000	-6.25	1.16092	5.01971	18.75822	61.0355	173.33634	434.73107
1000	-6.2	1.25207	5.3375	19.78096	63.76916	179.21173	444.59737
1000	-6.15	1.34776	5.67121	20.84879	66.58052	185.12465	454.22117
1000	-6.1	1.44796	6.02166	21.96322	69.4678	191.06077	463.56512
1000	-6.05	1.55272	6.38978	23.12572	72.42869	197.00451	472.59102
1000	-6.	1.66205	6.77662	24.33771	75.46021	202.93907	481.26011
1000	-5.95	1.77604	7.18332	25.60051	78.55869	208.84635	489.53286
1000	-5.9	1.8948	7.61115	26.91532	81.71969	214.70709	497.36984
1000	-5.85	2.0185	8.06151	28.28315	84.93796	220.50077	504.73137
1000	-5.8	2.1475	8.5359	29.70476	88.20739	226.2058	511.57819
1000	-5.75	2.28237	9.03589	31.18067	91.52097	231.79959	517.87184
1000	-5.7	2.42362	9.5631	32.71104	94.87071	237.25853	523.57451
1000	-5.65	2.57183	10.11923	34.29565	98.24769	242.55823	528.6498
1000	-5.6	2.72783	10.70602	35.93384	101.64199	247.67367	533.0631
1000	-5.55	2.89261	11.3252	37.62441	105.04266	252.57923	536.78139
1000	-5.5	3.06728	11.97843	39.36565	108.43783	257.24906	539.77441
1000	-5.45	3.25323	12.66731	41.1552	111.81461	261.65707	542.01417
1000	-5.4	3.45185	13.39326	42.99004	115.15922	265.77732	543.47588
1000	-5.35	3.66448	14.15755	44.86646	118.457	269.58412	544.13795
1000	-5.3	3.89263	14.96127	46.78	121.69251	273.05246	543.98269
1000	-5.25	4.13806	15.80523	48.72543	124.84958	276.15799	542.99585
1000	-5.2	4.40257	16.68989	50.69669	127.91144	278.87748	541.16756
1000	-5.15	4.68791	17.61537	52.68694	130.86089	281.18914	538.49252
1000	-5.1	4.9959	18.58132	54.68849	133.68032	283.07257	534.96942
1000	-5.05	5.32839	19.58693	56.69287	136.35204	284.50948	530.60225
1000	-5.	5.68718	20.63082	58.69082	138.85829	285.48345	525.39918
1000	-4.95	6.07386	21.71104	60.67237	141.18151	285.98052	519.37337
1000	-4.9	6.48984	22.82503	62.62687	143.30457	285.98938	512.54307
1000	-4.85	6.93635	23.96955	64.54305	145.21084	285.50126	504.93055
1000	-4.8	7.41439	25.14075	66.40916	146.8846	284.51061	496.56341
1000	-4.75	7.92493	26.33402	68.21302	148.31102	283.01467	487.47297
1000	-4.7	8.46846	27.54403	69.94217	149.47656	281.01398	477.695
1000	-4.65	9.04494	28.7647	71.58404	150.36911	278.51248	467.26946
1000	-4.6	9.65364	29.98931	73.12607	150.9781	275.51703	456.23913
1000	-4.55	10.29317	31.21059	74.55589	151.29482	272.03814	444.65086
1000	-4.5	10.96198	32.42072	75.86147	151.31242	268.0892	432.55347
1000	-4.45	11.658	33.61136	77.03125	151.02615	263.68681	419.99848
1000	-4.4	12.37849	34.77373	78.05442	150.43351	258.85071	407.03965
1000	-4.35	13.12001	35.89875	78.92099	149.53415	253.6031	393.73144
1000	-4.3	13.8784	36.97712	79.62201	148.33006	247.96887	380.12957
1000	-4.25	14.6489	37.99952	80.14976	146.82561	241.97539	366.29058
1000	-4.2	15.42623	38.95671	80.49782	145.02733	235.65165	352.27009
1000	-4.15	16.20445	39.83967	80.66127	142.94411	229.02881	338.12421
1000	-4.1	16.97708	40.63984	80.63672	140.58683	222.13897	323.9072
1000	-4.05	17.73713	41.34921	80.42243	137.96841	215.01547	309.67234
1000	-4.	18.47772	41.96057	80.01835	135.10367	207.69253	295.47151
1000	-3.95	19.19214	42.46743	79.42608	132.00893	200.20432	281.35372
1000	-3.9	19.87284	42.86428	78.64893	128.70201	192.58532	267.36607
1000	-3.85	20.51259	43.14676	77.69183	125.20187	184.86953	253.55274
1000	-3.8	21.10441	43.31174	76.56128	121.52852	177.09063	239.95547
1000	-3.75	21.64135	43.35737	75.26514	117.70245	169.28097	226.6121
1000	-3.7	22.11777	43.28325	73.81262	113.74482	161.47225	213.5582
1000	-3.65	22.52956	43.09003	72.21394	109.67675	153.69434	200.82512
1000	-3.6	22.87198	42.77958	70.48034	105.51955	145.97599	188.44166
1000	-3.55	23.14153	42.35502	68.62383	101.29412	138.34403	176.4328
1000	-3.5	23.33551	41.82062	66.65697	97.02101	130.82356	164.82042
1000	-3.45	23.45201	41.18175	64.59269	92.72002	123.43761	153.62277
1000	-3.4	23.49135	40.44471	62.44406	88.41023	116.20736	142.85512
1000	-3.35	23.45578	39.61623	60.22421	84.10998	109.15215	132.52991
1000	-3.3	23.34665	38.70335	57.94609	79.83636	102.28889	122.65587
1000	-3.25	23.16604	37.71366	55.62255	75.60566	95.63293	113.23964
1000	-3.2	22.91658	36.65503	53.26598	71.43279	89.19713	104.28439
1000	-3.15	22.60105	35.53565	50.88846	67.3317	82.99283	95.79135
1000	-3.1	22.22445	34.3639	48.50141	63.315	77.02921	87.75897
1000	-3.05	21.79321	33.14759	46.11568	59.39419	71.3137	80.18362
1000	-3.	21.31073	31.89433	43.74152	55.57945	65.85181	73.05939
1000	-2.95	20.78131	30.61173	41.38858	51.87983	60.64746	66.37863
1000	-2.9	20.20957	29.30725	39.06589	48.30327	55.70308	60.13214
1000	-2.85	19.59976	27.98811	36.78166	44.85634	51.01926	54.30874
1000	-2.8	18.95698	26.6614	34.54349	41.5447	46.59553	48.89639
1000	-2.75	18.28747	25.33355	32.35806	38.37269	42.42975	43.88136
1000	-2.7	17.59588	24.0105	30.23151	35.34385	38.51889	39.24936
1000	-2.65	16.88617	22.69778	28.16918	32.4605	34.85848	34.9848
1000	-2.6	16.16211	21.40072	26.17586	29.72419	31.44334	31.07179
1000	-2.55	15.42733	20.12433	24.25552	27.13542	28.26712	27.49354
1000	-2.5	14.6864	18.87332	22.41147	24.69389	25.32279	24.23302
1000	-2.45	13.94439	17.65173	20.6464	22.39863	22.60267	21.273
1000	-2.4	13.20485	16.463	18.96227	20.24777	20.09831	18.59588
1000	-2.35	12.47094	15.3102	17.36062	18.23898	17.80093	16.1843
1000	-2.3	11.74506	14.19602	15.84233	16.36916	15.70114	14.02073
1000	-2.25	11.02965	13.123	14.40787	14.6348	13.78938	12.08806
1000	-2.2	10.32794	12.09324	13.05711	13.03185	12.05575	10.36935
1000	-2.15	9.64305	11.10828	11.78948	11.55586	10.49023	8.84808
1000	-2.1	8.97674	10.16927	10.60396	10.20199	9.08263	7.50815
1000	-2.05	8.33076	9.27706	9.49921	8.96513	7.82282	6.33401
1000	-2.	7.70662	8.43221	8.47357	7.83995	6.70072	5.31076
1000	-1.95	7.10556	7.63498	7.52497	6.82082	5.70626	4.42405
1000	-1.9	6.52878	6.88541	6.65117	5.90205	4.82967	3.66032
1000	-1.85	5.97751	6.1832	5.84959	5.07776	4.06127	3.00665
1000	-1.8	5.45269	5.52779	5.11749	4.3421	3.39176	2.45096
1000	-1.75	4.95451	4.91832	4.45193	3.68909	2.81204	1.9819
1000	-1.7	4.48301	4.35389	3.84987	3.11284	2.31347	1.58896
1000	-1.65	4.03803	3.83344	3.30811	2.60746	1.8877	1.26241
1000	-1.6	3.61973	3.35584	2.82333	2.16718	1.52689	0.99335
1000	-1.55	3.22858	2.91969	2.39212	1.78629	1.22358	0.77366
1000	-1.5	2.8643	2.52342	2.01098	1.45927	0.97081	0.596
1000	-1.45	2.5263	2.16535	1.67646	1.18081	0.76212	0.45383
1000	-1.4	2.21402	1.84376	1.38501	0.94574	0.59152	0.34129
1000	-1.35	1.92685	1.55685	1.13316	0.74917	0.45354	0.25326
1000	-1.3	1.66428	1.30275	0.9174	0.58647	0.34322	0.18528
1000	-1.25	1.42595	1.07947	0.73432	0.45327	0.2561	0.13348
1000	-1.2	1.21096	0.88488	0.58056	0.34551	0.18822	0.0946
1000	-1.15	1.01829	0.7169	0.45288	0.25947	0.13608	0.06587
1000	-1.1	0.84697	0.57338	0.34816	0.19172	0.09666	0.04499
1000	-1.05	0.69592	0.45218	0.26344	0.13918	0.06735	0.0301
1000	-1.	0.56418	0.35116	0.1959	0.09913	0.04596	0.0197
1000	-0.95	0.45085	0.26814	0.14292	0.06913	0.03066	0.01258
1000	-0.9	0.35452	0.20094	0.10211	0.04712	0.01995	0.00782
1000	-0.85	0.27376	0.14747	0.07128	0.03132	0.01264	0.00473
1000	-0.8	0.2071	0.10575	0.04851	0.02025	0.00777	0.00277
1000	-0.75	0.15306	0.0739	0.03209	0.0127	0.00463	0.00157
1000	-0.7	0.11021	0.05019	0.02058	0.0077	0.00266	0.00086
1000	-0.65	0.07714	0.03302	0.01275	0.0045	0.00147	0.00045
1000	-0.6	0.05229	0.02095	0.00759	0.00252	0.00078	0.00023
1000	-0.55	0.03415	0.01276	0.00432	0.00135	0.00039	0.00011
1000	-0.5	0.02136	0.00741	0.00235	0.00069	0.00019	0.00005
1000	-0.45	0.01268	0.00408	0.00121	0.00033	0.00009	0.00002
1000	-0.4	0.00709	0.00212	0.00059	0.00015	0.00004	0.00000
1000	-0.35	0.00374	0.00104	0.00027	0.00007	0.00002	0.00000
1000	-0.3	0.00184	0.00048	0.00012	0.00003	0.00000	0.00000
1000	-0.25	0.00085	0.0002	0.00005	0.00000	0.00000	0.00000
1000	-0.2	0.00036	0.00008	0.00002	0.00000	0.00000	0.00000
1000	-0.15	0.00014	0.00003	0.00000	0.00000	0.00000	0.00000
1000	-0.1	0.00006	0.00001	0.00000	0.00000	0.00000	0.00000
1000	-0.05	0.00002	0.00000	0.00000	0.00000	0.00000	0.00000
1000	0.00	0.00000	0.00000	0.00000	0.00000	0.00000	0.00000
2000	-8.9	0.00479	0.06165	0.46217	2.57859	11.82211	46.84481
2000	-8.85	0.00537	0.06794	0.50276	2.77547	12.61071	49.57472
2000	-8.8	0.00602	0.07484	0.5467	2.98605	13.44574	52.43919
2000	-8.75	0.00674	0.08242	0.59423	3.21115	14.32942	55.44302
2000	-8.7	0.00755	0.09074	0.64562	3.45165	15.26403	58.59101
2000	-8.65	0.00845	0.09986	0.70116	3.70843	16.25191	61.888
2000	-8.6	0.00946	0.10987	0.76114	3.98244	17.29547	65.33885
2000	-8.55	0.01059	0.12083	0.82589	4.27465	18.39715	68.9484
2000	-8.5	0.01186	0.13284	0.89573	4.58608	19.55948	72.72148
2000	-8.45	0.01327	0.14599	0.97102	4.91779	20.78502	76.66286
2000	-8.4	0.01486	0.16038	1.05214	5.27087	22.0764	80.7773
2000	-8.35	0.01663	0.17611	1.13948	5.64645	23.43628	85.06947
2000	-8.3	0.0186	0.19331	1.23347	6.04572	24.86736	89.54394
2000	-8.25	0.02081	0.2121	1.33453	6.46988	26.37241	94.20518
2000	-8.2	0.02327	0.23261	1.44313	6.92019	27.95418	99.05754
2000	-8.15	0.02602	0.25499	1.55974	7.39793	29.61549	104.10519
2000	-8.1	0.02908	0.27939	1.68488	7.90443	31.35918	109.35214
2000	-8.05	0.0325	0.30598	1.81906	8.44106	33.18808	114.80218
2000	-8.	0.0363	0.33494	1.96284	9.0092	35.10505	120.45887
2000	-7.95	0.04055	0.36645	2.11678	9.61029	37.11294	126.32549
2000	-7.9	0.04527	0.40071	2.28147	10.24578	39.21461	132.40504
2000	-7.85	0.05053	0.43793	2.45754	10.91718	41.41289	138.70018
2000	-7.8	0.05638	0.47834	2.64562	11.626	43.71059	145.21318
2000	-7.75	0.06288	0.52218	2.84635	12.37379	46.1105	151.94595
2000	-7.7	0.07012	0.5697	3.06043	13.16213	48.61535	158.8999
2000	-7.65	0.07815	0.62115	3.28855	13.99261	51.22782	166.07597
2000	-7.6	0.08705	0.67682	3.53143	14.86686	53.95052	173.47456
2000	-7.55	0.09694	0.73699	3.78979	15.78651	56.78599	181.09552
2000	-7.5	0.10789	0.80196	4.0644	16.75321	59.73666	188.93801
2000	-7.45	0.12002	0.87205	4.35603	17.76864	62.80485	197.00054
2000	-7.4	0.13343	0.94757	4.66545	18.8345	65.99278	205.28088
2000	-7.35	0.14827	1.02887	4.99348	19.95246	69.30248	213.77597
2000	-7.3	0.16464	1.11628	5.34092	21.12424	72.73585	222.48195
2000	-7.25	0.1827	1.21016	5.70861	22.35155	76.29457	231.39399
2000	-7.2	0.20259	1.31087	6.09739	23.6361	79.98013	240.5063
2000	-7.15	0.22447	1.41877	6.50812	24.97961	83.79377	249.81207
2000	-7.1	0.24849	1.53423	6.94168	26.38379	87.73646	259.30331
2000	-7.05	0.27485	1.65765	7.39894	27.85035	91.80888	268.97096
2000	-7.	0.30374	1.78938	7.88082	29.38098	96.01135	278.80462
2000	-6.95	0.33534	1.9298	8.38823	30.97736	100.34384	288.79261
2000	-6.9	0.36987	2.0793	8.92211	32.64115	104.8059	298.92194
2000	-6.85	0.40749	2.23822	9.48343	34.37396	109.3966	309.17808
2000	-6.8	0.44839	2.40696	10.07318	36.17738	114.11456	319.54513
2000	-6.75	0.49276	2.58587	10.69238	38.05294	118.95777	330.00555
2000	-6.7	0.5408	2.77533	11.34209	40.00209	123.92367	340.54026
2000	-6.65	0.59267	2.97571	12.02341	42.02621	129.00902	351.12858
2000	-6.6	0.64853	3.18737	12.73746	44.12657	134.20985	361.74811
2000	-6.55	0.70852	3.41071	13.48544	46.3043	139.5214	372.3748
2000	-6.5	0.77279	3.64612	14.26856	48.56041	144.93809	382.98301
2000	-6.45	0.84145	3.894	15.08812	50.89566	150.45342	393.54526
2000	-6.4	0.91456	4.1548	15.94546	53.31065	156.05995	404.03262
2000	-6.35	0.99218	4.42899	16.84196	55.80568	161.74917	414.41438
2000	-6.3	1.07429	4.71709	17.77905	58.38075	167.51152	424.65838
2000	-6.25	1.16092	5.01971	18.75822	61.0355	173.33634	434.73107
2000	-6.2	1.25207	5.3375	19.78096	63.76916	179.21173	444.59737
2000	-6.15	1.34776	5.67121	20.84879	66.58052	185.12465	454.22117
2000	-6.1	1.44796	6.02166	21.96322	69.4678	191.06077	463.56512
2000	-6.05	1.55272	6.38978	23.12572	72.42869	197.00451	472.59102
2000	-6.	1.66205	6.77662	24.33771	75.46021	202.93907	481.26011
2000	-5.95	1.77604	7.18332	25.60051	78.55869	208.84635	489.53286
2000	-5.9	1.8948	7.61115	26.91532	81.71969	214.70709	497.36984
2000	-5.85	2.0185	8.06151	28.28315	84.93796	220.50077	504.73137
2000	-5.8	2.1475	8.5359	29.70476	88.20739	226.2058	511.57819
2000	-5.75	2.28237	9.03589	31.18067	91.52097	231.79959	517.87184
2000	-5.7	2.42362	9.5631	32.71104	94.87071	237.25853	523.57451
2000	-5.65	2.57183	10.11923	34.29565	98.24769	242.55823	528.6498
2000	-5.6	2.72783	10.70602	35.93384	101.64199	247.67367	533.0631
2000	-5.55	2.89261	11.3252	37.62441	105.04266	252.57923	536.78139
2000	-5.5	3.06728	11.97843	39.36565	108.43783	257.24906	539.77441
2000	-5.45	3.25323	12.66731	41.1552	111.81461	261.65707	542.01417
2000	-5.4	3.45185	13.39326	42.99004	115.15922	265.77732	543.47588
2000	-5.35	3.66448	14.15755	44.86646	118.457	269.58412	544.13795
2000	-5.3	3.89263	14.96127	46.78	121.69251	273.05246	543.98269
2000	-5.25	4.13806	15.80523	48.72543	124.84958	276.15799	542.99585
2000	-5.2	4.40257	16.68989	50.69669	127.91144	278.87748	541.16756
2000	-5.15	4.68791	17.61537	52.68694	130.86089	281.18914	538.49252
2000	-5.1	4.9959	18.58132	54.68849	133.68032	283.07257	534.96942
2000	-5.05	5.32839	19.58693	56.69287	136.35204	284.50948	530.60225
2000	-5.	5.68718	20.63082	58.69082	138.85829	285.48345	525.39918
2000	-4.95	6.07386	21.71104	60.67237	141.18151	285.98052	519.37337
2000	-4.9	6.48984	22.82503	62.62687	143.30457	285.98938	512.54307
2000	-4.85	6.93635	23.96955	64.54305	145.21084	285.50126	504.93055
2000	-4.8	7.41439	25.14075	66.40916	146.8846	284.51061	496.56341
2000	-4.75	7.92493	26.33402	68.21302	148.31102	283.01467	487.47297
2000	-4.7	8.46846	27.54403	69.94217	149.47656	281.01398	477.695
2000	-4.65	9.04494	28.7647	71.58404	150.36911	278.51248	467.26946
2000	-4.6	9.65364	29.98931	73.12607	150.9781	275.51703	456.23913
2000	-4.55	10.29317	31.21059	74.55589	151.29482	272.03814	444.65086
2000	-4.5	10.96198	32.42072	75.86147	151.31242	268.0892	432.55347
2000	-4.45	11.658	33.61136	77.03125	151.02615	263.68681	419.99848
2000	-4.4	12.37849	34.77373	78.05442	150.43351	258.85071	407.03965
2000	-4.35	13.12001	35.89875	78.92099	149.53415	253.6031	393.73144
2000	-4.3	13.8784	36.97712	79.62201	148.33006	247.96887	380.12957
2000	-4.25	14.6489	37.99952	80.14976	146.82561	241.97539	366.29058
2000	-4.2	15.42623	38.95671	80.49782	145.02733	235.65165	352.27009
2000	-4.15	16.20445	39.83967	80.66127	142.94411	229.02881	338.12421
2000	-4.1	16.97708	40.63984	80.63672	140.58683	222.13897	323.9072
2000	-4.05	17.73713	41.34921	80.42243	137.96841	215.01547	309.67234
2000	-4.	18.47772	41.96057	80.01835	135.10367	207.69253	295.47151
2000	-3.95	19.19214	42.46743	79.42608	132.00893	200.20432	281.35372
2000	-3.9	19.87284	42.86428	78.64893	128.70201	192.58532	267.36607
2000	-3.85	20.51259	43.14676	77.69183	125.20187	184.86953	253.55274
2000	-3.8	21.10441	43.31174	76.56128	121.52852	177.09063	239.95547
2000	-3.75	21.64135	43.35737	75.26514	117.70245	169.28097	226.6121
2000	-3.7	22.11777	43.28325	73.81262	113.74482	161.47225	213.5582
2000	-3.65	22.52956	43.09003	72.21394	109.67675	153.69434	200.82512
2000	-3.6	22.87198	42.77958	70.48034	105.51955	145.97599	188.44166
2000	-3.55	23.14153	42.35502	68.62383	101.29412	138.34403	176.4328
2000	-3.5	23.33551	41.82062	66.65697	97.02101	130.82356	164.82042
2000	-3.45	23.45201	41.18175	64.59269	92.72002	123.43761	153.62277
2000	-3.4	23.49135	40.44471	62.44406	88.41023	116.20736	142.85512
2000	-3.35	23.45578	39.61623	60.22421	84.10998	109.15215	132.52991
2000	-3.3	23.34665	38.70335	57.94609	79.83636	102.28889	122.65587
2000	-3.25	23.16604	37.71366	55.62255	75.60566	95.63293	113.23964
2000	-3.2	22.91658	36.65503	53.26598	71.43279	89.19713	104.28439
2000	-3.15	22.60105	35.53565	50.88846	67.3317	82.99283	95.79135
2000	-3.1	22.22445	34.3639	48.50141	63.315	77.02921	87.75897
2000	-3.05	21.79321	33.14759	46.11568	59.39419	71.3137	80.18362
2000	-3.	21.31073	31.89433	43.74152	55.57945	65.85181	73.05939
2000	-2.95	20.78131	30.61173	41.38858	51.87983	60.64746	66.37863
2000	-2.9	20.20957	29.30725	39.06589	48.30327	55.70308	60.13214
2000	-2.85	19.59976	27.98811	36.78166	44.85634	51.01926	54.30874
2000	-2.8	18.95698	26.6614	34.54349	41.5447	46.59553	48.89639
2000	-2.75	18.28747	25.33355	32.35806	38.37269	42.42975	43.88136
2000	-2.7	17.59588	24.0105	30.23151	35.34385	38.51889	39.24936
2000	-2.65	16.88617	22.69778	28.16918	32.4605	34.85848	34.9848
2000	-2.6	16.16211	21.40072	26.17586	29.72419	31.44334	31.07179
2000	-2.55	15.42733	20.12433	24.25552	27.13542	28.26712	27.49354
2000	-2.5	14.6864	18.87332	22.41147	24.69389	25.32279	24.23302
2000	-2.45	13.94439	17.65173	20.6464	22.39863	22.60267	21.273
2000	-2.4	13.20485	16.463	18.96227	20.24777	20.09831	18.59588
2000	-2.35	12.47094	15.3102	17.36062	18.23898	17.80093	16.1843
2000	-2.3	11.74506	14.19602	15.84233	16.36916	15.70114	14.02073
2000	-2.25	11.02965	13.123	14.40787	14.6348	13.78938	12.08806
2000	-2.2	10.32794	12.09324	13.05711	13.03185	12.05575	10.36935
2000	-2.15	9.64305	11.10828	11.78948	11.55586	10.49023	8.84808
2000	-2.1	8.97674	10.16927	10.60396	10.20199	9.08263	7.50815
2000	-2.05	8.33076	9.27706	9.49921	8.96513	7.82282	6.33401
2000	-2.	7.70662	8.43221	8.47357	7.83995	6.70072	5.31076
2000	-1.95	7.10556	7.63498	7.52497	6.82082	5.70626	4.42405
2000	-1.9	6.52878	6.88541	6.65117	5.90205	4.82967	3.66032
2000	-1.85	5.97751	6.1832	5.84959	5.07776	4.06127	3.00665
2000	-1.8	5.45269	5.52779	5.11749	4.3421	3.39176	2.45096
2000	-1.75	4.95451	4.91832	4.45193	3.68909	2.81204	1.9819
2000	-1.7	4.48301	4.35389	3.84987	3.11284	2.31347	1.58896
2000	-1.65	4.03803	3.83344	3.30811	2.60746	1.8877	1.26241
2000	-1.6	3.61973	3.35584	2.82333	2.16718	1.52689	0.99335
2000	-1.55	3.22858	2.91969	2.39212	1.78629	1.22358	0.77366
2000	-1.5	2.8643	2.52342	2.01098	1.45927	0.97081	0.596
2000	-1.45	2.5263	2.16535	1.67646	1.18081	0.76212	0.45383
2000	-1.4	2.21402	1.84376	1.38501	0.94574	0.59152	0.34129
2000	-1.35	1.92685	1.55685	1.13316	0.74917	0.45354	0.25326
2000	-1.3	1.66428	1.30275	0.9174	0.58647	0.34322	0.18528
2000	-1.25	1.42595	1.07947	0.73432	0.45327	0.2561	0.13348
2000	-1.2	1.21096	0.88488	0.58056	0.34551	0.18822	0.0946
2000	-1.15	1.01829	0.7169	0.45288	0.25947	0.13608	0.06587
2000	-1.1	0.84697	0.57338	0.34816	0.19172	0.09666	0.04499
2000	-1.05	0.69592	0.45218	0.26344	0.13918	0.06735	0.0301
2000	-1.	0.56418	0.35116	0.1959	0.09913	0.04596	0.0197
2000	-0.95	0.45085	0.26814	0.14292	0.06913	0.03066	0.01258
2000	-0.9	0.35452	0.20094	0.10211	0.04712	0.01995	0.00782
2000	-0.85	0.27376	0.14747	0.07128	0.03132	0.01264	0.00473
2000	-0.8	0.2071	0.10575	0.04851	0.02025	0.00777	0.00277
2000	-0.75	0.15306	0.0739	0.03209	0.0127	0.00463	0.00157
2000	-0.7	0.11021	0.05019	0.02058	0.0077	0.00266	0.00086
2000	-0.65	0.07714	0.03302	0.01275	0.0045	0.00147	0.00045
2000	-0.6	0.05229	0.02095	0.00759	0.00252	0.00078	0.00023
2000	-0.55	0.03415	0.01276	0.00432	0.00135	0.00039	0.00011
2000	-0.5	0.02136	0.00741	0.00235	0.00069	0.00019	0.00005
2000	-0.45	0.01268	0.00408	0.00121	0.00033	0.00009	0.00002
2000	-0.4	0.00709	0.00212	0.00059	0.00015	0.00004	0.00000
2000	-0.35	0.00374	0.00104	0.00027	0.00007	0.00002	0.00000
2000	-0.3	0.00184	0.00048	0.00012	0.00003	0.00000	0.00000
2000	-0.25	0.00085	0.0002	0.00005	0.00000	0.00000	0.00000
2000	-0.2	0.00036	0.00008	0.00002	0.00000	0.00000	0.00000
2000	-0.15	0.00014	0.00003	0.00000	0.00000	0.00000	0.00000
2000	-0.1	0.00006	0.00001	0.00000	0.00000	0.00000	0.00000
2000	-0.05	0.00002	0.00000	0.00000	0.00000	0.00000	0.00000
2000	0.00	0.00000	0.00000	0.00000	0.00000	0.00000	0.00000
