EpsF	Log[10,x]	n=1	n=2	n=3	n=4	n=5	n=6
0.5	-8.9	0.00000	0.00001	0.00018	0.0019	0.01517	0.09805
0.5	-8.85	0.00000	0.00001	0.0002	0.00208	0.01654	0.10614
0.5	-8.8	0.00000	0.00001	0.00022	0.00229	0.01803	0.11487
0.5	-8.75	0.00000	0.00002	0.00024	0.00251	0.01964	0.12429
0.5	-8.7	0.00000	0.00002	0.00027	0.00275	0.0214	0.13445
0.5	-8.65	0.00000	0.00002	0.0003	0.00302	0.0233	0.1454
0.5	-8.6	0.00000	0.00002	0.00033	0.00331	0.02537	0.1572
0.5	-8.55	0.00000	0.00002	0.00036	0.00363	0.02762	0.16992
0.5	-8.5	0.00000	0.00003	0.0004	0.00398	0.03006	0.18361
0.5	-8.45	0.00000	0.00003	0.00044	0.00437	0.03271	0.19835
0.5	-8.4	0.00000	0.00003	0.00049	0.00478	0.03559	0.21422
0.5	-8.35	0.00000	0.00004	0.00054	0.00524	0.03871	0.23129
0.5	-8.3	0.00000	0.00004	0.0006	0.00574	0.04209	0.24965
0.5	-8.25	0.00000	0.00005	0.00066	0.00629	0.04576	0.2694
0.5	-8.2	0.00000	0.00005	0.00073	0.00689	0.04974	0.29061
0.5	-8.15	0.00000	0.00006	0.0008	0.00755	0.05404	0.31341
0.5	-8.1	0.00000	0.00006	0.00088	0.00826	0.05871	0.33788
0.5	-8.05	0.00000	0.00007	0.00097	0.00904	0.06376	0.36417
0.5	-8.	0.00000	0.00008	0.00108	0.0099	0.06923	0.39237
0.5	-7.95	0.00000	0.00009	0.00119	0.01083	0.07515	0.42262
0.5	-7.9	0.00000	0.0001	0.00131	0.01185	0.08155	0.45506
0.5	-7.85	0.00000	0.00011	0.00144	0.01296	0.08848	0.48983
0.5	-7.8	0.00000	0.00012	0.00159	0.01417	0.09597	0.52709
0.5	-7.75	0.00000	0.00013	0.00175	0.01549	0.10406	0.56698
0.5	-7.7	0.00000	0.00015	0.00193	0.01693	0.1128	0.60969
0.5	-7.65	0.00000	0.00017	0.00213	0.0185	0.12224	0.65539
0.5	-7.6	0.00000	0.00018	0.00235	0.02021	0.13244	0.70427
0.5	-7.55	0.00000	0.00021	0.00259	0.02207	0.14344	0.75653
0.5	-7.5	0.00000	0.00023	0.00285	0.0241	0.1553	0.81237
0.5	-7.45	0.00001	0.00025	0.00314	0.02631	0.1681	0.87201
0.5	-7.4	0.00001	0.00028	0.00346	0.02872	0.1819	0.93568
0.5	-7.35	0.00001	0.00031	0.00381	0.03134	0.19677	1.00362
0.5	-7.3	0.00001	0.00035	0.00419	0.03419	0.21278	1.07608
0.5	-7.25	0.00002	0.00039	0.00461	0.03729	0.23002	1.15332
0.5	-7.2	0.00002	0.00043	0.00507	0.04066	0.24858	1.23561
0.5	-7.15	0.00002	0.00048	0.00558	0.04432	0.26854	1.32323
0.5	-7.1	0.00002	0.00053	0.00614	0.0483	0.29001	1.41649
0.5	-7.05	0.00003	0.00059	0.00675	0.05262	0.31308	1.51568
0.5	-7.	0.00003	0.00065	0.00743	0.05731	0.33787	1.62114
0.5	-6.95	0.00003	0.00073	0.00816	0.0624	0.36449	1.73318
0.5	-6.9	0.00004	0.00081	0.00897	0.06792	0.39306	1.85215
0.5	-6.85	0.00004	0.0009	0.00986	0.07391	0.42371	1.9784
0.5	-6.8	0.00005	0.00099	0.01083	0.08041	0.45658	2.11229
0.5	-6.75	0.00005	0.0011	0.0119	0.08745	0.4918	2.25421
0.5	-6.7	0.00006	0.00123	0.01307	0.09507	0.52953	2.40453
0.5	-6.65	0.00007	0.00136	0.01435	0.10333	0.56993	2.56364
0.5	-6.6	0.00007	0.00151	0.01575	0.11227	0.61316	2.73195
0.5	-6.55	0.00008	0.00167	0.01728	0.12193	0.65939	2.90986
0.5	-6.5	0.00009	0.00186	0.01896	0.13239	0.70881	3.0978
0.5	-6.45	0.0001	0.00206	0.0208	0.1437	0.7616	3.29618
0.5	-6.4	0.00012	0.00228	0.02281	0.15591	0.81796	3.50542
0.5	-6.35	0.00013	0.00253	0.02501	0.1691	0.87809	3.72596
0.5	-6.3	0.00015	0.00281	0.02741	0.18335	0.94221	3.95823
0.5	-6.25	0.00017	0.00311	0.03003	0.19871	1.01054	4.20264
0.5	-6.2	0.00019	0.00345	0.03289	0.21528	1.0833	4.45964
0.5	-6.15	0.00021	0.00382	0.03602	0.23314	1.16074	4.72963
0.5	-6.1	0.00023	0.00423	0.03944	0.25239	1.24309	5.01303
0.5	-6.05	0.00026	0.00469	0.04316	0.27311	1.33062	5.31024
0.5	-6.	0.00029	0.00519	0.04723	0.2954	1.42357	5.62166
0.5	-5.95	0.00033	0.00575	0.05166	0.31939	1.52221	5.94765
0.5	-5.9	0.00037	0.00636	0.05648	0.34517	1.6268	6.28857
0.5	-5.85	0.00042	0.00704	0.06174	0.37286	1.73763	6.64475
0.5	-5.8	0.00047	0.0078	0.06747	0.40259	1.85496	7.01649
0.5	-5.75	0.00053	0.00863	0.0737	0.43449	1.97908	7.40406
0.5	-5.7	0.00059	0.00954	0.08048	0.4687	2.11027	7.8077
0.5	-5.65	0.00066	0.01055	0.08785	0.50535	2.24881	8.2276
0.5	-5.6	0.00075	0.01167	0.09586	0.5446	2.39498	8.66391
0.5	-5.55	0.00084	0.0129	0.10456	0.5866	2.54906	9.11674
0.5	-5.5	0.00094	0.01426	0.114	0.63151	2.71132	9.58612
0.5	-5.45	0.00105	0.01576	0.12425	0.67949	2.88203	10.07203
0.5	-5.4	0.00118	0.01741	0.13537	0.73072	3.06144	10.57441
0.5	-5.35	0.00132	0.01923	0.14742	0.78537	3.24981	11.09308
0.5	-5.3	0.00149	0.02123	0.16048	0.84362	3.44736	11.62782
0.5	-5.25	0.00167	0.02344	0.17462	0.90566	3.65431	12.17831
0.5	-5.2	0.00187	0.02587	0.18991	0.97168	3.87085	12.74415
0.5	-5.15	0.00209	0.02854	0.20645	1.04187	4.09717	13.32482
0.5	-5.1	0.00235	0.03149	0.22432	1.11642	4.33341	13.91972
0.5	-5.05	0.00263	0.03472	0.24362	1.19553	4.57969	14.52815
0.5	-5.	0.00295	0.03828	0.26445	1.27939	4.83609	15.14927
0.5	-4.95	0.00331	0.04219	0.28691	1.3682	5.10266	15.78215
0.5	-4.9	0.00372	0.04648	0.3111	1.46215	5.37941	16.42573
0.5	-4.85	0.00418	0.05119	0.33715	1.56142	5.66629	17.07881
0.5	-4.8	0.00469	0.05636	0.36518	1.6662	5.96323	17.74007
0.5	-4.75	0.00526	0.06202	0.3953	1.77666	6.27006	18.40807
0.5	-4.7	0.0059	0.06823	0.42765	1.89297	6.5866	19.08121
0.5	-4.65	0.00661	0.07504	0.46236	2.01528	6.91257	19.75777
0.5	-4.6	0.00741	0.08249	0.49957	2.14373	7.24762	20.43588
0.5	-4.55	0.0083	0.09064	0.53941	2.27843	7.59136	21.11355
0.5	-4.5	0.00932	0.09955	0.58204	2.41949	7.9433	21.78863
0.5	-4.45	0.01046	0.10929	0.62759	2.567	8.30286	22.45888
0.5	-4.4	0.01173	0.11993	0.67621	2.72098	8.66939	23.12189
0.5	-4.35	0.01314	0.13153	0.72805	2.88149	9.04214	23.77515
0.5	-4.3	0.01472	0.14419	0.78325	3.04849	9.42028	24.41602
0.5	-4.25	0.01649	0.15798	0.84196	3.22194	9.80287	25.04178
0.5	-4.2	0.01848	0.173	0.90433	3.40175	10.18888	25.6496
0.5	-4.15	0.02072	0.18934	0.97047	3.58779	10.57717	26.23657
0.5	-4.1	0.02324	0.20709	1.04052	3.77987	10.96653	26.79971
0.5	-4.05	0.02606	0.22636	1.1146	3.97777	11.35562	27.336
0.5	-4.	0.02921	0.24725	1.19282	4.18119	11.74301	27.84239
0.5	-3.95	0.03272	0.26988	1.27527	4.38977	12.12717	28.3158
0.5	-3.9	0.03663	0.29436	1.36203	4.6031	12.50649	28.75317
0.5	-3.85	0.041	0.32083	1.45316	4.82069	12.87926	29.15148
0.5	-3.8	0.04586	0.3494	1.54868	5.042	13.24369	29.50776
0.5	-3.75	0.05129	0.3802	1.6486	5.26639	13.59793	29.81912
0.5	-3.7	0.05737	0.41336	1.75291	5.49315	13.94004	30.08281
0.5	-3.65	0.06416	0.44899	1.86154	5.72152	14.26805	30.29619
0.5	-3.6	0.07171	0.48723	1.9744	5.95063	14.57993	30.45679
0.5	-3.55	0.08015	0.52819	2.09135	6.17955	14.87364	30.56237
0.5	-3.5	0.08954	0.57197	2.21222	6.40726	15.1471	30.61088
0.5	-3.45	0.09995	0.61868	2.33677	6.6327	15.39827	30.60057
0.5	-3.4	0.11152	0.66841	2.46473	6.85469	15.62509	30.52993
0.5	-3.35	0.12434	0.72124	2.59577	7.07202	15.82559	30.39782
0.5	-3.3	0.13852	0.77722	2.72949	7.28342	15.99782	30.20338
0.5	-3.25	0.15413	0.8364	2.86544	7.48753	16.13995	29.94618
0.5	-3.2	0.17131	0.8988	3.00311	7.68298	16.25022	29.6261
0.5	-3.15	0.1903	0.96441	3.14191	7.86836	16.32704	29.2435
0.5	-3.1	0.21117	1.03315	3.2812	8.04223	16.36894	28.7991
0.5	-3.05	0.23387	1.10497	3.42028	8.20312	16.37466	28.29408
0.5	-3.	0.25864	1.17976	3.55838	8.34961	16.34311	27.73005
0.5	-2.95	0.28566	1.25736	3.69467	8.48025	16.27344	27.10904
0.5	-2.9	0.31497	1.33754	3.82825	8.59365	16.16504	26.43353
0.5	-2.85	0.34661	1.42006	3.9582	8.68848	16.01757	25.70642
0.5	-2.8	0.38073	1.50463	4.08352	8.76346	15.83094	24.93103
0.5	-2.75	0.41744	1.59085	4.20319	8.81742	15.60539	24.11104
0.5	-2.7	0.45672	1.67831	4.31616	8.8493	15.34144	23.25054
0.5	-2.65	0.49855	1.76653	4.42135	8.85815	15.03993	22.35388
0.5	-2.6	0.54291	1.85497	4.51768	8.84321	14.70201	21.4258
0.5	-2.55	0.58977	1.94304	4.6041	8.80385	14.32916	20.47122
0.5	-2.5	0.63918	2.03008	4.67954	8.73964	13.92316	19.49529
0.5	-2.45	0.69106	2.11534	4.74299	8.65035	13.48608	18.50335
0.5	-2.4	0.74512	2.19803	4.79353	8.53598	13.0203	17.50079
0.5	-2.35	0.80099	2.27734	4.83028	8.39672	12.52846	16.49311
0.5	-2.3	0.85812	2.35246	4.85249	8.233	12.01344	15.48575
0.5	-2.25	0.91592	2.42264	4.85949	8.04549	11.47834	14.48412
0.5	-2.2	0.97417	2.48715	4.85071	7.83508	10.92648	13.49349
0.5	-2.15	1.03294	2.54518	4.82572	7.60289	10.3613	12.51896
0.5	-2.1	1.09174	2.59584	4.78421	7.35029	9.78638	11.56535
0.5	-2.05	1.14943	2.63835	4.72606	7.07884	9.20538	10.63722
0.5	-2.	1.20515	2.67209	4.65133	6.79035	8.62201	9.73879
0.5	-1.95	1.25854	2.69651	4.56019	6.48677	8.03992	8.87385
0.5	-1.9	1.30949	2.71108	4.453	6.17027	7.46277	8.04579
0.5	-1.85	1.35762	2.7152	4.33026	5.84315	6.89406	7.25749
0.5	-1.8	1.40218	2.70839	4.19271	5.50786	6.3372	6.51139
0.5	-1.75	1.44261	2.69025	4.04126	5.16694	5.79533	5.80936
0.5	-1.7	1.47843	2.66046	3.87705	4.823	5.27141	5.1528
0.5	-1.65	1.50882	2.6188	3.70138	4.47867	4.76807	4.54253
0.5	-1.6	1.53278	2.56528	3.5158	4.13654	4.28765	3.97892
0.5	-1.55	1.54948	2.50012	3.32197	3.79914	3.83212	3.46179
0.5	-1.5	1.55804	2.42377	3.1217	3.46888	3.40309	2.99053
0.5	-1.45	1.55774	2.33696	2.91688	3.14801	3.0018	2.5641
0.5	-1.4	1.54835	2.2406	2.70943	2.83857	2.62911	2.18105
0.5	-1.35	1.53054	2.13573	2.50126	2.54242	2.28549	1.83961
0.5	-1.3	1.50415	2.02332	2.29427	2.26114	1.97105	1.53768
0.5	-1.25	1.46836	1.90471	2.09031	1.99605	1.68556	1.27296
0.5	-1.2	1.42416	1.78133	1.89111	1.74819	1.42845	1.04292
0.5	-1.15	1.3721	1.65461	1.69829	1.51832	1.19888	0.84493
0.5	-1.1	1.31295	1.52599	1.51327	1.30692	0.99573	0.67624
0.5	-1.05	1.24734	1.3969	1.33733	1.11417	0.81765	0.5341
0.5	-1.	1.17575	1.26882	1.17153	0.94001	0.66315	0.41574
0.5	-0.95	1.09946	1.14323	1.01669	0.78412	0.53055	0.31845
0.5	-0.9	1.02023	1.02138	0.87341	0.64599	0.41812	0.23963
0.5	-0.85	0.93927	0.90432	0.74204	0.52488	0.324	0.17676
0.5	-0.8	0.85741	0.79297	0.62278	0.41992	0.24637	0.12751
0.5	-0.75	0.77553	0.68814	0.51561	0.33013	0.18336	0.08968
0.5	-0.7	0.69534	0.59048	0.42033	0.25439	0.13316	0.06128
0.5	-0.65	0.61815	0.50026	0.33659	0.19154	0.09401	0.04051
0.5	-0.6	0.54402	0.41767	0.26396	0.14036	0.06422	0.02577
0.5	-0.55	0.47411	0.34275	0.2019	0.09962	0.04221	0.01568
0.5	-0.5	0.4086	0.27537	0.14984	0.06804	0.02649	0.00904
0.5	-0.45	0.34687	0.21542	0.10717	0.04436	0.01573	0.00489
0.5	-0.4	0.28856	0.16294	0.0732	0.0273	0.00873	0.00245
0.5	-0.35	0.23377	0.11799	0.04714	0.01563	0.00445	0.00111
0.5	-0.3	0.18257	0.08062	0.02813	0.00816	0.00203	0.00045
0.5	-0.25	0.13525	0.05084	0.01514	0.00376	0.00081	0.00015
0.5	-0.2	0.09228	0.02859	0.00707	0.00146	0.00026	0.00004
0.5	-0.15	0.05529	0.01357	0.00268	0.00044	0.00006	0.00000
0.5	-0.1	0.02687	0.00493	0.00072	0.00009	0.00000	0.00000
0.5	-0.05	0.00918	0.00106	0.0001	0.00000	0.00000	0.00000
0.5	0.00	0.00035	0.00000	0.00000	0.00000	0.00000	0.00000
0.4	-8.9	0.00000	0.00001	0.0002	0.00205	0.01619	0.10352
0.4	-8.85	0.00000	0.00001	0.00022	0.00225	0.01764	0.11202
0.4	-8.8	0.00000	0.00002	0.00024	0.00247	0.01922	0.12119
0.4	-8.75	0.00000	0.00002	0.00027	0.00271	0.02093	0.13108
0.4	-8.7	0.00000	0.00002	0.00029	0.00297	0.02279	0.14174
0.4	-8.65	0.00000	0.00002	0.00032	0.00325	0.02481	0.15322
0.4	-8.6	0.00000	0.00002	0.00036	0.00357	0.02701	0.16559
0.4	-8.55	0.00000	0.00003	0.0004	0.00391	0.02939	0.17892
0.4	-8.5	0.00000	0.00003	0.00044	0.00429	0.03198	0.19326
0.4	-8.45	0.00000	0.00003	0.00048	0.0047	0.03478	0.20869
0.4	-8.4	0.00000	0.00004	0.00053	0.00515	0.03783	0.22529
0.4	-8.35	0.00000	0.00004	0.00059	0.00564	0.04113	0.24315
0.4	-8.3	0.00000	0.00005	0.00065	0.00618	0.0447	0.26234
0.4	-8.25	0.00000	0.00005	0.00072	0.00676	0.04858	0.28297
0.4	-8.2	0.00000	0.00006	0.00079	0.00741	0.05278	0.30512
0.4	-8.15	0.00000	0.00006	0.00087	0.00811	0.05733	0.32892
0.4	-8.1	0.00000	0.00007	0.00096	0.00887	0.06225	0.35445
0.4	-8.05	0.00000	0.00008	0.00106	0.00971	0.06758	0.38186
0.4	-8.	0.00000	0.00009	0.00117	0.01062	0.07334	0.41125
0.4	-7.95	0.00000	0.0001	0.00129	0.01162	0.07958	0.44276
0.4	-7.9	0.00000	0.00011	0.00142	0.0127	0.08633	0.47654
0.4	-7.85	0.00000	0.00012	0.00157	0.01389	0.09362	0.51272
0.4	-7.8	0.00000	0.00013	0.00173	0.01518	0.10149	0.55147
0.4	-7.75	0.00000	0.00015	0.00191	0.01659	0.11	0.59294
0.4	-7.7	0.00000	0.00017	0.0021	0.01812	0.11919	0.63731
0.4	-7.65	0.00000	0.00018	0.00232	0.01979	0.12911	0.68476
0.4	-7.6	0.00000	0.0002	0.00255	0.02161	0.13981	0.73548
0.4	-7.55	0.00000	0.00023	0.00281	0.0236	0.15135	0.78968
0.4	-7.5	0.00001	0.00025	0.00309	0.02576	0.1638	0.84756
0.4	-7.45	0.00001	0.00028	0.00341	0.02811	0.17721	0.90934
0.4	-7.4	0.00001	0.00031	0.00375	0.03066	0.19167	0.97526
0.4	-7.35	0.00001	0.00035	0.00413	0.03344	0.20723	1.04556
0.4	-7.3	0.00002	0.00039	0.00454	0.03647	0.22399	1.12048
0.4	-7.25	0.00002	0.00043	0.005	0.03975	0.24202	1.2003
0.4	-7.2	0.00002	0.00048	0.0055	0.04333	0.26141	1.28529
0.4	-7.15	0.00002	0.00053	0.00605	0.0472	0.28226	1.37574
0.4	-7.1	0.00003	0.00059	0.00665	0.05142	0.30467	1.47193
0.4	-7.05	0.00003	0.00065	0.00731	0.05599	0.32874	1.57419
0.4	-7.	0.00003	0.00072	0.00803	0.06095	0.35458	1.68282
0.4	-6.95	0.00004	0.0008	0.00883	0.06633	0.38231	1.79817
0.4	-6.9	0.00004	0.00089	0.0097	0.07217	0.41205	1.92057
0.4	-6.85	0.00005	0.00099	0.01065	0.07849	0.44395	2.05038
0.4	-6.8	0.00005	0.0011	0.01169	0.08534	0.47812	2.18795
0.4	-6.75	0.00006	0.00122	0.01284	0.09277	0.51472	2.33366
0.4	-6.7	0.00007	0.00135	0.01409	0.1008	0.5539	2.48789
0.4	-6.65	0.00008	0.0015	0.01547	0.10949	0.59582	2.65103
0.4	-6.6	0.00008	0.00166	0.01697	0.1189	0.64065	2.82348
0.4	-6.55	0.00009	0.00184	0.01861	0.12907	0.68855	3.00564
0.4	-6.5	0.00011	0.00204	0.02041	0.14006	0.73972	3.19791
0.4	-6.45	0.00012	0.00226	0.02237	0.15193	0.79434	3.40073
0.4	-6.4	0.00013	0.00251	0.02452	0.16475	0.8526	3.61449
0.4	-6.35	0.00015	0.00278	0.02687	0.17858	0.91473	3.83962
0.4	-6.3	0.00017	0.00308	0.02943	0.1935	0.98092	4.07653
0.4	-6.25	0.00019	0.00342	0.03223	0.20959	1.0514	4.32565
0.4	-6.2	0.00021	0.00378	0.03529	0.22693	1.1264	4.58739
0.4	-6.15	0.00024	0.00419	0.03862	0.2456	1.20615	4.86214
0.4	-6.1	0.00027	0.00464	0.04226	0.2657	1.2909	5.1503
0.4	-6.05	0.0003	0.00514	0.04622	0.28733	1.38089	5.45227
0.4	-6.	0.00034	0.00569	0.05054	0.31058	1.47638	5.76841
0.4	-5.95	0.00038	0.0063	0.05525	0.33558	1.57763	6.09906
0.4	-5.9	0.00042	0.00697	0.06037	0.36242	1.6849	6.44456
0.4	-5.85	0.00047	0.00771	0.06595	0.39122	1.79846	6.80522
0.4	-5.8	0.00053	0.00853	0.07202	0.42213	1.91859	7.1813
0.4	-5.75	0.0006	0.00943	0.07862	0.45526	2.04555	7.57306
0.4	-5.7	0.00067	0.01043	0.08579	0.49074	2.17961	7.9807
0.4	-5.65	0.00075	0.01152	0.09359	0.52874	2.32106	8.40438
0.4	-5.6	0.00084	0.01274	0.10205	0.56938	2.47016	8.84421
0.4	-5.55	0.00095	0.01407	0.11123	0.61283	2.62717	9.30027
0.4	-5.5	0.00106	0.01555	0.1212	0.65925	2.79236	9.77255
0.4	-5.45	0.00119	0.01717	0.132	0.70879	2.96598	10.26102
0.4	-5.4	0.00133	0.01896	0.1437	0.76163	3.14827	10.76553
0.4	-5.35	0.0015	0.02092	0.15637	0.81794	3.33946	11.28591
0.4	-5.3	0.00168	0.02309	0.17008	0.87791	3.53977	11.82188
0.4	-5.25	0.00188	0.02547	0.18492	0.9417	3.74939	12.37307
0.4	-5.2	0.00211	0.0281	0.20095	1.00951	3.9685	12.93905
0.4	-5.15	0.00237	0.03098	0.21827	1.08152	4.19725	13.51927
0.4	-5.1	0.00265	0.03415	0.23696	1.15792	4.43577	14.11309
0.4	-5.05	0.00298	0.03763	0.25712	1.2389	4.68415	14.71975
0.4	-5.	0.00334	0.04145	0.27885	1.32464	4.94245	15.33841
0.4	-4.95	0.00375	0.04565	0.30226	1.41534	5.21069	15.96808
0.4	-4.9	0.0042	0.05025	0.32745	1.51116	5.48884	16.60767
0.4	-4.85	0.00471	0.05529	0.35453	1.61229	5.77685	17.25596
0.4	-4.8	0.00528	0.06082	0.38363	1.7189	6.07459	17.91161
0.4	-4.75	0.00593	0.06688	0.41487	1.83114	6.38189	18.57314
0.4	-4.7	0.00664	0.07351	0.44837	1.94917	6.69851	19.23896
0.4	-4.65	0.00745	0.08076	0.48427	2.07312	7.02416	19.90732
0.4	-4.6	0.00834	0.0887	0.52269	2.20312	7.35847	20.57637
0.4	-4.55	0.00935	0.09736	0.56378	2.33926	7.701	21.24409
0.4	-4.5	0.01048	0.10683	0.60767	2.48163	8.05124	21.90837
0.4	-4.45	0.01175	0.11716	0.65449	2.63028	8.40859	22.56696
0.4	-4.4	0.01317	0.12842	0.7044	2.78525	8.77238	23.21749
0.4	-4.35	0.01476	0.14069	0.75753	2.94653	9.14184	23.85748
0.4	-4.3	0.01653	0.15404	0.81401	3.11409	9.51611	24.48434
0.4	-4.25	0.01851	0.16857	0.87397	3.28786	9.89425	25.09538
0.4	-4.2	0.02073	0.18436	0.93756	3.46773	10.27522	25.68784
0.4	-4.15	0.02322	0.20151	1.00488	3.65354	10.65788	26.25888
0.4	-4.1	0.02601	0.2201	1.07606	3.84507	11.041	26.8056
0.4	-4.05	0.02912	0.24025	1.15119	4.04209	11.42326	27.32506
0.4	-4.	0.0326	0.26204	1.23036	4.24427	11.80324	27.8143
0.4	-3.95	0.03648	0.28561	1.31366	4.45124	12.17943	28.27034
0.4	-3.9	0.0408	0.31105	1.40114	4.66257	12.55025	28.69025
0.4	-3.85	0.04562	0.33848	1.49284	4.87776	12.91402	29.0711
0.4	-3.8	0.05098	0.36801	1.58876	5.09624	13.26898	29.41006
0.4	-3.75	0.05695	0.39977	1.68891	5.31738	13.61334	29.70436
0.4	-3.7	0.06361	0.43386	1.79323	5.54047	13.9452	29.95136
0.4	-3.65	0.071	0.47041	1.90164	5.76473	14.26266	30.14856
0.4	-3.6	0.07921	0.50951	2.01404	5.98931	14.56377	30.29364
0.4	-3.55	0.08831	0.55127	2.13028	6.21329	14.84653	30.38445
0.4	-3.5	0.0984	0.59579	2.25015	6.43567	15.10898	30.4191
0.4	-3.45	0.10956	0.64316	2.37341	6.65539	15.34913	30.39594
0.4	-3.4	0.12189	0.69343	2.49977	6.87133	15.56504	30.31358
0.4	-3.35	0.13548	0.74669	2.62889	7.08229	15.75481	30.17097
0.4	-3.3	0.15044	0.80295	2.76038	7.28704	15.9166	29.96736
0.4	-3.25	0.16684	0.86226	2.89376	7.48429	16.04866	29.70239
0.4	-3.2	0.18483	0.92461	3.02854	7.6727	16.14935	29.37602
0.4	-3.15	0.20454	0.98997	3.16413	7.85092	16.21715	28.98865
0.4	-3.1	0.22607	1.05827	3.2999	8.01758	16.2507	28.54104
0.4	-3.05	0.24948	1.12942	3.43516	8.17129	16.24882	28.0344
0.4	-3.	0.2749	1.20329	3.56917	8.31067	16.2105	27.47031
0.4	-2.95	0.30245	1.27971	3.70112	8.43437	16.13497	26.8508
0.4	-2.9	0.3322	1.35845	3.83016	8.54108	16.02166	26.17833
0.4	-2.85	0.36419	1.43926	3.95539	8.62953	15.87029	25.45572
0.4	-2.8	0.39852	1.52182	4.07586	8.69854	15.68082	24.68621
0.4	-2.75	0.43526	1.60578	4.19062	8.74698	15.45348	23.87341
0.4	-2.7	0.47438	1.6907	4.29866	8.77389	15.18884	23.02129
0.4	-2.65	0.51587	1.77612	4.39897	8.77837	14.8877	22.1341
0.4	-2.6	0.5597	1.86153	4.49054	8.7597	14.55121	21.21643
0.4	-2.55	0.6058	1.94636	4.57238	8.71731	14.1808	20.27307
0.4	-2.5	0.6541	2.02998	4.6435	8.6508	13.77819	19.30903
0.4	-2.45	0.70447	2.11173	4.70296	8.55996	13.34542	18.3295
0.4	-2.4	0.75669	2.19088	4.74988	8.44477	12.88477	17.33971
0.4	-2.35	0.81042	2.2667	4.78344	8.30545	12.39879	16.34502
0.4	-2.3	0.86529	2.33845	4.80291	8.1424	11.89029	15.35073
0.4	-2.25	0.92087	2.4054	4.80766	7.95626	11.36227	14.36209
0.4	-2.2	0.97685	2.46684	4.79712	7.74788	10.81794	13.38426
0.4	-2.15	1.03305	2.522	4.77089	7.51835	10.26065	12.42219
0.4	-2.1	1.08903	2.57011	4.72867	7.26897	9.69387	11.48061
0.4	-2.05	1.14412	2.61043	4.67031	7.00127	9.12114	10.56395
0.4	-2.	1.1977	2.64231	4.59583	6.71698	8.54608	9.67636
0.4	-1.95	1.24932	2.66512	4.50541	6.418	7.97225	8.82154
0.4	-1.9	1.29859	2.6783	4.39939	6.10644	7.40319	8.00283
0.4	-1.85	1.34502	2.68128	4.27828	5.78452	6.84232	7.22306
0.4	-1.8	1.38789	2.67361	4.14281	5.45462	6.29296	6.48464
0.4	-1.75	1.42657	2.65492	3.99388	5.11918	5.75817	5.78943
0.4	-1.7	1.46046	2.62496	3.83258	4.78074	5.24084	5.13883
0.4	-1.65	1.48881	2.5836	3.66019	4.44181	4.74356	4.53369
0.4	-1.6	1.5109	2.53091	3.47813	4.10492	4.26863	3.97441
0.4	-1.55	1.52614	2.46709	3.28801	3.77251	3.81799	3.46087
0.4	-1.5	1.53384	2.39255	3.09152	3.44692	3.39326	2.99248
0.4	-1.45	1.53342	2.30789	2.89045	3.13038	2.99569	2.5683
0.4	-1.4	1.52466	2.2139	2.68666	2.82488	2.62614	2.18691
0.4	-1.35	1.50759	2.1115	2.482	2.53227	2.28513	1.84662
0.4	-1.3	1.48205	2.00169	2.27833	2.2541	1.97279	1.5454
0.4	-1.25	1.44786	1.8857	2.07745	1.99173	1.68894	1.281
0.4	-1.2	1.40542	1.76485	1.88107	1.74619	1.43304	1.05098
0.4	-1.15	1.35515	1.64052	1.69081	1.51826	1.2043	0.85275
0.4	-1.1	1.29758	1.51416	1.50809	1.30843	1.00165	0.68362
0.4	-1.05	1.23338	1.38724	1.33419	1.11691	0.82379	0.54089
0.4	-1.	1.16341	1.26125	1.17014	0.94367	0.66925	0.42186
0.4	-0.95	1.08895	1.13756	1.01678	0.7884	0.53643	0.32384
0.4	-0.9	1.01134	1.01743	0.87471	0.65063	0.42362	0.24427
0.4	-0.85	0.93178	0.90191	0.74431	0.52965	0.32902	0.18067
0.4	-0.8	0.85135	0.79195	0.62576	0.42465	0.25082	0.13072
0.4	-0.75	0.77108	0.68831	0.51907	0.33464	0.18722	0.09225
0.4	-0.7	0.69232	0.5916	0.42406	0.25857	0.13642	0.06329
0.4	-0.65	0.61624	0.50214	0.34041	0.19531	0.09668	0.04203
0.4	-0.6	0.54335	0.42011	0.26772	0.14366	0.06635	0.02688
0.4	-0.55	0.47432	0.34555	0.20547	0.10241	0.04384	0.01645
0.4	-0.5	0.40931	0.2784	0.15314	0.07032	0.02769	0.00955
0.4	-0.45	0.34807	0.2186	0.1101	0.04615	0.01657	0.00521
0.4	-0.4	0.29039	0.16615	0.0757	0.02864	0.00928	0.00263
0.4	-0.35	0.23618	0.12108	0.04917	0.01657	0.00478	0.00121
0.4	-0.3	0.18545	0.08344	0.02967	0.00876	0.00222	0.00049
0.4	-0.25	0.13839	0.05326	0.01622	0.00411	0.00089	0.00017
0.4	-0.2	0.09563	0.03052	0.00774	0.00163	0.0003	0.00005
0.4	-0.15	0.05868	0.0149	0.00302	0.00051	0.00007	0.00000
0.4	-0.1	0.02973	0.00563	0.00084	0.0001	0.00001	0.00000
0.4	-0.05	0.01082	0.00127	0.00012	0.00000	0.00000	0.00000
0.4	0.00	0.00043	0.00000	0.00000	0.00000	0.00000	0.00000
0.3	-8.9	0.00000	0.00001	0.00022	0.00224	0.01748	0.11035
0.3	-8.85	0.00000	0.00002	0.00024	0.00246	0.01904	0.11936
0.3	-8.8	0.00000	0.00002	0.00027	0.0027	0.02073	0.12908
0.3	-8.75	0.00000	0.00002	0.0003	0.00296	0.02257	0.13954
0.3	-8.7	0.00000	0.00002	0.00033	0.00325	0.02456	0.15082
0.3	-8.65	0.00000	0.00002	0.00036	0.00356	0.02673	0.16296
0.3	-8.6	0.00000	0.00003	0.0004	0.0039	0.02908	0.17603
0.3	-8.55	0.00000	0.00003	0.00044	0.00427	0.03163	0.1901
0.3	-8.5	0.00000	0.00003	0.00049	0.00468	0.0344	0.20524
0.3	-8.45	0.00000	0.00004	0.00054	0.00513	0.0374	0.22152
0.3	-8.4	0.00000	0.00004	0.00059	0.00562	0.04065	0.23902
0.3	-8.35	0.00000	0.00005	0.00065	0.00615	0.04418	0.25784
0.3	-8.3	0.00000	0.00005	0.00072	0.00673	0.048	0.27805
0.3	-8.25	0.00000	0.00006	0.0008	0.00737	0.05213	0.29975
0.3	-8.2	0.00000	0.00006	0.00088	0.00807	0.05661	0.32305
0.3	-8.15	0.00000	0.00007	0.00097	0.00883	0.06146	0.34806
0.3	-8.1	0.00000	0.00008	0.00107	0.00965	0.0667	0.37489
0.3	-8.05	0.00000	0.00009	0.00118	0.01056	0.07238	0.40366
0.3	-8.	0.00000	0.0001	0.0013	0.01155	0.07851	0.43449
0.3	-7.95	0.00000	0.00011	0.00143	0.01262	0.08514	0.46753
0.3	-7.9	0.00000	0.00012	0.00158	0.0138	0.09231	0.50292
0.3	-7.85	0.00000	0.00014	0.00174	0.01507	0.10005	0.5408
0.3	-7.8	0.00000	0.00015	0.00191	0.01647	0.10841	0.58134
0.3	-7.75	0.00000	0.00017	0.00211	0.01799	0.11743	0.6247
0.3	-7.7	0.00000	0.00019	0.00232	0.01964	0.12717	0.67107
0.3	-7.65	0.00000	0.00021	0.00256	0.02144	0.13768	0.72062
0.3	-7.6	0.00000	0.00023	0.00282	0.0234	0.149	0.77355
0.3	-7.55	0.00001	0.00026	0.0031	0.02554	0.16121	0.83006
0.3	-7.5	0.00001	0.00029	0.00341	0.02786	0.17437	0.89037
0.3	-7.45	0.00001	0.00032	0.00376	0.03039	0.18854	0.9547
0.3	-7.4	0.00002	0.00035	0.00413	0.03313	0.20379	1.02329
0.3	-7.35	0.00002	0.00039	0.00455	0.03612	0.22021	1.09638
0.3	-7.3	0.00002	0.00044	0.005	0.03936	0.23787	1.17423
0.3	-7.25	0.00002	0.00048	0.0055	0.04288	0.25686	1.2571
0.3	-7.2	0.00002	0.00054	0.00605	0.04671	0.27727	1.34527
0.3	-7.15	0.00003	0.0006	0.00664	0.05086	0.29919	1.43902
0.3	-7.1	0.00003	0.00066	0.0073	0.05536	0.32274	1.53866
0.3	-7.05	0.00003	0.00073	0.00802	0.06025	0.34801	1.6445
0.3	-7.	0.00004	0.00081	0.00881	0.06555	0.37512	1.75684
0.3	-6.95	0.00004	0.0009	0.00968	0.07129	0.4042	1.87604
0.3	-6.9	0.00005	0.001	0.01063	0.07751	0.43536	2.00241
0.3	-6.85	0.00006	0.00111	0.01167	0.08425	0.46873	2.13633
0.3	-6.8	0.00006	0.00123	0.01281	0.09154	0.50447	2.27814
0.3	-6.75	0.00007	0.00137	0.01405	0.09944	0.54272	2.42821
0.3	-6.7	0.00008	0.00152	0.01541	0.10798	0.58362	2.58692
0.3	-6.65	0.00009	0.00168	0.0169	0.11721	0.62735	2.75465
0.3	-6.6	0.0001	0.00186	0.01854	0.12719	0.67407	2.9318
0.3	-6.55	0.00011	0.00207	0.02032	0.13797	0.72395	3.11876
0.3	-6.5	0.00012	0.00229	0.02227	0.14961	0.77718	3.31593
0.3	-6.45	0.00014	0.00254	0.02439	0.16218	0.83395	3.52372
0.3	-6.4	0.00016	0.00281	0.02672	0.17573	0.89446	3.74253
0.3	-6.35	0.00017	0.00312	0.02926	0.19034	0.95891	3.97276
0.3	-6.3	0.0002	0.00345	0.03203	0.20609	1.02751	4.21482
0.3	-6.25	0.00022	0.00382	0.03505	0.22306	1.1005	4.4691
0.3	-6.2	0.00025	0.00423	0.03834	0.24132	1.17808	4.73601
0.3	-6.15	0.00028	0.00468	0.04194	0.26098	1.2605	5.01593
0.3	-6.1	0.00031	0.00518	0.04585	0.28211	1.348	5.30923
0.3	-6.05	0.00035	0.00574	0.05011	0.30483	1.44081	5.61627
0.3	-6.	0.00039	0.00635	0.05476	0.32923	1.53919	5.93739
0.3	-5.95	0.00044	0.00702	0.05981	0.35542	1.6434	6.27293
0.3	-5.9	0.00049	0.00776	0.0653	0.38352	1.75369	6.62318
0.3	-5.85	0.00055	0.00858	0.07128	0.41366	1.87033	6.98841
0.3	-5.8	0.00062	0.00949	0.07778	0.44594	1.99357	7.36888
0.3	-5.75	0.00069	0.01048	0.08483	0.48052	2.12367	7.76478
0.3	-5.7	0.00078	0.01158	0.09249	0.51751	2.26091	8.17629
0.3	-5.65	0.00087	0.0128	0.10081	0.55707	2.40554	8.60354
0.3	-5.6	0.00098	0.01413	0.10982	0.59934	2.55782	9.04659
0.3	-5.55	0.0011	0.0156	0.1196	0.64447	2.71799	9.50548
0.3	-5.5	0.00123	0.01722	0.13019	0.69263	2.88631	9.98018
0.3	-5.45	0.00138	0.01901	0.14166	0.74396	3.06301	10.47058
0.3	-5.4	0.00155	0.02097	0.15407	0.79865	3.2483	10.97653
0.3	-5.35	0.00174	0.02313	0.16749	0.85685	3.44241	11.49778
0.3	-5.3	0.00195	0.0255	0.182	0.91875	3.64553	12.03402
0.3	-5.25	0.00218	0.02811	0.19767	0.98451	3.85781	12.58486
0.3	-5.2	0.00245	0.03098	0.21459	1.05432	4.07943	13.14979
0.3	-5.15	0.00274	0.03413	0.23283	1.12835	4.3105	13.72824
0.3	-5.1	0.00308	0.03758	0.2525	1.20679	4.55112	14.31953
0.3	-5.05	0.00345	0.04137	0.27368	1.28981	4.80136	14.92286
0.3	-5.	0.00387	0.04553	0.29648	1.37758	5.06125	15.53735
0.3	-4.95	0.00434	0.05009	0.321	1.47029	5.33077	16.16199
0.3	-4.9	0.00486	0.05508	0.34734	1.56809	5.60988	16.79566
0.3	-4.85	0.00545	0.06054	0.37562	1.67116	5.89848	17.43711
0.3	-4.8	0.00611	0.06653	0.40596	1.77964	6.19641	18.08498
0.3	-4.75	0.00684	0.07307	0.43847	1.89367	6.50346	18.73779
0.3	-4.7	0.00767	0.08021	0.47328	2.0134	6.81939	19.39392
0.3	-4.65	0.00859	0.08802	0.51051	2.13893	7.14384	20.05164
0.3	-4.6	0.00963	0.09654	0.55029	2.27037	7.47644	20.70909
0.3	-4.55	0.01078	0.10584	0.59275	2.4078	7.81672	21.36429
0.3	-4.5	0.01207	0.11597	0.63802	2.55127	8.16413	22.01513
0.3	-4.45	0.01352	0.12701	0.68623	2.70083	8.51806	22.65939
0.3	-4.4	0.01514	0.13901	0.73751	2.85646	8.87782	23.29476
0.3	-4.35	0.01695	0.15207	0.79199	3.01816	9.24261	23.91879
0.3	-4.3	0.01897	0.16625	0.8498	3.18586	9.61157	24.52895
0.3	-4.25	0.02123	0.18164	0.91104	3.35947	9.98376	25.12264
0.3	-4.2	0.02375	0.19833	0.97585	3.53884	10.35812	25.69716
0.3	-4.15	0.02656	0.2164	1.04431	3.7238	10.73352	26.24976
0.3	-4.1	0.0297	0.23595	1.11654	3.91412	11.10875	26.77764
0.3	-4.05	0.0332	0.25708	1.19262	4.10951	11.4825	27.27796
0.3	-4.	0.0371	0.27989	1.27261	4.30966	11.85337	27.74788
0.3	-3.95	0.04144	0.30447	1.35657	4.51417	12.21989	28.18456
0.3	-3.9	0.04627	0.33094	1.44455	4.72258	12.5805	28.58516
0.3	-3.85	0.05164	0.35939	1.53654	4.9344	12.93358	28.94691
0.3	-3.8	0.05761	0.38994	1.63256	5.14906	13.27744	29.2671
0.3	-3.75	0.06422	0.42268	1.73256	5.3659	13.61031	29.54311
0.3	-3.7	0.07154	0.45771	1.83648	5.58423	13.93041	29.77245
0.3	-3.65	0.07964	0.49514	1.94422	5.80329	14.23588	29.95275
0.3	-3.6	0.08859	0.53506	2.05566	6.02222	14.52485	30.08182
0.3	-3.55	0.09847	0.57756	2.17062	6.24013	14.79543	30.15765
0.3	-3.5	0.10935	0.6227	2.28889	6.45605	15.04575	30.17849
0.3	-3.45	0.12133	0.67057	2.41022	6.66896	15.27391	30.14278
0.3	-3.4	0.13449	0.72122	2.5343	6.87775	15.47808	30.04927
0.3	-3.35	0.14893	0.77468	2.66079	7.0813	15.65645	29.897
0.3	-3.3	0.16472	0.83097	2.78928	7.27842	15.8073	29.68529
0.3	-3.25	0.18197	0.8901	2.91933	7.46787	15.92898	29.41386
0.3	-3.2	0.20076	0.95205	3.05044	7.6484	16.01995	29.08273
0.3	-3.15	0.22119	1.01676	3.18203	7.8187	16.07879	28.69231
0.3	-3.1	0.24336	1.08417	3.3135	7.97749	16.10422	28.2434
0.3	-3.05	0.26738	1.15417	3.44419	8.12346	16.09514	27.73719
0.3	-3.	0.29331	1.22661	3.57337	8.25531	16.05063	27.17525
0.3	-2.95	0.32124	1.30131	3.70029	8.37177	15.96996	26.55956
0.3	-2.9	0.35123	1.37805	3.82414	8.4716	15.85264	25.89251
0.3	-2.85	0.38332	1.45656	3.94406	8.55362	15.6984	25.17683
0.3	-2.8	0.41758	1.53655	4.05918	8.61672	15.50724	24.4157
0.3	-2.75	0.45401	1.61765	4.16859	8.65986	15.27939	23.61257
0.3	-2.7	0.49261	1.69946	4.27136	8.68211	15.01541	22.7713
0.3	-2.65	0.53333	1.78156	4.36654	8.68265	14.71607	21.89601
0.3	-2.6	0.57614	1.86345	4.4532	8.6608	14.3825	20.99112
0.3	-2.55	0.62096	1.94461	4.53041	8.61601	14.01605	20.06127
0.3	-2.5	0.66765	2.02447	4.59724	8.54791	13.61839	19.11131
0.3	-2.45	0.71608	2.10242	4.65282	8.4563	13.19147	18.14625
0.3	-2.4	0.76606	2.17782	4.69631	8.34116	12.73748	17.17119
0.3	-2.35	0.81735	2.25	4.72694	8.20267	12.2589	16.19131
0.3	-2.3	0.86969	2.31829	4.74399	8.04122	11.75839	15.21173
0.3	-2.25	0.92279	2.38197	4.74685	7.8574	11.23888	14.23761
0.3	-2.2	0.97628	2.44034	4.73499	7.65204	10.70344	13.27391
0.3	-2.15	1.02983	2.49269	4.70799	7.42616	10.15532	12.3255
0.3	-2.1	1.08306	2.53832	4.66555	7.18101	9.59786	11.39696
0.3	-2.05	1.13558	2.57651	4.60753	6.91804	9.03451	10.49265
0.3	-2.	1.18692	2.60659	4.53392	6.63892	8.46876	9.61661
0.3	-1.95	1.2365	2.62792	4.44488	6.34547	7.90406	8.77249
0.3	-1.9	1.28375	2.63992	4.34074	6.03972	7.34386	7.96356
0.3	-1.85	1.32817	2.64208	4.22199	5.72381	6.79148	7.19264
0.3	-1.8	1.36911	2.63397	4.08933	5.40003	6.25015	6.46211
0.3	-1.75	1.40593	2.61526	3.94362	5.07072	5.72288	5.77383
0.3	-1.7	1.43802	2.58572	3.78588	4.73832	5.21249	5.12923
0.3	-1.65	1.46471	2.54527	3.61733	4.40527	4.72151	4.52919
0.3	-1.6	1.48546	2.49396	3.43932	4.074	4.25225	3.97414
0.3	-1.55	1.4998	2.43199	3.25333	3.7469	3.80662	3.46403
0.3	-1.5	1.50716	2.35968	3.06099	3.42625	3.38624	2.99834
0.3	-1.45	1.50709	2.27753	2.86401	3.11423	2.99239	2.57618
0.3	-1.4	1.4992	2.18622	2.66415	2.81282	2.62596	2.19621
0.3	-1.35	1.4831	2.08657	2.46325	2.52385	2.28748	1.85681
0.3	-1.3	1.45871	1.97963	2.26309	2.24888	1.97714	1.55603
0.3	-1.25	1.42628	1.86649	2.06546	1.98926	1.6948	1.29169
0.3	-1.2	1.38579	1.74838	1.87204	1.74603	1.43996	1.06141
0.3	-1.15	1.33747	1.62664	1.68443	1.52001	1.2119	0.86267
0.3	-1.1	1.28174	1.50273	1.50408	1.3117	1.00957	0.69286
0.3	-1.05	1.21924	1.37812	1.33223	1.12133	0.83174	0.5493
0.3	-1.	1.15109	1.25429	1.16995	0.94891	0.677	0.42935
0.3	-0.95	1.07855	1.13257	1.01806	0.79417	0.54377	0.33039
0.3	-0.9	1.00266	1.01419	0.87717	0.65665	0.4304	0.24988
0.3	-0.85	0.92464	0.90024	0.74769	0.5357	0.33515	0.18537
0.3	-0.8	0.8457	0.79167	0.62981	0.43052	0.25623	0.13456
0.3	-0.75	0.76699	0.68921	0.52355	0.34019	0.19188	0.09532
0.3	-0.7	0.68964	0.59346	0.42876	0.26367	0.14033	0.06567
0.3	-0.65	0.61472	0.50476	0.34515	0.19986	0.09987	0.04382
0.3	-0.6	0.54298	0.42329	0.27233	0.14762	0.06887	0.02818
0.3	-0.55	0.47482	0.34911	0.20982	0.10575	0.04577	0.01735
0.3	-0.5	0.41042	0.2822	0.15712	0.07304	0.0291	0.01015
0.3	-0.45	0.34978	0.22253	0.11362	0.04826	0.01755	0.00559
0.3	-0.4	0.29278	0.17006	0.07868	0.03021	0.00992	0.00285
0.3	-0.35	0.23921	0.12481	0.05158	0.01766	0.00517	0.00133
0.3	-0.3	0.18901	0.08682	0.03149	0.00946	0.00243	0.00055
0.3	-0.25	0.14229	0.05615	0.01748	0.00451	0.001	0.00019
0.3	-0.2	0.09971	0.03277	0.00851	0.00183	0.00034	0.00005
0.3	-0.15	0.06264	0.01643	0.0034	0.00058	0.00009	0.00001
0.3	-0.1	0.03298	0.00644	0.00098	0.00012	0.00001	0.00000
0.3	-0.05	0.01269	0.00152	0.00014	0.00001	0.00000	0.00000
0.3	0.00	0.00052	0.00000	0.00000	0.00000	0.00000	0.00000
0.2	-8.9	0.00000	0.00002	0.00025	0.0025	0.01906	0.11839
0.2	-8.85	0.00000	0.00002	0.00028	0.00274	0.02075	0.12798
0.2	-8.8	0.00000	0.00002	0.0003	0.003	0.02258	0.13831
0.2	-8.75	0.00000	0.00002	0.00034	0.00329	0.02456	0.14944
0.2	-8.7	0.00000	0.00003	0.00037	0.0036	0.02672	0.16141
0.2	-8.65	0.00000	0.00003	0.00041	0.00395	0.02906	0.1743
0.2	-8.6	0.00000	0.00003	0.00045	0.00432	0.0316	0.18816
0.2	-8.55	0.00000	0.00004	0.0005	0.00473	0.03435	0.20307
0.2	-8.5	0.00000	0.00004	0.00055	0.00518	0.03733	0.2191
0.2	-8.45	0.00000	0.00004	0.00061	0.00567	0.04056	0.23633
0.2	-8.4	0.00000	0.00005	0.00067	0.00621	0.04406	0.25484
0.2	-8.35	0.00000	0.00006	0.00074	0.0068	0.04785	0.27472
0.2	-8.3	0.00000	0.00006	0.00082	0.00744	0.05195	0.29606
0.2	-8.25	0.00000	0.00007	0.0009	0.00813	0.05639	0.31896
0.2	-8.2	0.00000	0.00008	0.00099	0.0089	0.0612	0.34352
0.2	-8.15	0.00000	0.00008	0.00109	0.00973	0.06639	0.36986
0.2	-8.1	0.00000	0.00009	0.00121	0.01063	0.07201	0.3981
0.2	-8.05	0.00000	0.0001	0.00133	0.01162	0.07808	0.42835
0.2	-8.	0.00000	0.00012	0.00146	0.0127	0.08464	0.46075
0.2	-7.95	0.00000	0.00013	0.00161	0.01388	0.09173	0.49545
0.2	-7.9	0.00000	0.00014	0.00178	0.01516	0.09938	0.53257
0.2	-7.85	0.00000	0.00016	0.00196	0.01655	0.10763	0.57228
0.2	-7.8	0.00000	0.00018	0.00215	0.01807	0.11654	0.61474
0.2	-7.75	0.00000	0.0002	0.00237	0.01972	0.12615	0.66012
0.2	-7.7	0.00000	0.00022	0.00261	0.02152	0.13651	0.7086
0.2	-7.65	0.00001	0.00024	0.00287	0.02348	0.14768	0.76037
0.2	-7.6	0.00001	0.00027	0.00316	0.02561	0.15971	0.81562
0.2	-7.55	0.00001	0.0003	0.00348	0.02792	0.17267	0.87455
0.2	-7.5	0.00001	0.00033	0.00383	0.03044	0.18662	0.9374
0.2	-7.45	0.00002	0.00037	0.00421	0.03317	0.20163	1.00437
0.2	-7.4	0.00002	0.00041	0.00463	0.03614	0.21777	1.07571
0.2	-7.35	0.00002	0.00045	0.00509	0.03937	0.23513	1.15167
0.2	-7.3	0.00002	0.0005	0.00559	0.04287	0.25378	1.23249
0.2	-7.25	0.00003	0.00056	0.00614	0.04667	0.27382	1.31845
0.2	-7.2	0.00003	0.00062	0.00675	0.05079	0.29534	1.40983
0.2	-7.15	0.00003	0.00069	0.00741	0.05526	0.31844	1.5069
0.2	-7.1	0.00004	0.00076	0.00814	0.06011	0.34321	1.60996
0.2	-7.05	0.00004	0.00085	0.00894	0.06536	0.36978	1.71933
0.2	-7.	0.00005	0.00094	0.00981	0.07104	0.39825	1.83532
0.2	-6.95	0.00005	0.00104	0.01077	0.0772	0.42875	1.95826
0.2	-6.9	0.00006	0.00115	0.01181	0.08387	0.46141	2.08849
0.2	-6.85	0.00007	0.00128	0.01296	0.09108	0.49635	2.22634
0.2	-6.8	0.00007	0.00142	0.01421	0.09888	0.53373	2.37218
0.2	-6.75	0.00008	0.00157	0.01558	0.10731	0.57369	2.52636
0.2	-6.7	0.00009	0.00174	0.01708	0.11642	0.61638	2.68925
0.2	-6.65	0.00011	0.00193	0.01871	0.12626	0.66197	2.86123
0.2	-6.6	0.00012	0.00214	0.0205	0.13688	0.71062	3.04268
0.2	-6.55	0.00013	0.00237	0.02245	0.14835	0.76251	3.23399
0.2	-6.5	0.00015	0.00263	0.02458	0.16071	0.81782	3.43553
0.2	-6.45	0.00017	0.00291	0.02691	0.17404	0.87674	3.64771
0.2	-6.4	0.00019	0.00322	0.02945	0.1884	0.93947	3.8709
0.2	-6.35	0.00021	0.00356	0.03221	0.20387	1.00621	4.1055
0.2	-6.3	0.00024	0.00394	0.03523	0.22052	1.07717	4.35189
0.2	-6.25	0.00027	0.00436	0.03852	0.23843	1.15257	4.61046
0.2	-6.2	0.0003	0.00483	0.04209	0.25768	1.23263	4.88156
0.2	-6.15	0.00033	0.00534	0.04599	0.27838	1.31758	5.16558
0.2	-6.1	0.00037	0.0059	0.05023	0.30061	1.40765	5.46285
0.2	-6.05	0.00042	0.00653	0.05485	0.32447	1.50309	5.7737
0.2	-6.	0.00047	0.00722	0.05986	0.35006	1.60412	6.09847
0.2	-5.95	0.00053	0.00797	0.06532	0.3775	1.711	6.43744
0.2	-5.9	0.00059	0.00881	0.07124	0.4069	1.82398	6.79088
0.2	-5.85	0.00067	0.00973	0.07767	0.43838	1.94331	7.15903
0.2	-5.8	0.00075	0.01075	0.08465	0.47207	2.06923	7.54211
0.2	-5.75	0.00084	0.01187	0.09223	0.50808	2.20201	7.94029
0.2	-5.7	0.00094	0.0131	0.10044	0.54657	2.34188	8.35371
0.2	-5.65	0.00105	0.01446	0.10933	0.58766	2.48909	8.78245
0.2	-5.6	0.00118	0.01595	0.11897	0.6315	2.64388	9.22655
0.2	-5.55	0.00132	0.01759	0.12939	0.67825	2.80649	9.68602
0.2	-5.5	0.00148	0.01939	0.14067	0.72805	2.97714	10.16077
0.2	-5.45	0.00166	0.02138	0.15287	0.78106	3.15604	10.65067
0.2	-5.4	0.00186	0.02356	0.16604	0.83743	3.34341	11.15553
0.2	-5.35	0.00209	0.02595	0.18026	0.89735	3.53942	11.67507
0.2	-5.3	0.00234	0.02858	0.19561	0.96096	3.74424	12.20895
0.2	-5.25	0.00262	0.03146	0.21216	1.02844	3.95803	12.75673
0.2	-5.2	0.00294	0.03462	0.22999	1.09995	4.1809	13.31789
0.2	-5.15	0.00329	0.03809	0.24918	1.17567	4.41297	13.89184
0.2	-5.1	0.00369	0.04189	0.26984	1.25576	4.65431	14.47785
0.2	-5.05	0.00413	0.04605	0.29204	1.34039	4.90494	15.07513
0.2	-5.	0.00463	0.0506	0.31589	1.42972	5.16488	15.68276
0.2	-4.95	0.00519	0.05558	0.34148	1.52391	5.43409	16.29974
0.2	-4.9	0.00581	0.06102	0.36893	1.62311	5.71249	16.92492
0.2	-4.85	0.00651	0.06696	0.39834	1.72746	5.99996	17.55707
0.2	-4.8	0.00728	0.07346	0.42982	1.83712	6.29633	18.19483
0.2	-4.75	0.00816	0.08054	0.46348	1.95219	6.60135	18.83673
0.2	-4.7	0.00913	0.08826	0.49944	2.07279	6.91476	19.48117
0.2	-4.65	0.01022	0.09668	0.53783	2.19903	7.23619	20.12644
0.2	-4.6	0.01143	0.10583	0.57875	2.33097	7.56526	20.77073
0.2	-4.55	0.01279	0.1158	0.62233	2.46868	7.90146	21.41207
0.2	-4.5	0.0143	0.12663	0.66869	2.61221	8.24426	22.04843
0.2	-4.45	0.01599	0.13839	0.71795	2.76155	8.59303	22.67764
0.2	-4.4	0.01787	0.15115	0.77022	2.9167	8.94707	23.29744
0.2	-4.35	0.01997	0.16499	0.82563	3.07762	9.3056	23.90546
0.2	-4.3	0.0223	0.17997	0.88428	3.24423	9.66777	24.49926
0.2	-4.25	0.02491	0.19618	0.94628	3.41641	10.03264	25.07632
0.2	-4.2	0.0278	0.2137	1.01173	3.59401	10.39917	25.63402
0.2	-4.15	0.03101	0.23261	1.08071	3.77683	10.76627	26.16973
0.2	-4.1	0.03458	0.253	1.15331	3.96464	11.13274	26.68075
0.2	-4.05	0.03855	0.27496	1.2296	4.15716	11.49731	27.16435
0.2	-4.	0.04294	0.29859	1.30962	4.35403	11.85864	27.6178
0.2	-3.95	0.04781	0.32396	1.39343	4.55488	12.2153	28.03837
0.2	-3.9	0.0532	0.35119	1.48103	4.75926	12.56579	28.42335
0.2	-3.85	0.05915	0.38035	1.57243	4.96666	12.90855	28.77007
0.2	-3.8	0.06572	0.41154	1.66761	5.17652	13.24194	29.07597
0.2	-3.75	0.07295	0.44486	1.76652	5.38822	13.56429	29.33851
0.2	-3.7	0.08091	0.48039	1.86909	5.60109	13.87388	29.55531
0.2	-3.65	0.08967	0.51822	1.9752	5.81436	14.16893	29.72412
0.2	-3.6	0.0993	0.55841	2.08472	6.02725	14.44766	29.84283
0.2	-3.55	0.10986	0.60106	2.19747	6.23887	14.70827	29.90954
0.2	-3.5	0.12141	0.6462	2.31325	6.44831	14.94895	29.92254
0.2	-3.45	0.13403	0.69391	2.43179	6.65458	15.16792	29.88036
0.2	-3.4	0.14782	0.74422	2.55281	6.85666	15.36341	29.78179
0.2	-3.35	0.16285	0.79714	2.67597	7.05344	15.5337	29.62591
0.2	-3.3	0.1792	0.8527	2.80088	7.24382	15.67714	29.41207
0.2	-3.25	0.19694	0.91087	2.92711	7.42661	15.79216	29.13999
0.2	-3.2	0.21614	0.97163	3.05419	7.60062	15.87727	28.80967
0.2	-3.15	0.23688	1.03492	3.18158	7.76463	15.9311	28.42151
0.2	-3.1	0.25923	1.10068	3.30872	7.91739	15.95245	27.97627
0.2	-3.05	0.28328	1.16879	3.43497	8.05768	15.94022	27.47508
0.2	-3.	0.3091	1.23912	3.55967	8.18425	15.89353	26.91944
0.2	-2.95	0.33676	1.3115	3.68209	8.29589	15.81167	26.31124
0.2	-2.9	0.3663	1.38571	3.80148	8.39141	15.69413	25.65278
0.2	-2.85	0.39777	1.46152	3.91705	8.46968	15.54065	24.9467
0.2	-2.8	0.43119	1.53865	4.02796	8.52963	15.35119	24.19603
0.2	-2.75	0.46658	1.61678	4.13337	8.57024	15.12597	23.40414
0.2	-2.7	0.50393	1.69553	4.23238	8.59061	14.86548	22.57473
0.2	-2.65	0.54318	1.77453	4.32411	8.58993	14.57045	21.7118
0.2	-2.6	0.58428	1.85333	4.40765	8.56753	14.24194	20.81965
0.2	-2.55	0.62719	1.93145	4.48211	8.52285	13.88124	19.90276
0.2	-2.5	0.67187	2.00839	4.5466	8.4555	13.48993	18.96588
0.2	-2.45	0.71825	2.08356	4.60025	8.36525	13.06988	18.01387
0.2	-2.4	0.76615	2.15635	4.64224	8.25208	12.6232	17.05172
0.2	-2.35	0.81537	2.22612	4.6718	8.11611	12.15228	16.08448
0.2	-2.3	0.86567	2.29221	4.68823	7.95771	11.65969	15.1172
0.2	-2.25	0.91676	2.35391	4.69091	7.77742	11.14825	14.15489
0.2	-2.2	0.9683	2.41055	4.67929	7.57601	10.62097	13.20247
0.2	-2.15	1.02004	2.46143	4.65297	7.35446	10.08099	12.2647
0.2	-2.1	1.07165	2.50582	4.61164	7.11395	9.53156	11.34611
0.2	-2.05	1.12256	2.54302	4.55513	6.85588	8.97606	10.45102
0.2	-2.	1.17222	2.57239	4.48343	6.58184	8.41788	9.58343
0.2	-1.95	1.2201	2.59333	4.39667	6.29358	7.86042	8.74695
0.2	-1.9	1.26575	2.60532	4.29514	5.99306	7.30707	7.94487
0.2	-1.85	1.3087	2.60784	4.17929	5.68233	6.7611	7.17999
0.2	-1.8	1.34838	2.60047	4.04976	5.36363	6.22569	6.45473
0.2	-1.75	1.38424	2.58286	3.90732	5.03924	5.70383	5.77096
0.2	-1.7	1.41576	2.55476	3.75296	4.71155	5.19832	5.13015
0.2	-1.65	1.44236	2.51602	3.58781	4.38294	4.71171	4.53321
0.2	-1.6	1.46342	2.4666	3.41317	4.05583	4.24627	3.98064
0.2	-1.55	1.47832	2.40665	3.2305	3.73257	3.80395	3.47241
0.2	-1.5	1.48647	2.33643	3.04137	3.41543	3.38638	3.00809
0.2	-1.45	1.4873	2.25643	2.84746	3.10657	2.99485	2.58682
0.2	-1.4	1.48033	2.1673	2.65053	2.80797	2.63028	2.20734
0.2	-1.35	1.46531	2.06987	2.45237	2.52145	2.29325	1.86808
0.2	-1.3	1.44223	1.96511	2.25475	2.24858	1.98397	1.56713
0.2	-1.25	1.41108	1.85411	2.05943	1.99071	1.70234	1.30239
0.2	-1.2	1.37195	1.73807	1.86809	1.74891	1.44791	1.07151
0.2	-1.15	1.32506	1.61832	1.68231	1.52401	1.21998	0.87203
0.2	-1.1	1.27087	1.49628	1.50353	1.31653	1.01756	0.70138
0.2	-1.05	1.21001	1.37337	1.33302	1.12674	0.83945	0.55693
0.2	-1.	1.14339	1.25105	1.17183	0.95466	0.68428	0.43607
0.2	-0.95	1.07221	1.13068	1.02081	0.80006	0.55052	0.33619
0.2	-0.9	0.99763	1.01348	0.8806	0.66251	0.43653	0.25479
0.2	-0.85	0.92088	0.90054	0.7516	0.54138	0.3406	0.18945
0.2	-0.8	0.84307	0.7928	0.63403	0.4359	0.26098	0.13788
0.2	-0.75	0.76526	0.69103	0.52793	0.34516	0.19593	0.09796
0.2	-0.7	0.68874	0.59583	0.43316	0.26817	0.14371	0.06771
0.2	-0.65	0.61461	0.50755	0.34945	0.20384	0.10261	0.04534
0.2	-0.6	0.54341	0.42639	0.27643	0.15105	0.07103	0.02928
0.2	-0.55	0.47572	0.35243	0.21365	0.10861	0.04741	0.01812
0.2	-0.5	0.41181	0.28566	0.16057	0.07535	0.0303	0.01066
0.2	-0.45	0.35164	0.22601	0.11664	0.05006	0.01838	0.0059
0.2	-0.4	0.29505	0.17347	0.08123	0.03153	0.01046	0.00303
0.2	-0.35	0.24192	0.12803	0.05361	0.01858	0.0055	0.00142
0.2	-0.3	0.19213	0.08972	0.03302	0.01004	0.00261	0.00059
0.2	-0.25	0.14575	0.0586	0.01853	0.00484	0.00108	0.00021
0.2	-0.2	0.10328	0.03465	0.00914	0.00199	0.00037	0.00006
0.2	-0.15	0.06593	0.01768	0.00372	0.00065	0.0001	0.00001
0.2	-0.1	0.03562	0.0071	0.0011	0.00014	0.00002	0.00000
0.2	-0.05	0.01426	0.00172	0.00016	0.00001	0.00000	0.00000
0.2	0.00	0.0006	0.00001	0.00000	0.00000	0.00000	0.00000
0.1	-8.9	0.00000	0.00002	0.0003	0.00286	0.02121	0.12864
0.1	-8.85	0.00000	0.00002	0.00033	0.00314	0.02307	0.13893
0.1	-8.8	0.00000	0.00003	0.00036	0.00344	0.02508	0.15001
0.1	-8.75	0.00000	0.00003	0.0004	0.00376	0.02726	0.16193
0.1	-8.7	0.00000	0.00003	0.00044	0.00412	0.02963	0.17474
0.1	-8.65	0.00000	0.00004	0.00049	0.00451	0.03219	0.18852
0.1	-8.6	0.00000	0.00004	0.00054	0.00493	0.03497	0.20332
0.1	-8.55	0.00000	0.00004	0.00059	0.0054	0.03798	0.21923
0.1	-8.5	0.00000	0.00005	0.00065	0.0059	0.04123	0.23631
0.1	-8.45	0.00000	0.00006	0.00072	0.00646	0.04476	0.25465
0.1	-8.4	0.00000	0.00006	0.00079	0.00706	0.04857	0.27433
0.1	-8.35	0.00000	0.00007	0.00087	0.00772	0.05269	0.29544
0.1	-8.3	0.00000	0.00008	0.00096	0.00843	0.05715	0.31809
0.1	-8.25	0.00000	0.00008	0.00106	0.00922	0.06197	0.34236
0.1	-8.2	0.00000	0.00009	0.00117	0.01007	0.06718	0.36837
0.1	-8.15	0.00000	0.0001	0.00129	0.011	0.07281	0.39623
0.1	-8.1	0.00000	0.00012	0.00142	0.01201	0.07888	0.42606
0.1	-8.05	0.00000	0.00013	0.00156	0.01311	0.08544	0.45798
0.1	-8.	0.00000	0.00014	0.00172	0.01431	0.09252	0.49214
0.1	-7.95	0.00000	0.00016	0.00189	0.01562	0.10016	0.52867
0.1	-7.9	0.00000	0.00018	0.00208	0.01704	0.10839	0.56771
0.1	-7.85	0.00000	0.0002	0.00229	0.01859	0.11727	0.60943
0.1	-7.8	0.00000	0.00022	0.00252	0.02027	0.12684	0.65399
0.1	-7.75	0.00001	0.00024	0.00277	0.0221	0.13715	0.70156
0.1	-7.7	0.00001	0.00027	0.00304	0.02409	0.14824	0.75232
0.1	-7.65	0.00001	0.0003	0.00335	0.02625	0.16019	0.80646
0.1	-7.6	0.00002	0.00033	0.00368	0.02859	0.17304	0.86417
0.1	-7.55	0.00002	0.00037	0.00404	0.03114	0.18687	0.92567
0.1	-7.5	0.00002	0.00041	0.00444	0.03391	0.20173	0.99117
0.1	-7.45	0.00002	0.00045	0.00488	0.03691	0.21771	1.06089
0.1	-7.4	0.00003	0.0005	0.00536	0.04016	0.23487	1.13507
0.1	-7.35	0.00003	0.00056	0.00588	0.04369	0.25329	1.21396
0.1	-7.3	0.00003	0.00062	0.00646	0.04752	0.27307	1.2978
0.1	-7.25	0.00004	0.00068	0.00709	0.05166	0.29428	1.38687
0.1	-7.2	0.00004	0.00076	0.00778	0.05615	0.31703	1.48144
0.1	-7.15	0.00004	0.00084	0.00853	0.06102	0.34141	1.58179
0.1	-7.1	0.00005	0.00093	0.00936	0.06628	0.36753	1.68821
0.1	-7.05	0.00006	0.00103	0.01026	0.07197	0.39551	1.80101
0.1	-7.	0.00006	0.00114	0.01125	0.07813	0.42544	1.92049
0.1	-6.95	0.00007	0.00127	0.01232	0.08479	0.45747	2.04698
0.1	-6.9	0.00008	0.0014	0.0135	0.09199	0.49171	2.18082
0.1	-6.85	0.00009	0.00155	0.01479	0.09976	0.5283	2.32232
0.1	-6.8	0.0001	0.00172	0.0162	0.10815	0.56738	2.47184
0.1	-6.75	0.00011	0.0019	0.01773	0.11721	0.6091	2.62974
0.1	-6.7	0.00013	0.00211	0.01941	0.12698	0.65361	2.79636
0.1	-6.65	0.00014	0.00233	0.02123	0.13752	0.70107	2.97207
0.1	-6.6	0.00016	0.00258	0.02323	0.14888	0.75165	3.15724
0.1	-6.55	0.00018	0.00285	0.0254	0.16111	0.80552	3.35224
0.1	-6.5	0.0002	0.00316	0.02777	0.17428	0.86286	3.55743
0.1	-6.45	0.00022	0.00349	0.03035	0.18846	0.92386	3.7732
0.1	-6.4	0.00025	0.00386	0.03315	0.20371	0.98871	3.99991
0.1	-6.35	0.00028	0.00426	0.03621	0.2201	1.0576	4.23794
0.1	-6.3	0.00031	0.00471	0.03953	0.23772	1.13074	4.48764
0.1	-6.25	0.00035	0.0052	0.04315	0.25663	1.20835	4.74939
0.1	-6.2	0.0004	0.00575	0.04708	0.27694	1.29063	5.02351
0.1	-6.15	0.00044	0.00635	0.05135	0.29872	1.37782	5.31037
0.1	-6.1	0.0005	0.00701	0.05598	0.32208	1.47013	5.61028
0.1	-6.05	0.00056	0.00773	0.06102	0.3471	1.56779	5.92356
0.1	-6.	0.00062	0.00853	0.06648	0.37389	1.67103	6.25049
0.1	-5.95	0.0007	0.00941	0.0724	0.40256	1.7801	6.59134
0.1	-5.9	0.00078	0.01038	0.07883	0.43323	1.89522	6.94637
0.1	-5.85	0.00088	0.01145	0.08578	0.466	2.01664	7.31579
0.1	-5.8	0.00098	0.01262	0.09332	0.50101	2.14459	7.69977
0.1	-5.75	0.0011	0.0139	0.10147	0.53837	2.27931	8.09848
0.1	-5.7	0.00123	0.01531	0.11029	0.57821	2.42103	8.51202
0.1	-5.65	0.00138	0.01686	0.11982	0.62068	2.56999	8.94046
0.1	-5.6	0.00154	0.01857	0.13012	0.6659	2.7264	9.38382
0.1	-5.55	0.00173	0.02043	0.14125	0.71403	2.89048	9.84205
0.1	-5.5	0.00194	0.02248	0.15325	0.76521	3.06245	10.31508
0.1	-5.45	0.00217	0.02472	0.16619	0.81959	3.24249	10.80274
0.1	-5.4	0.00243	0.02718	0.18014	0.87731	3.4308	11.30483
0.1	-5.35	0.00271	0.02987	0.19517	0.93854	3.62754	11.82106
0.1	-5.3	0.00304	0.03282	0.21133	1.00344	3.83287	12.35106
0.1	-5.25	0.0034	0.03604	0.22872	1.07215	4.04691	12.89439
0.1	-5.2	0.0038	0.03956	0.24741	1.14484	4.26978	13.45054
0.1	-5.15	0.00425	0.0434	0.26748	1.22166	4.50156	14.01888
0.1	-5.1	0.00475	0.0476	0.28902	1.30278	4.7423	14.59871
0.1	-5.05	0.00531	0.05219	0.31212	1.38833	4.99203	15.18923
0.1	-5.	0.00593	0.05719	0.33686	1.47849	5.25073	15.78954
0.1	-4.95	0.00663	0.06264	0.36335	1.57338	5.51837	16.39863
0.1	-4.9	0.0074	0.06857	0.39168	1.67316	5.79484	17.0154
0.1	-4.85	0.00826	0.07503	0.42195	1.77795	6.08003	17.63861
0.1	-4.8	0.00922	0.08205	0.45427	1.88787	6.37373	18.26695
0.1	-4.75	0.01029	0.08969	0.48875	2.00305	6.67573	18.89897
0.1	-4.7	0.01148	0.09798	0.52549	2.12357	6.98574	19.53311
0.1	-4.65	0.0128	0.10698	0.5646	2.24952	7.3034	20.1677
0.1	-4.6	0.01426	0.11674	0.6062	2.38098	7.62831	20.80097
0.1	-4.55	0.01589	0.12731	0.65039	2.51799	7.96001	21.43101
0.1	-4.5	0.01769	0.13875	0.69728	2.66059	8.29794	22.05583
0.1	-4.45	0.01969	0.15113	0.74699	2.80877	8.64151	22.67332
0.1	-4.4	0.0219	0.1645	0.79961	2.96251	8.99002	23.28128
0.1	-4.35	0.02435	0.17894	0.85527	3.12178	9.34273	23.87741
0.1	-4.3	0.02705	0.19451	0.91405	3.28648	9.69879	24.45933
0.1	-4.25	0.03004	0.21128	0.97605	3.45651	10.0573	25.02458
0.1	-4.2	0.03335	0.22934	1.04136	3.6317	10.41725	25.57063
0.1	-4.15	0.03699	0.24875	1.11006	3.81188	10.77758	26.09489
0.1	-4.1	0.041	0.2696	1.18223	3.99681	11.13714	26.59474
0.1	-4.05	0.0454	0.29197	1.25793	4.18621	11.49469	27.06752
0.1	-4.	0.05024	0.31594	1.3372	4.37976	11.84892	27.51057
0.1	-3.95	0.05556	0.34159	1.42008	4.57707	12.19846	27.92121
0.1	-3.9	0.06139	0.36901	1.50658	4.77773	12.54185	28.29679
0.1	-3.85	0.06779	0.39829	1.59671	4.98125	12.87756	28.63472
0.1	-3.8	0.0748	0.42951	1.69045	5.18709	13.20403	28.93245
0.1	-3.75	0.08246	0.46274	1.78774	5.39465	13.51961	29.18752
0.1	-3.7	0.09082	0.49808	1.88852	5.60327	13.82262	29.39759
0.1	-3.65	0.09993	0.53559	1.9927	5.81225	14.11134	29.56042
0.1	-3.6	0.10987	0.57536	2.10013	6.0208	14.38403	29.67395
0.1	-3.55	0.12068	0.61744	2.21067	6.2281	14.63893	29.73629
0.1	-3.5	0.13244	0.66191	2.3241	6.43324	14.87426	29.74576
0.1	-3.45	0.14522	0.70881	2.4402	6.63527	15.08827	29.70089
0.1	-3.4	0.15908	0.75818	2.55869	6.83319	15.27923	29.60047
0.1	-3.35	0.17409	0.81005	2.67925	7.02596	15.44545	29.44357
0.1	-3.3	0.19031	0.86443	2.80151	7.21246	15.58529	29.22955
0.1	-3.25	0.20784	0.92133	2.92508	7.39156	15.6972	28.95808
0.1	-3.2	0.22673	0.98072	3.04948	7.56208	15.77971	28.62916
0.1	-3.15	0.24707	1.04257	3.17422	7.72283	15.83146	28.24317
0.1	-3.1	0.26893	1.10681	3.29875	7.87258	15.85123	27.8008
0.1	-3.05	0.29241	1.17335	3.42244	8.01013	15.83796	27.30316
0.1	-3.	0.31759	1.24206	3.54467	8.13424	15.79074	26.75171
0.1	-2.95	0.34452	1.31279	3.66472	8.24371	15.70884	26.14829
0.1	-2.9	0.37325	1.38534	3.78185	8.33738	15.59178	25.49514
0.1	-2.85	0.40384	1.4595	3.89529	8.41411	15.43924	24.79486
0.1	-2.8	0.43632	1.53499	4.00423	8.47283	15.25119	24.05041
0.1	-2.75	0.47071	1.61152	4.10781	8.51254	15.02781	23.2651
0.1	-2.7	0.50703	1.68873	4.20516	8.53233	14.76957	22.44259
0.1	-2.65	0.54528	1.76624	4.2954	8.53138	14.47718	21.5868
0.1	-2.6	0.58546	1.84361	4.37763	8.50902	14.15166	20.70197
0.1	-2.55	0.62748	1.92036	4.45096	8.4647	13.79427	19.79253
0.1	-2.5	0.67122	1.99598	4.51451	8.398	13.40655	18.86316
0.1	-2.45	0.71661	2.0699	4.56743	8.3087	12.99035	17.91868
0.1	-2.4	0.76351	2.14153	4.6089	8.19674	12.54772	16.96399
0.1	-2.35	0.81175	2.21025	4.63815	8.06225	12.08101	16.00412
0.1	-2.3	0.86108	2.27539	4.65447	7.90555	11.59277	15.04405
0.1	-2.25	0.91121	2.33627	4.65724	7.72717	11.08577	14.08877
0.1	-2.2	0.96185	2.39222	4.64593	7.52787	10.56297	13.14313
0.1	-2.15	1.0127	2.44254	4.6201	7.30858	10.02749	12.21187
0.1	-2.1	1.06337	2.48653	4.57944	7.07047	9.48254	11.29948
0.1	-2.05	1.11345	2.5235	4.52376	6.81491	8.93146	10.41025
0.1	-2.	1.16245	2.5528	4.45303	6.54347	8.37761	9.54816
0.1	-1.95	1.20987	2.57381	4.36737	6.25788	7.82437	8.71681
0.1	-1.9	1.25522	2.58596	4.26704	5.96006	7.27509	7.91945
0.1	-1.85	1.29797	2.58872	4.1525	5.65207	6.73302	7.1589
0.1	-1.8	1.33758	2.58166	4.02435	5.3361	6.20132	6.43754
0.1	-1.75	1.37345	2.56441	3.88339	5.01443	5.68295	5.75728
0.1	-1.7	1.40491	2.53671	3.7306	4.68941	5.1807	5.11956
0.1	-1.65	1.43123	2.49846	3.5671	4.36342	4.69708	4.52533
0.1	-1.6	1.45193	2.44967	3.39418	4.03882	4.23437	3.97509
0.1	-1.55	1.46665	2.39049	3.21326	3.71796	3.79452	3.46884
0.1	-1.5	1.47477	2.32118	3.0259	3.40307	3.37914	3.00615
0.1	-1.45	1.47576	2.24217	2.83374	3.09631	2.98953	2.58621
0.1	-1.4	1.46911	2.1541	2.63852	2.79965	2.62661	2.20777
0.1	-1.35	1.45445	2.05777	2.44202	2.51488	2.29099	1.86931
0.1	-1.3	1.43173	1.95417	2.24598	2.24357	1.98287	1.56894
0.1	-1.25	1.40115	1.84435	2.05215	1.98708	1.70218	1.30458
0.1	-1.2	1.36268	1.72949	1.86218	1.74647	1.44849	1.07392
0.1	-1.15	1.31651	1.6109	1.67767	1.52258	1.22112	0.87453
0.1	-1.1	1.26304	1.48996	1.50003	1.31594	1.01909	0.70386
0.1	-1.05	1.20291	1.36813	1.33052	1.12683	0.84124	0.55931
0.1	-1.	1.1371	1.24683	1.1702	0.95528	0.6862	0.43828
0.1	-0.95	1.06682	1.12739	1.01992	0.80107	0.55248	0.33819
0.1	-0.9	0.99316	1.01102	0.88031	0.6638	0.43844	0.25656
0.1	-0.85	0.91722	0.89878	0.75179	0.54284	0.34241	0.19098
0.1	-0.8	0.84008	0.79165	0.63461	0.43745	0.26264	0.13917
0.1	-0.75	0.76289	0.69041	0.52881	0.34673	0.19741	0.09901
0.1	-0.7	0.68688	0.59566	0.43425	0.26968	0.14499	0.06854
0.1	-0.65	0.6132	0.50777	0.35068	0.20526	0.1037	0.04599
0.1	-0.6	0.54252	0.42692	0.27772	0.15232	0.07191	0.02976
0.1	-0.55	0.47527	0.35319	0.21494	0.10973	0.0481	0.01846
0.1	-0.5	0.41168	0.28659	0.16181	0.07629	0.03082	0.01089
0.1	-0.45	0.35174	0.22706	0.11779	0.05082	0.01875	0.00605
0.1	-0.4	0.29536	0.1746	0.08225	0.03212	0.01071	0.00312
0.1	-0.35	0.24249	0.12919	0.05448	0.019	0.00566	0.00147
0.1	-0.3	0.19299	0.09086	0.0337	0.01032	0.0027	0.00062
0.1	-0.25	0.14685	0.05963	0.01903	0.00501	0.00113	0.00022
0.1	-0.2	0.10459	0.03552	0.00946	0.00208	0.00039	0.00006
0.1	-0.15	0.0674	0.01832	0.00389	0.00068	0.0001	0.00001
0.1	-0.1	0.03697	0.00746	0.00116	0.00015	0.00002	0.00000
0.1	-0.05	0.01511	0.00184	0.00017	0.00001	0.00000	0.00000
0.1	0.00	0.00065	0.00001	0.00000	0.00000	0.00000	0.00000
0.07	-8.9	0.00000	0.00002	0.00032	0.00301	0.02199	0.13209
0.07	-8.85	0.00000	0.00003	0.00035	0.00329	0.02391	0.1426
0.07	-8.8	0.00000	0.00003	0.00039	0.00361	0.02599	0.15391
0.07	-8.75	0.00000	0.00003	0.00043	0.00395	0.02823	0.16608
0.07	-8.7	0.00000	0.00004	0.00047	0.00432	0.03067	0.17915
0.07	-8.65	0.00000	0.00004	0.00052	0.00472	0.03331	0.1932
0.07	-8.6	0.00000	0.00004	0.00057	0.00517	0.03617	0.20829
0.07	-8.55	0.00000	0.00005	0.00063	0.00565	0.03926	0.2245
0.07	-8.5	0.00000	0.00005	0.0007	0.00618	0.04261	0.2419
0.07	-8.45	0.00000	0.00006	0.00077	0.00676	0.04623	0.26058
0.07	-8.4	0.00000	0.00007	0.00084	0.00738	0.05015	0.28061
0.07	-8.35	0.00000	0.00007	0.00093	0.00807	0.05438	0.30209
0.07	-8.3	0.00000	0.00008	0.00102	0.00881	0.05896	0.32511
0.07	-8.25	0.00000	0.00009	0.00113	0.00963	0.0639	0.34978
0.07	-8.2	0.00000	0.0001	0.00124	0.01051	0.06924	0.37621
0.07	-8.15	0.00000	0.00011	0.00137	0.01148	0.07501	0.40451
0.07	-8.1	0.00000	0.00013	0.00151	0.01253	0.08123	0.43479
0.07	-8.05	0.00000	0.00014	0.00166	0.01367	0.08794	0.46719
0.07	-8.	0.00000	0.00016	0.00182	0.01491	0.09519	0.50184
0.07	-7.95	0.00000	0.00017	0.002	0.01627	0.103	0.53888
0.07	-7.9	0.00000	0.00019	0.0022	0.01774	0.11141	0.57845
0.07	-7.85	0.00001	0.00021	0.00242	0.01934	0.12049	0.62072
0.07	-7.8	0.00001	0.00024	0.00267	0.02108	0.13025	0.66585
0.07	-7.75	0.00001	0.00026	0.00293	0.02297	0.14077	0.714
0.07	-7.7	0.00001	0.00029	0.00322	0.02502	0.15209	0.76536
0.07	-7.65	0.00002	0.00032	0.00354	0.02725	0.16427	0.82012
0.07	-7.6	0.00002	0.00036	0.00389	0.02967	0.17737	0.87847
0.07	-7.55	0.00002	0.0004	0.00427	0.03229	0.19145	0.94063
0.07	-7.5	0.00002	0.00044	0.00469	0.03514	0.20659	1.0068
0.07	-7.45	0.00003	0.00049	0.00515	0.03823	0.22284	1.0772
0.07	-7.4	0.00003	0.00054	0.00565	0.04158	0.24029	1.15209
0.07	-7.35	0.00003	0.0006	0.0062	0.04521	0.25902	1.23169
0.07	-7.3	0.00004	0.00067	0.0068	0.04914	0.2791	1.31626
0.07	-7.25	0.00004	0.00074	0.00746	0.0534	0.30065	1.40606
0.07	-7.2	0.00004	0.00082	0.00818	0.05801	0.32373	1.50137
0.07	-7.15	0.00005	0.00091	0.00897	0.06299	0.34846	1.60247
0.07	-7.1	0.00006	0.001	0.00983	0.06839	0.37495	1.70964
0.07	-7.05	0.00006	0.00111	0.01077	0.07422	0.40329	1.8232
0.07	-7.	0.00007	0.00123	0.0118	0.08053	0.43361	1.94344
0.07	-6.95	0.00008	0.00136	0.01292	0.08734	0.46603	2.07069
0.07	-6.9	0.00009	0.00151	0.01414	0.09469	0.50067	2.20526
0.07	-6.85	0.0001	0.00167	0.01548	0.10263	0.53767	2.34751
0.07	-6.8	0.00011	0.00185	0.01694	0.1112	0.57717	2.49776
0.07	-6.75	0.00013	0.00205	0.01854	0.12044	0.61932	2.65637
0.07	-6.7	0.00014	0.00226	0.02027	0.13041	0.66427	2.82368
0.07	-6.65	0.00016	0.0025	0.02216	0.14114	0.71217	3.00006
0.07	-6.6	0.00018	0.00277	0.02423	0.1527	0.76319	3.18588
0.07	-6.55	0.0002	0.00306	0.02647	0.16515	0.8175	3.38149
0.07	-6.5	0.00022	0.00338	0.02892	0.17854	0.87529	3.58726
0.07	-6.45	0.00025	0.00373	0.03158	0.19295	0.93673	3.80357
0.07	-6.4	0.00028	0.00412	0.03448	0.20843	1.00202	4.03078
0.07	-6.35	0.00032	0.00456	0.03762	0.22507	1.07136	4.26926
0.07	-6.3	0.00035	0.00503	0.04105	0.24293	1.14493	4.51936
0.07	-6.25	0.0004	0.00555	0.04477	0.2621	1.22297	4.78144
0.07	-6.2	0.00044	0.00613	0.0488	0.28266	1.30567	5.05585
0.07	-6.15	0.0005	0.00676	0.05319	0.30471	1.39325	5.34292
0.07	-6.1	0.00056	0.00746	0.05794	0.32833	1.48594	5.64297
0.07	-6.05	0.00063	0.00822	0.0631	0.35362	1.58397	5.95631
0.07	-6.	0.0007	0.00906	0.0687	0.38068	1.68756	6.28323
0.07	-5.95	0.00078	0.00999	0.07475	0.40963	1.79695	6.62399
0.07	-5.9	0.00088	0.01101	0.08132	0.44056	1.91236	6.97884
0.07	-5.85	0.00098	0.01212	0.08842	0.4736	2.03404	7.34798
0.07	-5.8	0.0011	0.01335	0.0961	0.50887	2.16222	7.73159
0.07	-5.75	0.00123	0.01469	0.10441	0.54649	2.29714	8.12984
0.07	-5.7	0.00138	0.01617	0.11338	0.58659	2.43901	8.54281
0.07	-5.65	0.00154	0.01778	0.12308	0.6293	2.58808	8.97058
0.07	-5.6	0.00173	0.01956	0.13354	0.67476	2.74455	9.41316
0.07	-5.55	0.00193	0.0215	0.14483	0.72312	2.90865	9.87051
0.07	-5.5	0.00216	0.02362	0.157	0.7745	3.08058	10.34256
0.07	-5.45	0.00242	0.02595	0.17012	0.82908	3.26054	10.82913
0.07	-5.4	0.0027	0.02849	0.18423	0.88698	3.4487	11.33003
0.07	-5.35	0.00302	0.03127	0.19943	0.94837	3.64524	11.84495
0.07	-5.3	0.00337	0.0343	0.21576	1.01339	3.8503	12.37356
0.07	-5.25	0.00377	0.03762	0.23332	1.08222	4.06401	12.91539
0.07	-5.2	0.0042	0.04124	0.25217	1.15499	4.28648	13.46994
0.07	-5.15	0.00469	0.04519	0.27239	1.23187	4.5178	14.0366
0.07	-5.1	0.00523	0.04949	0.29408	1.31301	4.75801	14.61466
0.07	-5.05	0.00584	0.05419	0.31732	1.39856	5.00715	15.20333
0.07	-5.	0.00651	0.05929	0.34219	1.48867	5.26519	15.80172
0.07	-4.95	0.00725	0.06485	0.3688	1.58348	5.5321	16.40883
0.07	-4.9	0.00808	0.0709	0.39724	1.68314	5.80779	17.02355
0.07	-4.85	0.009	0.07747	0.42761	1.78777	6.09212	17.64468
0.07	-4.8	0.01002	0.08461	0.46001	1.89749	6.38491	18.27089
0.07	-4.75	0.01115	0.09235	0.49455	2.01242	6.68594	18.90075
0.07	-4.7	0.0124	0.10075	0.53134	2.13266	6.99492	19.53271
0.07	-4.65	0.01379	0.10985	0.57047	2.25828	7.31151	20.16511
0.07	-4.6	0.01533	0.11971	0.61207	2.38937	7.6353	20.79619
0.07	-4.55	0.01703	0.13037	0.65624	2.52596	7.96583	21.42406
0.07	-4.5	0.0189	0.1419	0.70308	2.6681	8.30257	22.04673
0.07	-4.45	0.02097	0.15435	0.75272	2.81578	8.64491	22.6621
0.07	-4.4	0.02326	0.1678	0.80524	2.96899	8.99218	23.26799
0.07	-4.35	0.02577	0.1823	0.86077	3.12767	9.34362	23.86211
0.07	-4.3	0.02856	0.19792	0.91939	3.29176	9.69841	24.44208
0.07	-4.25	0.03163	0.21473	0.9812	3.46114	10.05564	25.00546
0.07	-4.2	0.03501	0.23281	1.04629	3.63566	10.41433	25.54972
0.07	-4.15	0.03873	0.25223	1.11474	3.81514	10.77341	26.07228
0.07	-4.1	0.04282	0.27307	1.18663	3.99935	11.13174	26.57054
0.07	-4.05	0.0473	0.2954	1.26201	4.18802	11.48808	27.04182
0.07	-4.	0.05222	0.31932	1.34094	4.38082	11.84115	27.48348
0.07	-3.95	0.0576	0.34489	1.42345	4.57738	12.18956	27.89284
0.07	-3.9	0.0635	0.37221	1.50957	4.77729	12.53186	28.26727
0.07	-3.85	0.06993	0.40135	1.5993	4.98006	12.86655	28.60416
0.07	-3.8	0.07694	0.43242	1.69261	5.18516	13.19204	28.90097
0.07	-3.75	0.0846	0.46548	1.78948	5.39201	13.5067	29.15524
0.07	-3.7	0.09294	0.50062	1.88982	5.59993	13.80886	29.36463
0.07	-3.65	0.10202	0.53793	1.99355	5.80823	14.0968	29.5269
0.07	-3.6	0.11192	0.57748	2.10053	6.01614	14.36878	29.63999
0.07	-3.55	0.12267	0.61933	2.21062	6.22281	14.62302	29.70201
0.07	-3.5	0.13435	0.66354	2.32361	6.42736	14.85778	29.71126
0.07	-3.45	0.14703	0.71018	2.43928	6.62885	15.07128	29.66628
0.07	-3.4	0.16078	0.75928	2.55735	6.82626	15.2618	29.56586
0.07	-3.35	0.17567	0.81088	2.6775	7.01855	15.42764	29.40906
0.07	-3.3	0.19176	0.86499	2.79938	7.20462	15.56718	29.19523
0.07	-3.25	0.20913	0.92162	2.92258	7.38332	15.67884	28.92405
0.07	-3.2	0.22786	0.98075	3.04664	7.55349	15.76117	28.59551
0.07	-3.15	0.24805	1.04234	3.17106	7.71392	15.8128	28.20997
0.07	-3.1	0.26977	1.10632	3.29528	7.8634	15.83252	27.76814
0.07	-3.05	0.29309	1.17261	3.4187	8.00071	15.81924	27.27111
0.07	-3.	0.31809	1.24109	3.54067	8.12462	15.77206	26.72034
0.07	-2.95	0.34482	1.3116	3.66049	8.23393	15.69027	26.11766
0.07	-2.9	0.37335	1.38395	3.77743	8.32746	15.57336	25.46532
0.07	-2.85	0.40376	1.45794	3.89069	8.40409	15.42102	24.7659
0.07	-2.8	0.43607	1.53328	3.99946	8.46273	15.23321	24.02237
0.07	-2.75	0.47033	1.60967	4.10289	8.50239	15.01012	23.23802
0.07	-2.7	0.50655	1.68676	4.20011	8.52216	14.75222	22.41651
0.07	-2.65	0.54473	1.76416	4.29023	8.52123	14.46021	21.56176
0.07	-2.6	0.58483	1.84142	4.37235	8.49891	14.1351	20.67799
0.07	-2.55	0.62679	1.91807	4.44559	8.45466	13.77817	19.76964
0.07	-2.5	0.67052	1.99357	4.50906	8.38807	13.39094	18.84138
0.07	-2.45	0.71587	2.06738	4.56192	8.2989	12.97526	17.89801
0.07	-2.4	0.76268	2.1389	4.60334	8.1871	12.53317	16.94445
0.07	-2.35	0.81079	2.20751	4.63257	8.0528	12.06704	15.98571
0.07	-2.3	0.86	2.27256	4.64889	7.89632	11.57938	15.02676
0.07	-2.25	0.91003	2.33338	4.65169	7.71818	11.07299	14.07259
0.07	-2.2	0.9606	2.38927	4.64042	7.51914	10.55082	13.12804
0.07	-2.15	1.0114	2.43954	4.61464	7.30013	10.01596	12.19786
0.07	-2.1	1.06203	2.48349	4.57406	7.06233	9.47164	11.28653
0.07	-2.05	1.11204	2.52042	4.51847	6.80709	8.92119	10.39832
0.07	-2.	1.16096	2.5497	4.44786	6.53597	8.36798	9.53722
0.07	-1.95	1.20831	2.5707	4.36232	6.25072	7.81537	8.70683
0.07	-1.9	1.25361	2.58286	4.26214	5.95325	7.26672	7.9104
0.07	-1.85	1.29634	2.58565	4.14776	5.64561	6.72526	7.15073
0.07	-1.8	1.33589	2.57862	4.01978	5.33	6.19415	6.43022
0.07	-1.75	1.37166	2.56142	3.87901	5.00869	5.67637	5.75076
0.07	-1.7	1.40306	2.5338	3.72641	4.68403	5.17468	5.1138
0.07	-1.65	1.42944	2.49564	3.5631	4.35838	4.69161	4.52028
0.07	-1.6	1.45024	2.44694	3.39038	4.03414	4.22944	3.97071
0.07	-1.55	1.46493	2.38784	3.20966	3.71361	3.79009	3.46508
0.07	-1.5	1.47295	2.31864	3.02249	3.39906	3.3752	3.00297
0.07	-1.45	1.4739	2.23978	2.83053	3.09262	2.98606	2.58355
0.07	-1.4	1.46739	2.15186	2.63549	2.79627	2.6236	2.20559
0.07	-1.35	1.453	2.05565	2.43915	2.51182	2.2884	1.86755
0.07	-1.3	1.43048	1.95212	2.24327	2.24083	1.98068	1.56756
0.07	-1.25	1.39997	1.84235	2.04961	1.98464	1.70036	1.30353
0.07	-1.2	1.36151	1.72753	1.85983	1.74435	1.44702	1.07316
0.07	-1.15	1.31534	1.60898	1.6755	1.52075	1.21995	0.874
0.07	-1.1	1.26188	1.4881	1.49806	1.3144	1.0182	0.70352
0.07	-1.05	1.20168	1.36633	1.32876	1.12556	0.84058	0.55912
0.07	-1.	1.13578	1.24513	1.16866	0.95427	0.68575	0.4382
0.07	-0.95	1.0655	1.1258	1.01859	0.80029	0.55219	0.3382
0.07	-0.9	0.99183	1.00956	0.87919	0.66322	0.43829	0.25663
0.07	-0.85	0.91593	0.89748	0.75089	0.54245	0.34236	0.19107
0.07	-0.8	0.83887	0.79049	0.6339	0.43721	0.26267	0.13928
0.07	-0.75	0.76173	0.68939	0.52828	0.34661	0.19749	0.09912
0.07	-0.7	0.68577	0.5948	0.43389	0.26967	0.1451	0.06864
0.07	-0.65	0.61215	0.50707	0.35047	0.20531	0.10381	0.04607
0.07	-0.6	0.54151	0.42639	0.27764	0.15242	0.07202	0.02983
0.07	-0.55	0.47433	0.35284	0.21495	0.10985	0.04819	0.01851
0.07	-0.5	0.4109	0.28641	0.1619	0.07641	0.0309	0.01093
0.07	-0.45	0.35121	0.22703	0.11791	0.05093	0.01881	0.00607
0.07	-0.4	0.29509	0.17466	0.08238	0.03221	0.01076	0.00314
0.07	-0.35	0.24236	0.12931	0.0546	0.01907	0.00568	0.00148
0.07	-0.3	0.19296	0.09101	0.03381	0.01037	0.00272	0.00062
0.07	-0.25	0.14695	0.05979	0.01911	0.00504	0.00113	0.00022
0.07	-0.2	0.10478	0.03567	0.00952	0.00209	0.00039	0.00006
0.07	-0.15	0.06763	0.01843	0.00392	0.00069	0.0001	0.00001
0.07	-0.1	0.03721	0.00753	0.00117	0.00015	0.00002	0.00000
0.07	-0.05	0.01529	0.00186	0.00017	0.00001	0.00000	0.00000
0.07	0.00	0.00066	0.00001	0.00000	0.00000	0.00000	0.00000
0.05	-8.9	0.00000	0.00003	0.00034	0.00313	0.02261	0.13471
0.05	-8.85	0.00000	0.00003	0.00037	0.00342	0.02457	0.14539
0.05	-8.8	0.00000	0.00003	0.00041	0.00374	0.02669	0.15688
0.05	-8.75	0.00000	0.00003	0.00045	0.0041	0.02899	0.16922
0.05	-8.7	0.00000	0.00004	0.0005	0.00448	0.03148	0.18249
0.05	-8.65	0.00000	0.00004	0.00055	0.0049	0.03418	0.19674
0.05	-8.6	0.00000	0.00005	0.0006	0.00536	0.0371	0.21205
0.05	-8.55	0.00000	0.00005	0.00066	0.00586	0.04026	0.22848
0.05	-8.5	0.00000	0.00006	0.00073	0.0064	0.04367	0.24612
0.05	-8.45	0.00000	0.00006	0.00081	0.00699	0.04737	0.26503
0.05	-8.4	0.00000	0.00007	0.00089	0.00764	0.05136	0.28532
0.05	-8.35	0.00000	0.00008	0.00098	0.00835	0.05568	0.30707
0.05	-8.3	0.00000	0.00009	0.00108	0.00911	0.06034	0.33038
0.05	-8.25	0.00000	0.0001	0.00118	0.00995	0.06538	0.35534
0.05	-8.2	0.00000	0.00011	0.0013	0.01086	0.07081	0.38207
0.05	-8.15	0.00000	0.00012	0.00143	0.01185	0.07668	0.41069
0.05	-8.1	0.00000	0.00014	0.00158	0.01293	0.08301	0.4413
0.05	-8.05	0.00000	0.00015	0.00174	0.01411	0.08984	0.47405
0.05	-8.	0.00000	0.00017	0.00191	0.01538	0.09721	0.50905
0.05	-7.95	0.00000	0.00019	0.0021	0.01677	0.10515	0.54646
0.05	-7.9	0.00000	0.00021	0.00231	0.01828	0.1137	0.58642
0.05	-7.85	0.00001	0.00023	0.00254	0.01992	0.12291	0.62909
0.05	-7.8	0.00001	0.00025	0.00279	0.02171	0.13283	0.67462
0.05	-7.75	0.00001	0.00028	0.00306	0.02364	0.1435	0.7232
0.05	-7.7	0.00002	0.00031	0.00336	0.02574	0.15498	0.77499
0.05	-7.65	0.00002	0.00035	0.00369	0.02802	0.16733	0.8302
0.05	-7.6	0.00002	0.00038	0.00405	0.0305	0.18061	0.88901
0.05	-7.55	0.00002	0.00042	0.00445	0.03318	0.19488	0.95164
0.05	-7.5	0.00002	0.00047	0.00488	0.03609	0.2102	1.01829
0.05	-7.45	0.00003	0.00052	0.00536	0.03925	0.22665	1.08919
0.05	-7.4	0.00003	0.00058	0.00588	0.04267	0.24431	1.16458
0.05	-7.35	0.00004	0.00064	0.00645	0.04637	0.26326	1.24469
0.05	-7.3	0.00004	0.00071	0.00707	0.05038	0.28357	1.32978
0.05	-7.25	0.00004	0.00079	0.00775	0.05472	0.30534	1.42012
0.05	-7.2	0.00005	0.00087	0.00849	0.05941	0.32867	1.51596
0.05	-7.15	0.00006	0.00096	0.00931	0.06449	0.35365	1.6176
0.05	-7.1	0.00006	0.00107	0.0102	0.06998	0.38039	1.72532
0.05	-7.05	0.00007	0.00118	0.01117	0.07591	0.409	1.83942
0.05	-7.	0.00008	0.00131	0.01223	0.08232	0.43959	1.96022
0.05	-6.95	0.00009	0.00145	0.01338	0.08924	0.47228	2.08801
0.05	-6.9	0.0001	0.0016	0.01464	0.09671	0.50721	2.22314
0.05	-6.85	0.00011	0.00177	0.01602	0.10477	0.54451	2.36593
0.05	-6.8	0.00012	0.00196	0.01752	0.11346	0.5843	2.51672
0.05	-6.75	0.00014	0.00216	0.01915	0.12283	0.62675	2.67585
0.05	-6.7	0.00016	0.00239	0.02094	0.13293	0.672	2.84369
0.05	-6.65	0.00018	0.00264	0.02288	0.14381	0.72021	3.02058
0.05	-6.6	0.0002	0.00292	0.02499	0.15551	0.77154	3.20689
0.05	-6.55	0.00022	0.00323	0.02729	0.16811	0.82617	3.40298
0.05	-6.5	0.00025	0.00356	0.02979	0.18166	0.88427	3.60922
0.05	-6.45	0.00028	0.00393	0.03251	0.19622	0.94603	3.82597
0.05	-6.4	0.00031	0.00434	0.03547	0.21187	1.01163	4.0536
0.05	-6.35	0.00035	0.00479	0.03869	0.22867	1.08128	4.29246
0.05	-6.3	0.00039	0.00529	0.04218	0.24671	1.15516	4.54293
0.05	-6.25	0.00044	0.00583	0.04597	0.26605	1.2335	4.80535
0.05	-6.2	0.00049	0.00643	0.05009	0.28679	1.31649	5.08005
0.05	-6.15	0.00055	0.00709	0.05455	0.30902	1.40436	5.36739
0.05	-6.1	0.00061	0.00781	0.05939	0.33282	1.49733	5.66767
0.05	-6.05	0.00069	0.0086	0.06464	0.35829	1.59563	5.9812
0.05	-6.	0.00077	0.00948	0.07032	0.38554	1.69947	6.30826
0.05	-5.95	0.00086	0.01043	0.07647	0.41467	1.8091	6.64913
0.05	-5.9	0.00096	0.01149	0.08313	0.44579	1.92474	7.00403
0.05	-5.85	0.00107	0.01264	0.09033	0.47901	2.04663	7.37318
0.05	-5.8	0.0012	0.01391	0.09812	0.51446	2.175	7.75677
0.05	-5.75	0.00134	0.01529	0.10653	0.55225	2.31008	8.15493
0.05	-5.7	0.0015	0.01681	0.11561	0.59252	2.4521	8.56777
0.05	-5.65	0.00168	0.01848	0.12542	0.6354	2.60129	8.99536
0.05	-5.6	0.00188	0.0203	0.13599	0.68102	2.75787	9.43771
0.05	-5.55	0.0021	0.02229	0.14739	0.72952	2.92204	9.89478
0.05	-5.5	0.00234	0.02447	0.15968	0.78105	3.09402	10.36649
0.05	-5.45	0.00261	0.02685	0.1729	0.83575	3.27399	10.85269
0.05	-5.4	0.00292	0.02946	0.18713	0.89377	3.46214	11.35316
0.05	-5.35	0.00326	0.0323	0.20243	0.95527	3.65864	11.86761
0.05	-5.3	0.00363	0.0354	0.21887	1.02039	3.86363	12.3957
0.05	-5.25	0.00405	0.03878	0.23653	1.08929	4.07724	12.93697
0.05	-5.2	0.00452	0.04247	0.25548	1.16212	4.29959	13.49092
0.05	-5.15	0.00504	0.04649	0.2758	1.23905	4.53075	14.05694
0.05	-5.1	0.00561	0.05086	0.29758	1.32022	4.77077	14.63432
0.05	-5.05	0.00625	0.05563	0.3209	1.40578	5.01969	15.22228
0.05	-5.	0.00695	0.06081	0.34585	1.49588	5.2775	15.81993
0.05	-4.95	0.00774	0.06644	0.37253	1.59067	5.54414	16.42627
0.05	-4.9	0.00861	0.07255	0.40102	1.69029	5.81953	17.04019
0.05	-4.85	0.00957	0.07919	0.43144	1.79486	6.10355	17.6605
0.05	-4.8	0.01063	0.08639	0.46388	1.9045	6.396	18.28587
0.05	-4.75	0.01181	0.0942	0.49845	2.01933	6.69668	18.91488
0.05	-4.7	0.01311	0.10266	0.53525	2.13946	7.00528	19.54596
0.05	-4.65	0.01454	0.11181	0.57439	2.26495	7.32148	20.17749
0.05	-4.6	0.01612	0.12172	0.61597	2.39589	7.64486	20.80767
0.05	-4.55	0.01787	0.13243	0.66012	2.53233	7.97498	21.43464
0.05	-4.5	0.0198	0.14399	0.70693	2.67429	8.31129	22.0564
0.05	-4.45	0.02193	0.15648	0.75651	2.82178	8.6532	22.67086
0.05	-4.4	0.02427	0.16994	0.80898	2.9748	9.00002	23.27584
0.05	-4.35	0.02684	0.18445	0.86443	3.13328	9.35101	23.86903
0.05	-4.3	0.02966	0.20007	0.92297	3.29717	9.70535	24.44808
0.05	-4.25	0.03277	0.21687	0.98469	3.46633	10.06213	25.01054
0.05	-4.2	0.03618	0.23492	1.04969	3.64064	10.42035	25.55387
0.05	-4.15	0.03992	0.25431	1.11804	3.8199	10.77897	26.07552
0.05	-4.1	0.04402	0.27511	1.18982	4.0039	11.13683	26.57285
0.05	-4.05	0.04851	0.2974	1.2651	4.19234	11.4927	27.04322
0.05	-4.	0.05341	0.32126	1.34393	4.38492	11.84529	27.48397
0.05	-3.95	0.05877	0.34678	1.42633	4.58126	12.19322	27.89243
0.05	-3.9	0.06464	0.37404	1.51235	4.78095	12.53505	28.26595
0.05	-3.85	0.07106	0.40313	1.60197	4.9835	12.86925	28.60195
0.05	-3.8	0.07806	0.43414	1.69518	5.18838	13.19425	28.89789
0.05	-3.75	0.08568	0.46714	1.79194	5.39499	13.50842	29.15129
0.05	-3.7	0.09398	0.50222	1.89218	5.60269	13.81008	29.35983
0.05	-3.65	0.10303	0.53947	1.99581	5.81076	14.09752	29.52127
0.05	-3.6	0.11289	0.57896	2.1027	6.01843	14.36899	29.63355
0.05	-3.55	0.1236	0.62076	2.21269	6.22486	14.62272	29.69478
0.05	-3.5	0.13523	0.66493	2.32559	6.42916	14.85696	29.70328
0.05	-3.45	0.14787	0.71152	2.44117	6.63039	15.06995	29.65759
0.05	-3.4	0.16157	0.76059	2.55914	6.82754	15.25996	29.55648
0.05	-3.35	0.17642	0.81216	2.67919	7.01956	15.4253	29.39905
0.05	-3.3	0.19249	0.86624	2.80097	7.20534	15.56432	29.18463
0.05	-3.25	0.20985	0.92284	2.92405	7.38376	15.67549	28.91291
0.05	-3.2	0.22858	0.98195	3.04799	7.55363	15.75733	28.58388
0.05	-3.15	0.24875	1.04351	3.17228	7.71377	15.8085	28.19791
0.05	-3.1	0.27047	1.10746	3.29637	7.86294	15.82776	27.75572
0.05	-3.05	0.29381	1.17372	3.41965	7.99994	15.81404	27.25839
0.05	-3.	0.31882	1.24215	3.54147	8.12354	15.76646	26.70739
0.05	-2.95	0.34555	1.31261	3.66114	8.23253	15.68428	26.10455
0.05	-2.9	0.37408	1.38491	3.77791	8.32576	15.56701	25.45212
0.05	-2.85	0.40446	1.45883	3.891	8.40207	15.41435	24.75268
0.05	-2.8	0.43677	1.53411	3.9996	8.46042	15.22626	24.00921
0.05	-2.75	0.47104	1.61044	4.10285	8.49978	15.00292	23.22499
0.05	-2.7	0.50725	1.68745	4.19988	8.51926	14.74481	22.40368
0.05	-2.65	0.54537	1.76476	4.28981	8.51806	14.45264	21.54919
0.05	-2.6	0.58541	1.84195	4.37174	8.49547	14.12742	20.66576
0.05	-2.55	0.62733	1.91852	4.44478	8.45097	13.77041	19.75782
0.05	-2.5	0.67101	1.99395	4.50805	8.38415	13.38317	18.83002
0.05	-2.45	0.71636	2.06768	4.5607	8.29478	12.96752	17.88717
0.05	-2.4	0.76323	2.13911	4.60192	8.18279	12.52553	16.93418
0.05	-2.35	0.81138	2.20761	4.63093	8.04834	12.05954	15.97605
0.05	-2.3	0.86059	2.27253	4.64704	7.89173	11.57208	15.01774
0.05	-2.25	0.91059	2.3332	4.64964	7.71352	11.06593	14.06423
0.05	-2.2	0.9611	2.38894	4.63817	7.51443	10.54404	13.12037
0.05	-2.15	1.01183	2.43905	4.61222	7.29542	10.00951	12.19087
0.05	-2.1	1.06239	2.48284	4.57148	7.05765	9.46557	11.28023
0.05	-2.05	1.11235	2.51962	4.51576	6.80248	8.91552	10.39271
0.05	-2.	1.16123	2.54872	4.44503	6.53149	8.36273	9.53227
0.05	-1.95	1.20849	2.56955	4.35941	6.24639	7.81057	8.70252
0.05	-1.9	1.25366	2.58154	4.25917	5.94912	7.26236	7.90669
0.05	-1.85	1.29626	2.58416	4.14477	5.64171	6.72136	7.14759
0.05	-1.8	1.33566	2.57699	4.01681	5.32636	6.19072	6.4276
0.05	-1.75	1.37127	2.55967	3.87609	5.00532	5.67337	5.74861
0.05	-1.7	1.40249	2.53195	3.72357	4.68096	5.17212	5.11208
0.05	-1.65	1.42868	2.49372	3.56038	4.35563	4.68946	4.51894
0.05	-1.6	1.44935	2.44499	3.38779	4.0317	4.22766	3.96969
0.05	-1.55	1.46399	2.38588	3.20724	3.71149	3.78866	3.46433
0.05	-1.5	1.472	2.31667	3.02026	3.39726	3.37408	3.00245
0.05	-1.45	1.47289	2.2378	2.82851	3.09113	2.98522	2.58321
0.05	-1.4	1.46622	2.14991	2.6337	2.79507	2.62298	2.20539
0.05	-1.35	1.45159	2.05378	2.43762	2.51088	2.28797	1.86746
0.05	-1.3	1.42889	1.95038	2.242	2.24012	1.98041	1.56754
0.05	-1.25	1.39827	1.8408	2.04859	1.98414	1.70021	1.30356
0.05	-1.2	1.35984	1.72621	1.85903	1.744	1.44695	1.07322
0.05	-1.15	1.31378	1.60791	1.67491	1.52054	1.21995	0.87408
0.05	-1.1	1.26051	1.48726	1.49763	1.31429	1.01824	0.7036
0.05	-1.05	1.20063	1.36569	1.32846	1.12553	0.84065	0.5592
0.05	-1.	1.13502	1.24463	1.16847	0.95428	0.68583	0.43827
0.05	-0.95	1.06486	1.12541	1.01849	0.80035	0.55228	0.33826
0.05	-0.9	0.99126	1.00927	0.87917	0.6633	0.43837	0.25667
0.05	-0.85	0.91541	0.89728	0.75092	0.54253	0.34243	0.19111
0.05	-0.8	0.8384	0.79039	0.63397	0.43729	0.26273	0.1393
0.05	-0.75	0.76136	0.68939	0.52837	0.34668	0.19753	0.09914
0.05	-0.7	0.68557	0.59487	0.43399	0.26972	0.14512	0.06865
0.05	-0.65	0.61209	0.50718	0.35055	0.20535	0.10383	0.04608
0.05	-0.6	0.5416	0.42652	0.2777	0.15245	0.07203	0.02983
0.05	-0.55	0.47452	0.35295	0.21499	0.10986	0.0482	0.01851
0.05	-0.5	0.41108	0.28648	0.16192	0.07642	0.0309	0.01093
0.05	-0.45	0.35133	0.22707	0.11793	0.05094	0.01882	0.00608
0.05	-0.4	0.29518	0.17469	0.08239	0.03221	0.01076	0.00314
0.05	-0.35	0.24243	0.12932	0.05461	0.01907	0.00569	0.00148
0.05	-0.3	0.19299	0.09101	0.03381	0.01038	0.00272	0.00062
0.05	-0.25	0.14694	0.05979	0.01912	0.00504	0.00113	0.00022
0.05	-0.2	0.10475	0.03567	0.00952	0.00209	0.00039	0.00006
0.05	-0.15	0.06762	0.01844	0.00393	0.00069	0.0001	0.00001
0.05	-0.1	0.03723	0.00754	0.00117	0.00015	0.00002	0.00000
0.05	-0.05	0.01531	0.00186	0.00017	0.00001	0.00000	0.00000
0.05	0.00	0.00066	0.00001	0.00000	0.00000	0.00000	0.00000
0.03	-8.9	0.00000	0.00003	0.00036	0.00328	0.02338	0.13797
0.03	-8.85	0.00000	0.00003	0.0004	0.00359	0.02539	0.14886
0.03	-8.8	0.00000	0.00003	0.00044	0.00392	0.02757	0.16056
0.03	-8.75	0.00000	0.00004	0.00048	0.00429	0.02994	0.17313
0.03	-8.7	0.00000	0.00004	0.00053	0.00469	0.0325	0.18663
0.03	-8.65	0.00000	0.00005	0.00058	0.00512	0.03526	0.20113
0.03	-8.6	0.00000	0.00005	0.00064	0.0056	0.03826	0.2167
0.03	-8.55	0.00000	0.00006	0.00071	0.00612	0.0415	0.2334
0.03	-8.5	0.00000	0.00006	0.00078	0.00668	0.045	0.25133
0.03	-8.45	0.00000	0.00007	0.00086	0.0073	0.04878	0.27054
0.03	-8.4	0.00000	0.00008	0.00094	0.00797	0.05287	0.29115
0.03	-8.35	0.00000	0.00009	0.00104	0.0087	0.05729	0.31322
0.03	-8.3	0.00000	0.0001	0.00114	0.0095	0.06206	0.33687
0.03	-8.25	0.00000	0.00011	0.00126	0.01036	0.06721	0.3622
0.03	-8.2	0.00000	0.00012	0.00138	0.01131	0.07276	0.3893
0.03	-8.15	0.00000	0.00013	0.00152	0.01233	0.07876	0.41831
0.03	-8.1	0.00000	0.00015	0.00167	0.01345	0.08522	0.44933
0.03	-8.05	0.00000	0.00016	0.00184	0.01466	0.09219	0.48249
0.03	-8.	0.00000	0.00018	0.00202	0.01598	0.0997	0.51794
0.03	-7.95	0.00001	0.0002	0.00222	0.01741	0.10779	0.5558
0.03	-7.9	0.00001	0.00022	0.00244	0.01897	0.11651	0.59623
0.03	-7.85	0.00001	0.00025	0.00268	0.02066	0.12589	0.63939
0.03	-7.8	0.00001	0.00028	0.00294	0.02249	0.13599	0.68543
0.03	-7.75	0.00002	0.00031	0.00323	0.02448	0.14685	0.73453
0.03	-7.7	0.00002	0.00034	0.00355	0.02664	0.15852	0.78687
0.03	-7.65	0.00002	0.00038	0.00389	0.02899	0.17108	0.84263
0.03	-7.6	0.00002	0.00042	0.00427	0.03153	0.18457	0.90202
0.03	-7.55	0.00003	0.00046	0.00468	0.03428	0.19906	0.96524
0.03	-7.5	0.00003	0.00051	0.00514	0.03727	0.21461	1.0325
0.03	-7.45	0.00003	0.00057	0.00563	0.0405	0.23131	1.10402
0.03	-7.4	0.00004	0.00063	0.00618	0.044	0.24922	1.18005
0.03	-7.35	0.00004	0.00069	0.00677	0.04779	0.26842	1.26082
0.03	-7.3	0.00005	0.00077	0.00742	0.0519	0.289	1.34659
0.03	-7.25	0.00005	0.00085	0.00812	0.05633	0.31106	1.43761
0.03	-7.2	0.00006	0.00094	0.0089	0.06113	0.33467	1.53415
0.03	-7.15	0.00006	0.00104	0.00974	0.06632	0.35995	1.63651
0.03	-7.1	0.00007	0.00115	0.01066	0.07192	0.387	1.74495
0.03	-7.05	0.00008	0.00127	0.01167	0.07797	0.41593	1.85979
0.03	-7.	0.00009	0.00141	0.01277	0.0845	0.44684	1.98134
0.03	-6.95	0.0001	0.00156	0.01396	0.09155	0.47987	2.10989
0.03	-6.9	0.00011	0.00172	0.01527	0.09916	0.51515	2.24579
0.03	-6.85	0.00013	0.0019	0.01669	0.10736	0.55279	2.38936
0.03	-6.8	0.00014	0.0021	0.01824	0.11619	0.59295	2.54093
0.03	-6.75	0.00016	0.00232	0.01992	0.12572	0.63577	2.70086
0.03	-6.7	0.00018	0.00256	0.02176	0.13597	0.68139	2.8695
0.03	-6.65	0.0002	0.00283	0.02376	0.14701	0.72998	3.04719
0.03	-6.6	0.00022	0.00312	0.02593	0.15888	0.78171	3.23431
0.03	-6.55	0.00025	0.00344	0.0283	0.17165	0.83673	3.43121
0.03	-6.5	0.00028	0.0038	0.03087	0.18538	0.89523	3.63825
0.03	-6.45	0.00031	0.00419	0.03366	0.20013	0.95739	3.85581
0.03	-6.4	0.00035	0.00462	0.03669	0.21596	1.0234	4.08425
0.03	-6.35	0.00039	0.00509	0.03998	0.23296	1.09346	4.32392
0.03	-6.3	0.00044	0.00561	0.04356	0.25119	1.16776	4.57519
0.03	-6.25	0.00049	0.00619	0.04743	0.27073	1.2465	4.83841
0.03	-6.2	0.00055	0.00681	0.05163	0.29168	1.32992	5.11391
0.03	-6.15	0.00062	0.0075	0.05619	0.31411	1.41821	5.40204
0.03	-6.1	0.00069	0.00826	0.06112	0.33812	1.51159	5.7031
0.03	-6.05	0.00077	0.00909	0.06647	0.36381	1.6103	6.01741
0.03	-6.	0.00086	0.01	0.07225	0.39127	1.71456	6.34525
0.03	-5.95	0.00096	0.011	0.0785	0.42061	1.8246	6.68688
0.03	-5.9	0.00108	0.01209	0.08527	0.45194	1.94066	7.04254
0.03	-5.85	0.0012	0.01329	0.09257	0.48538	2.06295	7.41244
0.03	-5.8	0.00134	0.0146	0.10047	0.52104	2.19173	7.79676
0.03	-5.75	0.0015	0.01604	0.10899	0.55905	2.32721	8.19565
0.03	-5.7	0.00167	0.01761	0.11819	0.59954	2.46963	8.60921
0.03	-5.65	0.00187	0.01932	0.1281	0.64263	2.61921	9.03751
0.03	-5.6	0.00208	0.0212	0.13879	0.68846	2.77618	9.48057
0.03	-5.55	0.00232	0.02325	0.15031	0.73717	2.94074	9.93833
0.03	-5.5	0.00259	0.02549	0.1627	0.7889	3.1131	10.41073
0.03	-5.45	0.00289	0.02793	0.17604	0.8438	3.29345	10.8976
0.03	-5.4	0.00322	0.03059	0.19038	0.90203	3.48198	11.39873
0.03	-5.35	0.00359	0.0335	0.20579	0.96372	3.67885	11.91384
0.03	-5.3	0.004	0.03666	0.22234	1.02903	3.88421	12.44256
0.03	-5.25	0.00445	0.04011	0.24011	1.09813	4.09819	12.98447
0.03	-5.2	0.00494	0.04386	0.25916	1.17115	4.3209	13.53903
0.03	-5.15	0.00549	0.04793	0.27959	1.24827	4.55242	14.10565
0.03	-5.1	0.0061	0.05237	0.30146	1.32962	4.79281	14.68361
0.03	-5.05	0.00677	0.05719	0.32488	1.41536	5.04209	15.27214
0.03	-5.	0.00751	0.06243	0.34993	1.50565	5.30026	15.87034
0.03	-4.95	0.00833	0.06812	0.3767	1.60062	5.56726	16.4772
0.03	-4.9	0.00923	0.07429	0.40528	1.70041	5.84302	17.09163
0.03	-4.85	0.01022	0.08098	0.43579	1.80516	6.12739	17.71241
0.03	-4.8	0.01132	0.08824	0.46831	1.91499	6.42021	18.33822
0.03	-4.75	0.01254	0.0961	0.50296	2.03001	6.72124	18.96763
0.03	-4.7	0.01388	0.1046	0.53984	2.15031	7.0302	19.59909
0.03	-4.65	0.01535	0.11381	0.57905	2.276	7.34675	20.23094
0.03	-4.6	0.01698	0.12375	0.62072	2.40713	7.67049	20.8614
0.03	-4.55	0.01876	0.13449	0.66494	2.54377	8.00095	21.4886
0.03	-4.5	0.02073	0.14609	0.71182	2.68593	8.3376	22.11053
0.03	-4.45	0.02288	0.1586	0.76149	2.83364	8.67984	22.7251
0.03	-4.4	0.02525	0.17209	0.81404	2.98687	9.02698	23.33012
0.03	-4.35	0.02784	0.18661	0.86958	3.14558	9.37828	23.9233
0.03	-4.3	0.03067	0.20225	0.92822	3.30969	9.7329	24.50225
0.03	-4.25	0.03377	0.21907	0.99004	3.47909	10.08994	25.06452
0.03	-4.2	0.03718	0.23715	1.05515	3.65363	10.4484	25.60759
0.03	-4.15	0.04091	0.25656	1.12361	3.83312	10.80723	26.12888
0.03	-4.1	0.04499	0.27739	1.19552	4.01734	11.16526	26.62577
0.03	-4.05	0.04947	0.29972	1.27093	4.20602	11.52128	27.0956
0.03	-4.	0.05438	0.32363	1.34989	4.39882	11.87398	27.53571
0.03	-3.95	0.05976	0.3492	1.43244	4.59538	12.22197	27.94344
0.03	-3.9	0.06563	0.37651	1.51859	4.79528	12.56382	28.31613
0.03	-3.85	0.07205	0.40566	1.60836	4.99803	12.89799	28.65119
0.03	-3.8	0.07906	0.43673	1.70173	5.20309	13.22291	28.94609
0.03	-3.75	0.0867	0.46981	1.79864	5.40988	13.53694	29.19835
0.03	-3.7	0.09503	0.50496	1.89904	5.61773	13.83842	29.40565
0.03	-3.65	0.10409	0.54229	2.00282	5.82594	14.1256	29.56575
0.03	-3.6	0.11396	0.58186	2.10987	6.03372	14.39676	29.6766
0.03	-3.55	0.12469	0.62375	2.22002	6.24024	14.65012	29.73631
0.03	-3.5	0.13637	0.66801	2.33307	6.4446	14.88392	29.7432
0.03	-3.45	0.14905	0.7147	2.44879	6.64587	15.09641	29.69581
0.03	-3.4	0.16279	0.76386	2.5669	6.84302	15.28584	29.59294
0.03	-3.35	0.17768	0.81552	2.68709	7.035	15.45054	29.43366
0.03	-3.3	0.19378	0.8697	2.80899	7.22072	15.58887	29.21734
0.03	-3.25	0.21117	0.92641	2.93219	7.39903	15.69927	28.94367
0.03	-3.2	0.22993	0.98562	3.05624	7.56876	15.78028	28.61265
0.03	-3.15	0.25016	1.04729	3.18062	7.7287	15.83055	28.22466
0.03	-3.1	0.27193	1.11136	3.30479	7.87764	15.84886	27.78041
0.03	-3.05	0.29532	1.17772	3.42813	8.01436	15.83414	27.28103
0.03	-3.	0.32037	1.24627	3.54999	8.13763	15.7855	26.72796
0.03	-2.95	0.34715	1.31684	3.66967	8.24626	15.70223	26.12308
0.03	-2.9	0.37571	1.38926	3.78643	8.33906	15.58382	25.46863
0.03	-2.85	0.40618	1.46331	3.89948	8.41491	15.43	24.7672
0.03	-2.8	0.43863	1.53869	4.00801	8.47274	15.24072	24.02179
0.03	-2.75	0.47301	1.61511	4.11115	8.51156	15.01618	23.23568
0.03	-2.7	0.50934	1.69219	4.20804	8.53046	14.75686	22.41255
0.03	-2.65	0.54759	1.76956	4.29779	8.52863	14.46348	21.55632
0.03	-2.6	0.58771	1.84678	4.37952	8.5054	14.13705	20.67123
0.03	-2.55	0.6297	1.92336	4.45232	8.46023	13.77886	19.76172
0.03	-2.5	0.6735	1.99879	4.51532	8.39271	13.39045	18.83244
0.03	-2.45	0.71895	2.07249	4.56767	8.30263	12.97366	17.88823
0.03	-2.4	0.76586	2.14387	4.60856	8.18993	12.53057	16.93398
0.03	-2.35	0.81406	2.2123	4.63722	8.05475	12.06352	15.9747
0.03	-2.3	0.86333	2.27712	4.65297	7.89743	11.57505	15.01537
0.03	-2.25	0.91339	2.33767	4.65517	7.71849	11.06794	14.06094
0.03	-2.2	0.96397	2.39327	4.64329	7.5187	10.54515	13.11629
0.03	-2.15	1.01472	2.4432	4.61693	7.299	10.00979	12.18611
0.03	-2.1	1.06523	2.48679	4.57576	7.06056	9.46507	11.27491
0.03	-2.05	1.11511	2.52336	4.51961	6.80474	8.91432	10.38693
0.03	-2.	1.16391	2.55226	4.44846	6.53312	8.3609	9.52616
0.03	-1.95	1.2111	2.57286	4.36241	6.24743	7.80817	8.69617
0.03	-1.9	1.25617	2.58462	4.26176	5.94959	7.25948	7.90021
0.03	-1.85	1.29864	2.58702	4.14693	5.64165	6.71807	7.14107
0.03	-1.8	1.33793	2.57962	4.01856	5.32581	6.18709	6.42113
0.03	-1.75	1.37343	2.56208	3.87743	5.00432	5.66949	5.74228
0.03	-1.7	1.40458	2.53414	3.72451	4.67955	5.16805	5.10595
0.03	-1.65	1.43077	2.49566	3.56092	4.35386	4.68527	4.51307
0.03	-1.6	1.45138	2.44666	3.38796	4.02962	4.22343	3.96414
0.03	-1.55	1.46588	2.38726	3.20705	3.70916	3.78446	3.45914
0.03	-1.5	1.47373	2.31777	3.01974	3.39472	3.36996	2.99764
0.03	-1.45	1.47443	2.23864	2.82768	3.08844	2.98123	2.57882
0.03	-1.4	1.46761	2.15049	2.6326	2.79229	2.61919	2.20142
0.03	-1.35	1.4529	2.0541	2.43626	2.50806	2.2844	1.86391
0.03	-1.3	1.43012	1.95043	2.24043	2.23731	1.9771	1.56441
0.03	-1.25	1.39939	1.84056	2.04684	1.98139	1.69718	1.30083
0.03	-1.2	1.36077	1.72569	1.85717	1.74136	1.44421	1.07087
0.03	-1.15	1.31448	1.60711	1.67297	1.51805	1.2175	0.87209
0.03	-1.1	1.26088	1.48623	1.49568	1.31197	1.01609	0.70194
0.03	-1.05	1.20057	1.36449	1.32655	1.1234	0.83878	0.55782
0.03	-1.	1.13462	1.24334	1.16663	0.95236	0.68424	0.43716
0.03	-0.95	1.06431	1.12409	1.01674	0.79863	0.55093	0.33738
0.03	-0.9	0.99059	1.00793	0.87753	0.66179	0.43726	0.25599
0.03	-0.85	0.9146	0.89596	0.74941	0.54123	0.34153	0.19059
0.03	-0.8	0.83753	0.78912	0.6326	0.43619	0.26201	0.13892
0.03	-0.75	0.76053	0.68817	0.52714	0.34577	0.19698	0.09886
0.03	-0.7	0.68476	0.5937	0.4329	0.26898	0.14472	0.06847
0.03	-0.65	0.61129	0.50607	0.34962	0.20477	0.10353	0.04596
0.03	-0.6	0.54074	0.42547	0.27692	0.15201	0.07183	0.02975
0.03	-0.55	0.4736	0.35199	0.21436	0.10955	0.04807	0.01847
0.03	-0.5	0.41013	0.28564	0.16144	0.07621	0.03082	0.0109
0.03	-0.45	0.35035	0.22636	0.11758	0.0508	0.01877	0.00606
0.03	-0.4	0.29421	0.17413	0.08215	0.03213	0.01073	0.00313
0.03	-0.35	0.24157	0.12892	0.05446	0.01903	0.00567	0.00148
0.03	-0.3	0.19231	0.09075	0.03373	0.01035	0.00271	0.00062
0.03	-0.25	0.14646	0.05964	0.01908	0.00503	0.00113	0.00022
0.03	-0.2	0.10447	0.0356	0.00951	0.00209	0.00039	0.00006
0.03	-0.15	0.0675	0.01841	0.00392	0.00069	0.0001	0.00001
0.03	-0.1	0.03719	0.00752	0.00117	0.00015	0.00002	0.00000
0.03	-0.05	0.01528	0.00186	0.00017	0.00001	0.00000	0.00000
0.03	0.00	0.00066	0.00001	0.00000	0.00000	0.00000	0.00000
0.01	-8.9	0.00000	0.00006	0.00063	0.00492	0.03135	0.17109
0.01	-8.85	0.00000	0.00007	0.0007	0.00536	0.03392	0.184
0.01	-8.8	0.00000	0.00007	0.00076	0.00584	0.0367	0.19783
0.01	-8.75	0.00000	0.00008	0.00084	0.00636	0.03969	0.21264
0.01	-8.7	0.00000	0.00009	0.00092	0.00692	0.04291	0.2285
0.01	-8.65	0.00000	0.0001	0.00101	0.00753	0.04638	0.24548
0.01	-8.6	0.00000	0.00011	0.0011	0.00819	0.05013	0.26365
0.01	-8.55	0.00000	0.00012	0.00121	0.0089	0.05416	0.28309
0.01	-8.5	0.00000	0.00014	0.00133	0.00968	0.0585	0.30388
0.01	-8.45	0.00000	0.00015	0.00145	0.01052	0.06317	0.3261
0.01	-8.4	0.00001	0.00017	0.00159	0.01144	0.06819	0.34985
0.01	-8.35	0.00001	0.00019	0.00174	0.01243	0.0736	0.37522
0.01	-8.3	0.00001	0.00021	0.0019	0.0135	0.07942	0.40232
0.01	-8.25	0.00001	0.00023	0.00208	0.01466	0.08567	0.43125
0.01	-8.2	0.00002	0.00025	0.00228	0.01591	0.0924	0.46213
0.01	-8.15	0.00002	0.00028	0.00249	0.01727	0.09962	0.49507
0.01	-8.1	0.00002	0.00031	0.00273	0.01874	0.10738	0.5302
0.01	-8.05	0.00002	0.00034	0.00298	0.02033	0.11571	0.56765
0.01	-8.	0.00003	0.00037	0.00326	0.02205	0.12465	0.60756
0.01	-7.95	0.00003	0.00041	0.00356	0.02391	0.13425	0.65007
0.01	-7.9	0.00003	0.00046	0.00389	0.02592	0.14455	0.69534
0.01	-7.85	0.00004	0.0005	0.00425	0.02809	0.15559	0.74353
0.01	-7.8	0.00004	0.00055	0.00464	0.03044	0.16743	0.7948
0.01	-7.75	0.00005	0.00061	0.00506	0.03297	0.18012	0.84933
0.01	-7.7	0.00005	0.00067	0.00552	0.0357	0.19372	0.9073
0.01	-7.65	0.00006	0.00074	0.00602	0.03865	0.20828	0.96891
0.01	-7.6	0.00007	0.00082	0.00657	0.04183	0.22387	1.03435
0.01	-7.55	0.00007	0.0009	0.00716	0.04526	0.24055	1.10383
0.01	-7.5	0.00008	0.00099	0.0078	0.04896	0.2584	1.17757
0.01	-7.45	0.00009	0.00109	0.0085	0.05294	0.27749	1.25579
0.01	-7.4	0.0001	0.0012	0.00926	0.05723	0.29789	1.33874
0.01	-7.35	0.00012	0.00132	0.01008	0.06186	0.3197	1.42664
0.01	-7.3	0.00013	0.00145	0.01098	0.06683	0.343	1.51976
0.01	-7.25	0.00015	0.00159	0.01194	0.07219	0.36788	1.61836
0.01	-7.2	0.00016	0.00175	0.013	0.07796	0.39443	1.7227
0.01	-7.15	0.00018	0.00192	0.01413	0.08416	0.42276	1.83306
0.01	-7.1	0.0002	0.0021	0.01537	0.09083	0.45298	1.94973
0.01	-7.05	0.00023	0.00231	0.01671	0.09799	0.48519	2.07301
0.01	-7.	0.00025	0.00253	0.01815	0.1057	0.51952	2.2032
0.01	-6.95	0.00028	0.00278	0.01972	0.11397	0.55609	2.34061
0.01	-6.9	0.00031	0.00304	0.02142	0.12285	0.59502	2.48556
0.01	-6.85	0.00035	0.00333	0.02325	0.13239	0.63645	2.63838
0.01	-6.8	0.00039	0.00365	0.02524	0.14263	0.68052	2.79938
0.01	-6.75	0.00043	0.004	0.02739	0.15361	0.72738	2.96892
0.01	-6.7	0.00048	0.00437	0.02971	0.16538	0.77718	3.14733
0.01	-6.65	0.00053	0.00478	0.03222	0.178	0.83007	3.33495
0.01	-6.6	0.00059	0.00523	0.03492	0.19153	0.88622	3.53214
0.01	-6.55	0.00066	0.00572	0.03785	0.20601	0.9458	3.73923
0.01	-6.5	0.00073	0.00625	0.04101	0.22152	1.00898	3.95659
0.01	-6.45	0.00081	0.00682	0.04442	0.23812	1.07595	4.18456
0.01	-6.4	0.0009	0.00744	0.0481	0.25588	1.1469	4.42347
0.01	-6.35	0.00099	0.00812	0.05207	0.27488	1.22201	4.67368
0.01	-6.3	0.0011	0.00886	0.05635	0.29518	1.30148	4.93552
0.01	-6.25	0.00121	0.00966	0.06096	0.31688	1.38552	5.20931
0.01	-6.2	0.00134	0.01053	0.06594	0.34005	1.47432	5.49537
0.01	-6.15	0.00148	0.01147	0.0713	0.36478	1.56811	5.79401
0.01	-6.1	0.00163	0.01249	0.07708	0.39118	1.6671	6.1055
0.01	-6.05	0.00179	0.0136	0.0833	0.41933	1.7715	6.43013
0.01	-6.	0.00197	0.0148	0.09	0.44933	1.88153	6.76814
0.01	-5.95	0.00216	0.0161	0.09721	0.4813	1.9974	7.11976
0.01	-5.9	0.00238	0.01751	0.10497	0.51534	2.11935	7.48519
0.01	-5.85	0.00261	0.01904	0.11332	0.55156	2.2476	7.8646
0.01	-5.8	0.00286	0.02069	0.1223	0.59009	2.38235	8.25813
0.01	-5.75	0.00313	0.02249	0.13195	0.63105	2.52382	8.66588
0.01	-5.7	0.00342	0.02444	0.14232	0.67456	2.67224	9.08791
0.01	-5.65	0.00373	0.02655	0.15347	0.72075	2.8278	9.52425
0.01	-5.6	0.00407	0.02883	0.16543	0.76975	2.9907	9.97485
0.01	-5.55	0.00444	0.03131	0.17828	0.82169	3.16113	10.43964
0.01	-5.5	0.00484	0.034	0.19206	0.87673	3.33928	10.91849
0.01	-5.45	0.00528	0.03691	0.20684	0.93499	3.52531	11.41118
0.01	-5.4	0.00575	0.04007	0.22268	0.99662	3.71938	11.91747
0.01	-5.35	0.00626	0.04349	0.23965	1.06175	3.92163	12.43701
0.01	-5.3	0.00681	0.04721	0.25782	1.13055	4.13218	12.96942
0.01	-5.25	0.00741	0.05123	0.27727	1.20314	4.35112	13.5142
0.01	-5.2	0.00807	0.05559	0.29806	1.27967	4.57854	14.07081
0.01	-5.15	0.00878	0.06032	0.32028	1.36028	4.81449	14.63859
0.01	-5.1	0.00957	0.06544	0.34401	1.44511	5.05899	15.21681
0.01	-5.05	0.01042	0.07099	0.36934	1.5343	5.31203	15.80465
0.01	-5.	0.01136	0.07699	0.39634	1.62798	5.57357	16.4012
0.01	-4.95	0.01239	0.08349	0.42511	1.72627	5.84354	17.00542
0.01	-4.9	0.01352	0.09051	0.45574	1.82929	6.12181	17.61621
0.01	-4.85	0.01476	0.09811	0.48833	1.93715	6.40824	18.23234
0.01	-4.8	0.01613	0.10631	0.52296	2.04996	6.7026	18.85248
0.01	-4.75	0.01763	0.11516	0.55973	2.1678	7.00465	19.47521
0.01	-4.7	0.01927	0.12472	0.59875	2.29076	7.31408	20.09898
0.01	-4.65	0.02108	0.13501	0.6401	2.4189	7.63053	20.72214
0.01	-4.6	0.02307	0.1461	0.68388	2.55225	7.95357	21.34295
0.01	-4.55	0.02525	0.15803	0.73019	2.69087	8.28274	21.95955
0.01	-4.5	0.02765	0.17086	0.77913	2.83474	8.61748	22.56998
0.01	-4.45	0.03028	0.18464	0.8308	2.98387	8.95718	23.17218
0.01	-4.4	0.03316	0.19943	0.88527	3.13821	9.30116	23.76401
0.01	-4.35	0.03632	0.21529	0.94265	3.2977	9.64868	24.34323
0.01	-4.3	0.03976	0.23228	1.00301	3.46224	9.9989	24.90751
0.01	-4.25	0.04352	0.25046	1.06645	3.63172	10.35094	25.45448
0.01	-4.2	0.04763	0.2699	1.13302	3.80597	10.70381	25.98166
0.01	-4.15	0.05209	0.29067	1.20281	3.9848	11.05647	26.48656
0.01	-4.1	0.05696	0.31284	1.27586	4.16796	11.4078	26.96663
0.01	-4.05	0.06224	0.33647	1.35223	4.35519	11.75659	27.41929
0.01	-4.	0.06798	0.36163	1.43195	4.54615	12.10158	27.84197
0.01	-3.95	0.0742	0.38841	1.51505	4.74048	12.44142	28.23207
0.01	-3.9	0.08094	0.41688	1.60154	4.93777	12.7747	28.58704
0.01	-3.85	0.08826	0.4471	1.69141	5.13753	13.09994	28.90435
0.01	-3.8	0.09617	0.47915	1.78462	5.33924	13.41562	29.18156
0.01	-3.75	0.10471	0.5131	1.88115	5.54233	13.72015	29.41628
0.01	-3.7	0.11394	0.54902	1.9809	5.74616	14.0119	29.60625
0.01	-3.65	0.12389	0.58698	2.08379	5.95003	14.28919	29.74932
0.01	-3.6	0.13462	0.62705	2.18969	6.1532	14.55034	29.84349
0.01	-3.55	0.14619	0.66929	2.29844	6.35485	14.79364	29.88695
0.01	-3.5	0.15864	0.71375	2.40986	6.55413	15.01737	29.87809
0.01	-3.45	0.17202	0.76047	2.52372	6.7501	15.21983	29.81549
0.01	-3.4	0.18638	0.80951	2.63975	6.9418	15.39932	29.698
0.01	-3.35	0.20181	0.86089	2.75765	7.1282	15.55422	29.52476
0.01	-3.3	0.21839	0.91463	2.87707	7.30824	15.68294	29.29515
0.01	-3.25	0.23618	0.97073	2.99761	7.4808	15.78396	29.0089
0.01	-3.2	0.25525	1.02918	3.11884	7.64475	15.85585	28.66605
0.01	-3.15	0.27566	1.08993	3.24027	7.79892	15.89731	28.26698
0.01	-3.1	0.2975	1.15293	3.36136	7.94212	15.90715	27.81244
0.01	-3.05	0.32084	1.2181	3.48152	8.07316	15.88434	27.30353
0.01	-3.	0.34576	1.28532	3.60013	8.19085	15.828	26.74173
0.01	-2.95	0.37234	1.35444	3.7165	8.29402	15.73744	26.1289
0.01	-2.9	0.40063	1.4253	3.82991	8.38152	15.61219	25.46726
0.01	-2.85	0.43071	1.49766	3.93961	8.45224	15.45196	24.75941
0.01	-2.8	0.46261	1.57128	4.04478	8.50515	15.25674	24.0083
0.01	-2.75	0.49632	1.64585	4.14461	8.53925	15.02671	23.21722
0.01	-2.7	0.53189	1.72104	4.23825	8.55366	14.76237	22.38981
0.01	-2.65	0.56932	1.79648	4.32481	8.5476	14.46442	21.52995
0.01	-2.6	0.60859	1.87174	4.40344	8.52039	14.13389	20.64187
0.01	-2.55	0.64962	1.94635	4.47324	8.4715	13.77204	19.72996
0.01	-2.5	0.69235	2.01981	4.53337	8.40054	13.38041	18.79883
0.01	-2.45	0.73667	2.09157	4.58298	8.30728	12.96083	17.8533
0.01	-2.4	0.78244	2.16105	4.62125	8.19168	12.51535	16.8982
0.01	-2.35	0.82949	2.22763	4.64745	8.05387	12.0463	15.93851
0.01	-2.3	0.87762	2.29066	4.66087	7.89418	11.55621	14.97917
0.01	-2.25	0.92658	2.34948	4.6609	7.71315	11.04783	14.0251
0.01	-2.2	0.97603	2.40339	4.64702	7.51151	10.52411	13.08111
0.01	-2.15	1.02563	2.45173	4.6188	7.29022	9.98811	12.15188
0.01	-2.1	1.07505	2.4938	4.57593	7.05044	9.44306	11.24186
0.01	-2.05	1.12388	2.52892	4.51824	6.79352	8.89222	10.35528
0.01	-2.	1.17165	2.55646	4.4457	6.52102	8.33896	9.49605
0.01	-1.95	1.21786	2.57579	4.35843	6.23466	7.7866	8.66773
0.01	-1.9	1.262	2.58634	4.2567	5.93636	7.23847	7.87354
0.01	-1.85	1.30356	2.58762	4.14096	5.62815	6.69778	7.11623
0.01	-1.8	1.34194	2.57919	4.01182	5.31221	6.16765	6.39815
0.01	-1.75	1.37656	2.5607	3.87008	4.99079	5.65101	5.72116
0.01	-1.7	1.40683	2.53192	3.7167	4.66622	5.15062	5.08667
0.01	-1.65	1.43212	2.49272	3.55278	4.34086	4.66896	4.4956
0.01	-1.6	1.45193	2.44311	3.37961	4.01706	4.20828	3.94841
0.01	-1.55	1.46578	2.38323	3.19861	3.69712	3.77048	3.44509
0.01	-1.5	1.4731	2.31333	3.0113	3.38329	3.35717	2.98518
0.01	-1.45	1.47334	2.23386	2.81934	3.07768	2.96962	2.56785
0.01	-1.4	1.46606	2.14544	2.62445	2.78224	2.60871	2.19184
0.01	-1.35	1.45092	2.04886	2.42838	2.49876	2.27504	1.85561
0.01	-1.3	1.4278	1.94508	2.23288	2.22877	1.96879	1.55728
0.01	-1.25	1.3967	1.83517	2.0397	1.97362	1.68987	1.29477
0.01	-1.2	1.35769	1.72034	1.85047	1.73435	1.43784	1.06575
0.01	-1.15	1.31107	1.6019	1.66676	1.51177	1.21199	0.86782
0.01	-1.1	1.25731	1.48124	1.48996	1.3064	1.01137	0.69841
0.01	-1.05	1.19704	1.35977	1.32133	1.1185	0.83478	0.55495
0.01	-1.	1.1312	1.2389	1.1619	0.94809	0.68088	0.43484
0.01	-0.95	1.06098	1.11993	1.0125	0.79495	0.54815	0.33554
0.01	-0.9	0.98734	1.00407	0.87376	0.65865	0.43499	0.25455
0.01	-0.85	0.91146	0.89242	0.74609	0.53858	0.3397	0.18948
0.01	-0.8	0.83455	0.7859	0.62971	0.43398	0.26056	0.13808
0.01	-0.75	0.75772	0.68527	0.52466	0.34395	0.19585	0.09824
0.01	-0.7	0.68211	0.59112	0.43079	0.26752	0.14385	0.06802
0.01	-0.65	0.60885	0.5038	0.34784	0.20361	0.10289	0.04565
0.01	-0.6	0.53855	0.4235	0.27545	0.15111	0.07136	0.02954
0.01	-0.55	0.47166	0.35029	0.21317	0.10886	0.04774	0.01833
0.01	-0.5	0.40837	0.28418	0.16049	0.07571	0.0306	0.01082
0.01	-0.45	0.34874	0.22514	0.11685	0.05045	0.01863	0.00601
0.01	-0.4	0.29281	0.17314	0.08161	0.03189	0.01065	0.00311
0.01	-0.35	0.24038	0.12813	0.05407	0.01888	0.00562	0.00146
0.01	-0.3	0.19128	0.09014	0.03347	0.01026	0.00269	0.00061
0.01	-0.25	0.14557	0.0592	0.01892	0.00499	0.00112	0.00022
0.01	-0.2	0.10374	0.0353	0.00942	0.00207	0.00039	0.00006
0.01	-0.15	0.06696	0.01824	0.00388	0.00068	0.0001	0.00001
0.01	-0.1	0.03683	0.00744	0.00116	0.00015	0.00002	0.00000
0.01	-0.05	0.01509	0.00184	0.00017	0.00001	0.00000	0.00000
0.01	0.00	0.00065	0.00001	0.00000	0.00000	0.00000	0.00000
