EpsF	Log[10,x]	n=1	n=2	n=3	n=4	n=5	n=6
0.5	-8.9	0.00000	0.00024	0.00373	0.03903	0.30769	1.94951
0.5	-8.85	0.00000	0.00027	0.00412	0.04283	0.33525	2.10894
0.5	-8.8	0.00000	0.0003	0.00456	0.047	0.3652	2.28079
0.5	-8.75	0.00001	0.00033	0.00504	0.05157	0.39774	2.46599
0.5	-8.7	0.00001	0.00037	0.00557	0.05657	0.43308	2.6655
0.5	-8.65	0.00001	0.00041	0.00615	0.06204	0.47146	2.88036
0.5	-8.6	0.00002	0.00046	0.0068	0.06803	0.51313	3.11166
0.5	-8.55	0.00002	0.00051	0.00751	0.07459	0.55834	3.36058
0.5	-8.5	0.00002	0.00056	0.0083	0.08176	0.6074	3.62837
0.5	-8.45	0.00002	0.00063	0.00916	0.08961	0.66061	3.91635
0.5	-8.4	0.00002	0.0007	0.01012	0.09819	0.71831	4.22593
0.5	-8.35	0.00003	0.00078	0.01118	0.10758	0.78086	4.5586
0.5	-8.3	0.00003	0.00087	0.01234	0.11784	0.84864	4.91596
0.5	-8.25	0.00003	0.00096	0.01362	0.12905	0.92208	5.29968
0.5	-8.2	0.00004	0.00107	0.01504	0.14131	1.00161	5.71155
0.5	-8.15	0.00004	0.00119	0.01659	0.15469	1.08772	6.15345
0.5	-8.1	0.00005	0.00133	0.01831	0.16931	1.18091	6.62738
0.5	-8.05	0.00005	0.00148	0.02021	0.18528	1.28175	7.13546
0.5	-8.	0.00006	0.00164	0.02229	0.2027	1.39082	7.67989
0.5	-7.95	0.00007	0.00183	0.02459	0.22172	1.50875	8.26305
0.5	-7.9	0.00008	0.00203	0.02712	0.24247	1.63622	8.88739
0.5	-7.85	0.00009	0.00226	0.0299	0.26511	1.77395	9.55554
0.5	-7.8	0.0001	0.00252	0.03297	0.28979	1.92271	10.27024
0.5	-7.75	0.00011	0.0028	0.03634	0.3167	2.08332	11.03436
0.5	-7.7	0.00012	0.00311	0.04006	0.34603	2.25667	11.85094
0.5	-7.65	0.00014	0.00346	0.04414	0.37799	2.4437	12.72315
0.5	-7.6	0.00015	0.00385	0.04864	0.41279	2.6454	13.65431
0.5	-7.55	0.00017	0.00428	0.05359	0.4507	2.86283	14.64791
0.5	-7.5	0.00019	0.00475	0.05902	0.49196	3.09714	15.70758
0.5	-7.45	0.00022	0.00528	0.065	0.53687	3.34952	16.83711
0.5	-7.4	0.00024	0.00587	0.07157	0.58572	3.62125	18.04045
0.5	-7.35	0.00027	0.00653	0.0788	0.63886	3.91369	19.32171
0.5	-7.3	0.00031	0.00725	0.08673	0.69663	4.22828	20.68517
0.5	-7.25	0.00034	0.00806	0.09545	0.75942	4.56654	22.13525
0.5	-7.2	0.00038	0.00895	0.10502	0.82763	4.93008	23.67655
0.5	-7.15	0.00043	0.00995	0.11553	0.90173	5.32062	25.3138
0.5	-7.1	0.00048	0.01105	0.12707	0.98217	5.73994	27.0519
0.5	-7.05	0.00054	0.01227	0.13973	1.06948	6.18996	28.89587
0.5	-7.	0.00061	0.01363	0.15363	1.1642	6.67266	30.8509
0.5	-6.95	0.00068	0.01514	0.16887	1.26693	7.19016	32.92228
0.5	-6.9	0.00077	0.01681	0.18558	1.3783	7.74468	35.11543
0.5	-6.85	0.00086	0.01866	0.2039	1.49898	8.33852	37.43589
0.5	-6.8	0.00097	0.02071	0.22399	1.6297	8.97413	39.88925
0.5	-6.75	0.00108	0.02299	0.24599	1.77124	9.65407	42.48123
0.5	-6.7	0.00122	0.02552	0.2701	1.92442	10.38098	45.21757
0.5	-6.65	0.00137	0.02831	0.29649	2.09014	11.15766	48.10405
0.5	-6.6	0.00153	0.03142	0.32539	2.26933	11.98699	51.14647
0.5	-6.55	0.00172	0.03485	0.35702	2.463	12.872	54.3506
0.5	-6.5	0.00193	0.03866	0.39163	2.67222	13.81579	57.72219
0.5	-6.45	0.00216	0.04288	0.42948	2.89813	14.82161	61.26688
0.5	-6.4	0.00243	0.04756	0.47086	3.14195	15.89281	64.99022
0.5	-6.35	0.00272	0.05273	0.51609	3.40494	17.03281	68.89759
0.5	-6.3	0.00306	0.05846	0.56551	3.68848	18.24518	72.99417
0.5	-6.25	0.00343	0.06481	0.61949	3.994	19.53353	77.2849
0.5	-6.2	0.00385	0.07183	0.67843	4.32302	20.90159	81.77441
0.5	-6.15	0.00432	0.0796	0.74276	4.67715	22.35315	86.46699
0.5	-6.1	0.00485	0.08819	0.81294	5.05808	23.89203	91.36652
0.5	-6.05	0.00544	0.0977	0.88948	5.46759	25.52214	96.47637
0.5	-6.	0.0061	0.10822	0.97292	5.90754	27.24739	101.79943
0.5	-5.95	0.00684	0.11985	1.06384	6.3799	29.0717	107.3379
0.5	-5.9	0.00768	0.1327	1.16286	6.88671	30.99899	113.09335
0.5	-5.85	0.00862	0.14691	1.27067	7.43013	33.03314	119.06655
0.5	-5.8	0.00967	0.16261	1.388	8.01237	35.17796	125.25742
0.5	-5.75	0.01085	0.17996	1.5156	8.63577	37.43718	131.66497
0.5	-5.7	0.01217	0.19911	1.65433	9.30273	39.8144	138.28716
0.5	-5.65	0.01366	0.22026	1.80508	10.01574	42.31304	145.12084
0.5	-5.6	0.01532	0.24361	1.96879	10.77737	44.93637	152.16166
0.5	-5.55	0.01719	0.26938	2.14649	11.59026	47.68735	159.40396
0.5	-5.5	0.01929	0.29781	2.33927	12.45712	50.56871	166.84071
0.5	-5.45	0.02164	0.32916	2.54828	13.3807	53.58281	174.46334
0.5	-5.4	0.02428	0.36373	2.77475	14.36381	56.73162	182.26176
0.5	-5.35	0.02725	0.40184	3.02	15.40928	60.01665	190.22416
0.5	-5.3	0.03057	0.44384	3.28541	16.51998	63.43892	198.33701
0.5	-5.25	0.0343	0.49009	3.57244	17.69876	66.99885	206.58491
0.5	-5.2	0.03849	0.54103	3.88265	18.94844	70.69622	214.95057
0.5	-5.15	0.04318	0.59711	4.21765	20.27182	74.53011	223.41471
0.5	-5.1	0.04845	0.65881	4.57918	21.67162	78.49876	231.956
0.5	-5.05	0.05436	0.72668	4.96901	23.15046	82.59961	240.55107
0.5	-5.	0.061	0.8013	5.38904	24.71085	86.82909	249.17436
0.5	-4.95	0.06844	0.88331	5.84121	26.35509	91.18263	257.79822
0.5	-4.9	0.07679	0.97341	6.32757	28.08533	95.65456	266.39289
0.5	-4.85	0.08616	1.07235	6.85022	29.90344	100.238	274.92642
0.5	-4.8	0.09667	1.18094	7.41134	31.81099	104.92482	283.36489
0.5	-4.75	0.10847	1.30006	8.01314	33.80922	109.70554	291.67229
0.5	-4.7	0.1217	1.43067	8.65792	35.89896	114.56925	299.81071
0.5	-4.65	0.13655	1.57379	9.34799	38.08058	119.50358	307.74053
0.5	-4.6	0.15321	1.73054	10.08568	40.35392	124.4946	315.42037
0.5	-4.55	0.17191	1.90212	10.87332	42.71824	129.52678	322.80752
0.5	-4.5	0.19288	2.0898	11.71325	45.17212	134.58294	329.85794
0.5	-4.45	0.21641	2.29496	12.60774	47.71341	139.64425	336.52666
0.5	-4.4	0.24282	2.51908	13.55899	50.33915	144.6902	342.76809
0.5	-4.35	0.27244	2.76372	14.56913	53.04546	149.69858	348.53615
0.5	-4.3	0.30568	3.03056	15.6401	55.82752	154.64551	353.78487
0.5	-4.25	0.34298	3.32137	16.77371	58.67945	159.50554	358.46874
0.5	-4.2	0.38482	3.63803	17.9715	61.59421	164.25164	362.54296
0.5	-4.15	0.43177	3.98252	19.23476	64.56358	168.85537	365.96427
0.5	-4.1	0.48444	4.35691	20.56441	67.57805	173.28693	368.69104
0.5	-4.05	0.54354	4.76338	21.96099	70.62674	177.51539	370.68412
0.5	-4.	0.60985	5.20417	23.42455	73.69741	181.5089	371.90734
0.5	-3.95	0.68425	5.68162	24.95458	76.77634	185.23482	372.32787
0.5	-3.9	0.76772	6.19811	26.54994	79.84831	188.66009	371.91703
0.5	-3.85	0.86137	6.75605	28.20877	82.89664	191.7515	370.65072
0.5	-3.8	0.96644	7.35788	29.92836	85.90314	194.47609	368.51022
0.5	-3.75	1.08432	8.00599	31.70511	88.84816	196.80141	365.48221
0.5	-3.7	1.21655	8.70274	33.53436	91.71066	198.69612	361.56003
0.5	-3.65	1.36489	9.45035	35.41035	94.46826	200.13029	356.74332
0.5	-3.6	1.53126	10.25085	37.32606	97.09745	201.07603	351.03918
0.5	-3.55	1.71784	11.10606	39.27317	99.57367	201.50788	344.46197
0.5	-3.5	1.92702	12.01744	41.24191	101.87158	201.40342	337.03385
0.5	-3.45	2.16146	12.986	43.221	103.96529	200.74374	328.78461
0.5	-3.4	2.42409	14.01222	45.19763	105.82871	199.51402	319.75203
0.5	-3.35	2.71811	15.09587	47.15734	107.43587	197.70411	309.98184
0.5	-3.3	3.04702	16.23587	49.08407	108.76135	195.30879	299.52682
0.5	-3.25	3.41453	17.43016	50.96017	109.78078	192.32852	288.44747
0.5	-3.2	3.82463	18.67544	52.76646	110.47124	188.76945	276.81031
0.5	-3.15	4.28151	19.96704	54.48239	110.81196	184.64409	264.68838
0.5	-3.1	4.78953	21.29866	56.08621	110.78476	179.97116	252.15953
0.5	-3.05	5.35315	22.66215	57.55525	110.3747	174.77588	239.306
0.5	-3.	5.97677	24.04728	58.86631	109.57064	169.0897	226.21293
0.5	-2.95	6.66453	25.4415	59.99612	108.3658	162.95025	212.96763
0.5	-2.9	7.42005	26.82977	60.92189	106.75827	156.40103	199.65847
0.5	-2.85	8.24576	28.19444	61.62205	104.75131	149.49044	186.3727
0.5	-2.8	9.14265	29.51527	62.077	102.35378	142.27179	173.19661
0.5	-2.75	10.10942	30.7695	62.26999	99.58002	134.8017	160.21273
0.5	-2.7	11.13774	31.93255	62.18804	96.44999	127.13999	147.50021
0.5	-2.65	12.20644	32.98019	61.82264	92.98862	119.34793	135.13219
0.5	-2.6	13.28174	33.89188	61.16985	89.22566	111.48802	123.17635
0.5	-2.55	14.33918	34.65268	60.22969	85.19485	103.62227	111.69264
0.5	-2.5	15.3764	35.24891	59.00558	80.93375	95.81172	100.73345
0.5	-2.45	16.38573	35.66603	57.50484	76.4833	88.11544	90.3431
0.5	-2.4	17.35243	35.89066	55.73916	71.88703	80.58897	80.55649
0.5	-2.35	18.26674	35.91096	53.72476	67.19062	73.28412	71.40029
0.5	-2.3	19.12269	35.71549	51.48267	62.44062	66.24728	62.89153
0.5	-2.25	19.89693	35.29404	49.03925	57.68371	59.51941	55.03915
0.5	-2.2	20.54836	34.64379	46.42591	52.96514	53.13492	47.84348
0.5	-2.15	21.04797	33.77013	43.67764	48.3276	47.12167	41.29728
0.5	-2.1	21.36818	32.68611	40.83153	43.81004	41.50068	35.38612
0.5	-2.05	21.48538	31.41276	37.92516	39.44704	36.28652	30.08954
0.5	-2.	21.38238	29.97881	34.99474	35.26841	31.48773	25.3818
0.5	-1.95	21.0515	28.41979	32.07296	31.29876	27.1068	21.23219
0.5	-1.9	20.52152	26.7746	29.18743	27.55853	23.1413	17.60662
0.5	-1.85	19.89846	25.07159	26.36016	24.0642	19.58359	14.46761
0.5	-1.8	19.25778	23.31526	23.61165	20.82942	16.42171	11.77582
0.5	-1.75	18.54992	21.50798	20.9645	17.86399	13.63896	9.49022
0.5	-1.7	17.72994	19.66558	18.44222	15.17348	11.21491	7.56959
0.5	-1.65	16.78931	17.81276	16.066	12.75831	9.1256	5.97284
0.5	-1.6	15.74435	15.97653	13.85338	10.61436	7.34476	4.66022
0.5	-1.55	14.61869	14.18182	11.81745	8.73297	5.84422	3.59364
0.5	-1.5	13.43128	12.45148	9.96706	7.10178	4.59503	2.73745
0.5	-1.45	12.2033	10.8063	8.30681	5.70527	3.5681	2.05882
0.5	-1.4	10.95623	9.26424	6.83694	4.52521	2.73483	1.52792
0.5	-1.35	9.71173	7.8403	5.55373	3.54167	2.06789	1.11828
0.5	-1.3	8.49364	6.54571	4.44962	2.7335	1.54157	0.80663
0.5	-1.25	7.32519	5.38717	3.51395	2.07931	1.13234	0.57304
0.5	-1.2	6.22354	4.36714	2.73348	1.55785	0.81896	0.40063
0.5	-1.15	5.20357	3.4845	2.09326	1.14888	0.58279	0.27541
0.5	-1.1	4.27699	2.73461	1.57707	0.8334	0.40771	0.18598
0.5	-1.05	3.45219	2.10977	1.16825	0.59418	0.28012	0.12322
0.5	-1.	2.73571	1.59956	0.8503	0.41597	0.18882	0.08
0.5	-0.95	2.12919	1.19097	0.6075	0.28562	0.12469	0.05082
0.5	-0.9	1.62611	0.87008	0.42561	0.19212	0.08054	0.03153
0.5	-0.85	1.21772	0.62307	0.29203	0.12639	0.0508	0.01906
0.5	-0.8	0.89332	0.43684	0.19596	0.08117	0.03121	0.0112
0.5	-0.75	0.64114	0.29947	0.12836	0.05077	0.01863	0.00638
0.5	-0.7	0.44969	0.20046	0.0819	0.03084	0.01077	0.00351
0.5	-0.65	0.30819	0.13073	0.05073	0.01813	0.00601	0.00186
0.5	-0.6	0.20592	0.08279	0.03039	0.01027	0.00322	0.00095
0.5	-0.55	0.13371	0.05068	0.01751	0.00558	0.00165	0.00046
0.5	-0.5	0.08395	0.02981	0.00966	0.00289	0.00081	0.00021
0.5	-0.45	0.05059	0.01672	0.00506	0.00142	0.00037	0.00009
0.5	-0.4	0.02898	0.00888	0.00251	0.00066	0.00016	0.00004
0.5	-0.35	0.01564	0.00443	0.00117	0.00029	0.00007	0.00001
0.5	-0.3	0.00786	0.00206	0.00051	0.00012	0.00003	0.00000
0.5	-0.25	0.00365	0.0009	0.00021	0.00004	0.00000	0.00000
0.5	-0.2	0.00157	0.00037	0.00008	0.00002	0.00000	0.00000
0.5	-0.15	0.00066	0.00014	0.00003	0.00000	0.00000	0.00000
0.5	-0.1	0.00026	0.00005	0.00000	0.00000	0.00000	0.00000
0.5	-0.05	0.00009	0.00001	0.00000	0.00000	0.00000	0.00000
0.5	0.00	0.00000	0.00000	0.00000	0.00000	0.00000	0.00000
0.4	-8.9	0.00000	0.0003	0.0047	0.0486	0.37924	2.38015
0.4	-8.85	0.00001	0.00034	0.00519	0.05332	0.41308	2.57389
0.4	-8.8	0.00001	0.00038	0.00574	0.05849	0.44985	2.78265
0.4	-8.75	0.00001	0.00042	0.00634	0.06416	0.48978	3.00752
0.4	-8.7	0.00002	0.00047	0.007	0.07036	0.53314	3.24967
0.4	-8.65	0.00002	0.00052	0.00774	0.07715	0.5802	3.51032
0.4	-8.6	0.00002	0.00058	0.00855	0.08458	0.63127	3.7908
0.4	-8.55	0.00002	0.00064	0.00944	0.09271	0.68667	4.09251
0.4	-8.5	0.00002	0.00072	0.01043	0.1016	0.74676	4.41693
0.4	-8.45	0.00003	0.0008	0.01152	0.11132	0.8119	4.76565
0.4	-8.4	0.00003	0.00089	0.01272	0.12195	0.88252	5.14035
0.4	-8.35	0.00004	0.00099	0.01404	0.13357	0.95903	5.54281
0.4	-8.3	0.00004	0.0011	0.0155	0.14626	1.04192	5.97492
0.4	-8.25	0.00004	0.00123	0.0171	0.16014	1.13168	6.43867
0.4	-8.2	0.00005	0.00136	0.01888	0.17529	1.22885	6.93619
0.4	-8.15	0.00006	0.00152	0.02083	0.19184	1.33401	7.46972
0.4	-8.1	0.00006	0.00169	0.02298	0.2099	1.44778	8.04162
0.4	-8.05	0.00007	0.00188	0.02535	0.22963	1.57081	8.65439
0.4	-8.	0.00008	0.00209	0.02796	0.25115	1.70383	9.31066
0.4	-7.95	0.00009	0.00232	0.03083	0.27462	1.84759	10.01322
0.4	-7.9	0.0001	0.00258	0.03399	0.30023	2.0029	10.76498
0.4	-7.85	0.00011	0.00287	0.03748	0.32815	2.17063	11.56903
0.4	-7.8	0.00012	0.0032	0.04131	0.35858	2.35171	12.4286
0.4	-7.75	0.00014	0.00355	0.04553	0.39175	2.54712	13.34707
0.4	-7.7	0.00016	0.00395	0.05017	0.42788	2.75792	14.32801
0.4	-7.65	0.00018	0.00439	0.05527	0.46724	2.98523	15.37514
0.4	-7.6	0.0002	0.00488	0.06089	0.51009	3.23024	16.49237
0.4	-7.55	0.00022	0.00543	0.06706	0.55673	3.49423	17.68375
0.4	-7.5	0.00025	0.00603	0.07385	0.60748	3.77854	18.95353
0.4	-7.45	0.00028	0.00671	0.08131	0.66268	4.08462	20.30615
0.4	-7.4	0.00031	0.00745	0.0895	0.72271	4.41398	21.7462
0.4	-7.35	0.00035	0.00828	0.0985	0.78797	4.76823	23.27847
0.4	-7.3	0.00039	0.0092	0.10839	0.85889	5.14909	24.90791
0.4	-7.25	0.00044	0.01022	0.11925	0.93594	5.55836	26.63966
0.4	-7.2	0.0005	0.01136	0.13117	1.0196	5.99796	28.47903
0.4	-7.15	0.00056	0.01261	0.14426	1.11043	6.46989	30.43147
0.4	-7.1	0.00062	0.01401	0.15862	1.20898	6.9763	32.50264
0.4	-7.05	0.0007	0.01556	0.17437	1.3159	7.51941	34.69831
0.4	-7.	0.00079	0.01727	0.19165	1.43183	8.10159	37.02441
0.4	-6.95	0.00088	0.01918	0.21059	1.55748	8.72532	39.487
0.4	-6.9	0.00099	0.02129	0.23136	1.69363	9.3932	42.09227
0.4	-6.85	0.00111	0.02363	0.25411	1.84108	10.10794	44.84649
0.4	-6.8	0.00125	0.02623	0.27904	2.0007	10.87241	47.75602
0.4	-6.75	0.0014	0.02911	0.30635	2.17344	11.68958	50.8273
0.4	-6.7	0.00157	0.0323	0.33625	2.36026	12.56256	54.0668
0.4	-6.65	0.00176	0.03583	0.36898	2.56225	13.49459	57.48098
0.4	-6.6	0.00198	0.03975	0.40479	2.78052	14.48903	61.07632
0.4	-6.55	0.00222	0.04409	0.44396	3.01628	15.54937	64.85923
0.4	-6.5	0.00249	0.04889	0.4868	3.2708	16.67922	68.83602
0.4	-6.45	0.00279	0.05422	0.53364	3.54543	17.88232	73.0129
0.4	-6.4	0.00313	0.06011	0.58482	3.84162	19.16251	77.39588
0.4	-6.35	0.00351	0.06664	0.64073	4.16088	20.52375	81.99076
0.4	-6.3	0.00394	0.07386	0.70179	4.50483	21.97009	86.80308
0.4	-6.25	0.00442	0.08186	0.76844	4.87517	23.50566	91.83804
0.4	-6.2	0.00496	0.0907	0.84118	5.27368	25.13471	97.10042
0.4	-6.15	0.00557	0.10049	0.92051	5.70226	26.8615	102.5946
0.4	-6.1	0.00625	0.11131	1.00702	6.16291	28.69037	108.32439
0.4	-6.05	0.00701	0.12328	1.1013	6.6577	30.62568	114.29301
0.4	-6.	0.00786	0.13651	1.20402	7.18882	32.67181	120.50301
0.4	-5.95	0.00882	0.15114	1.31588	7.75857	34.83312	126.95616
0.4	-5.9	0.0099	0.1673	1.43763	8.36933	37.11392	133.65341
0.4	-5.85	0.01111	0.18516	1.57008	9.02358	39.51846	140.59474
0.4	-5.8	0.01246	0.20488	1.71412	9.72393	42.05089	147.7791
0.4	-5.75	0.01398	0.22666	1.87068	10.47304	44.7152	155.20435
0.4	-5.7	0.01569	0.2507	2.04075	11.27369	47.51523	162.86707
0.4	-5.65	0.0176	0.27724	2.22541	12.12873	50.45458	170.76253
0.4	-5.6	0.01975	0.30652	2.4258	13.04111	53.53658	178.88459
0.4	-5.55	0.02216	0.33882	2.64313	14.01383	56.76423	187.22553
0.4	-5.5	0.02486	0.37444	2.8787	15.04994	60.14019	195.77603
0.4	-5.45	0.0279	0.4137	3.13388	16.15257	63.66663	204.525
0.4	-5.4	0.0313	0.45698	3.41013	17.32486	67.34526	213.45954
0.4	-5.35	0.03512	0.50465	3.70901	18.56997	71.17721	222.56479
0.4	-5.3	0.03941	0.55715	4.03214	19.89106	75.16297	231.82389
0.4	-5.25	0.04422	0.61495	4.38125	21.29127	79.30232	241.21788
0.4	-5.2	0.04961	0.67856	4.75815	22.77367	83.59425	250.72558
0.4	-5.15	0.05567	0.74854	5.16475	24.34127	88.03687	260.32365
0.4	-5.1	0.06246	0.8255	5.60305	25.99696	92.62735	269.98636
0.4	-5.05	0.07008	0.91009	6.07512	27.7435	97.36181	279.68576
0.4	-5.	0.07863	1.00303	6.58315	29.58343	102.23522	289.39147
0.4	-4.95	0.08822	1.1051	7.12939	31.51909	107.24138	299.0708
0.4	-4.9	0.09899	1.21715	7.71616	33.55253	112.37275	308.68877
0.4	-4.85	0.11107	1.34009	8.34586	35.68548	117.62042	318.20805
0.4	-4.8	0.12462	1.47492	9.02097	37.91926	122.974	327.58919
0.4	-4.75	0.13982	1.62269	9.74398	40.25478	128.42156	336.79056
0.4	-4.7	0.15688	1.78456	10.51744	42.69242	133.94953	345.7686
0.4	-4.65	0.17603	1.96178	11.34391	45.23197	139.5427	354.47796
0.4	-4.6	0.1975	2.15567	12.22595	47.87259	145.18405	362.87161
0.4	-4.55	0.2216	2.36768	13.1661	50.61268	150.85485	370.90125
0.4	-4.5	0.24864	2.59933	14.16684	53.44986	156.53448	378.51738
0.4	-4.45	0.27897	2.85226	15.23057	56.38084	162.20054	385.66975
0.4	-4.4	0.31301	3.12822	16.35955	59.40135	167.82881	392.30777
0.4	-4.35	0.3512	3.42905	17.55591	62.50608	173.39323	398.38065
0.4	-4.3	0.39405	3.75672	18.82155	65.68854	178.86602	403.83807
0.4	-4.25	0.44212	4.11331	20.15811	68.94104	184.21774	408.63066
0.4	-4.2	0.49606	4.50099	21.56691	72.25457	189.41735	412.71022
0.4	-4.15	0.55658	4.92203	23.0489	75.61873	194.43244	416.0307
0.4	-4.1	0.62448	5.37882	24.60457	79.02167	199.2293	418.54827
0.4	-4.05	0.70065	5.8738	26.23385	82.45004	203.77318	420.22226
0.4	-4.	0.78612	6.40949	27.9361	85.88892	208.02859	421.01579
0.4	-3.95	0.88201	6.98848	29.70995	89.32183	211.95946	420.89598
0.4	-3.9	0.98958	7.61333	31.55322	92.73067	215.52961	419.835
0.4	-3.85	1.11026	8.28665	33.46284	96.09579	218.703	417.81041
0.4	-3.8	1.24562	9.01094	35.43476	99.39598	221.44426	414.806
0.4	-3.75	1.39743	9.78865	37.46378	102.60856	223.71895	410.81181
0.4	-3.7	1.56768	10.62204	39.54352	105.70951	225.49429	405.82541
0.4	-3.65	1.75853	11.51315	41.66628	108.67354	226.73938	399.85142
0.4	-3.6	1.97243	12.46371	43.82293	111.47436	227.42602	392.90278
0.4	-3.55	2.21205	13.47503	46.00288	114.08484	227.52901	385.00038
0.4	-3.5	2.48032	14.54789	48.19396	116.47734	227.02687	376.17355
0.4	-3.45	2.78043	15.68245	50.38238	118.62396	225.90222	366.45984
0.4	-3.4	3.11581	16.87804	52.55274	120.49699	224.14247	355.90529
0.4	-3.35	3.49013	18.13307	54.688	122.06931	221.74029	344.56434
0.4	-3.3	3.90736	19.4448	56.76957	123.31479	218.69385	332.49867
0.4	-3.25	4.37159	20.80918	58.77738	124.20891	215.00756	319.77801
0.4	-3.2	4.88701	22.22065	60.69009	124.72914	210.69193	306.47809
0.4	-3.15	5.45787	23.67193	62.48527	124.85564	205.76426	292.68125
0.4	-3.1	6.08846	25.1538	64.13977	124.57169	200.24834	278.47455
0.4	-3.05	6.78289	26.65489	65.63011	123.86429	194.17467	263.9493
0.4	-3.	7.54433	28.16151	66.93296	122.72457	187.58008	249.19947
0.4	-2.95	8.37397	29.65768	68.02579	121.14825	180.50768	234.32096
0.4	-2.9	9.26867	31.12562	68.88741	119.13598	173.0065	219.41049
0.4	-2.85	10.21557	32.54705	69.49853	116.69337	165.13053	204.56322
0.4	-2.8	11.19938	33.90536	69.84185	113.83138	156.93877	189.87303
0.4	-2.75	12.21559	35.18438	69.9019	110.5662	148.49379	175.42942
0.4	-2.7	13.26234	36.36671	69.66545	106.91972	139.86162	161.31801
0.4	-2.65	14.33849	37.43319	69.12205	102.9193	131.10992	147.61755
0.4	-2.6	15.44249	38.36259	68.26497	98.59799	122.30776	134.40052
0.4	-2.55	16.56547	39.13205	67.09201	93.99389	113.52354	121.73052
0.4	-2.5	17.68992	39.71927	65.60634	89.14981	104.82431	109.66262
0.4	-2.45	18.79788	40.10354	63.81681	84.11244	96.27457	98.24271
0.4	-2.4	19.86789	40.26639	61.73818	78.93121	87.93444	87.50616
0.4	-2.35	20.87423	40.1928	59.39127	73.6575	79.85953	77.47918
0.4	-2.3	21.78686	39.87273	56.80254	68.34299	72.09906	68.17742
0.4	-2.25	22.57762	39.3023	54.00355	63.03885	64.69604	59.60769
0.4	-2.2	23.22324	38.48339	51.03	57.79412	57.68613	51.76749
0.4	-2.15	23.69748	37.42404	47.92085	52.65479	51.09773	44.6462
0.4	-2.1	23.97205	36.14007	44.71701	47.66251	44.95168	38.22553
0.4	-2.05	24.02205	34.65588	41.45959	42.85402	39.26179	32.48076
0.4	-2.	23.83219	33.00409	38.18788	38.26071	34.03527	27.38171
0.4	-1.95	23.40339	31.22341	34.93708	33.90826	29.27276	22.89299
0.4	-1.9	22.78039	29.35336	31.73711	29.81776	24.96958	18.97581
0.4	-1.85	22.05151	27.42109	28.61273	26.00578	21.11542	15.58796
0.4	-1.8	21.26541	25.43832	25.58704	22.4854	17.69541	12.68554
0.4	-1.75	20.40762	23.4137	22.68352	19.26532	14.68974	10.22308
0.4	-1.7	19.44482	21.36333	19.9259	16.34974	12.07487	8.15521
0.4	-1.65	18.3613	19.31219	17.33565	13.73749	9.82363	6.43689
0.4	-1.6	17.17229	17.28862	14.93042	11.42263	7.9066	5.02477
0.4	-1.55	15.90235	15.31916	12.72301	9.39447	6.29257	3.87746
0.4	-1.5	14.57348	13.42789	10.72163	7.63845	4.94962	2.95636
0.4	-1.45	13.20854	11.63642	8.92992	6.13681	3.84598	2.22602
0.4	-1.4	11.83152	9.96313	7.34681	4.86905	2.9505	1.65431
0.4	-1.35	10.46518	8.42296	5.96715	3.81307	2.2336	1.21277
0.4	-1.3	9.13451	7.02693	4.78172	2.94562	1.66753	0.87647
0.4	-1.25	7.86536	5.78093	3.77819	2.24338	1.22701	0.62402
0.4	-1.2	6.67424	4.68625	2.94163	1.68338	0.88925	0.43736
0.4	-1.15	5.57568	3.74064	2.25551	1.24379	0.6343	0.3015
0.4	-1.1	4.58147	2.9382	1.70212	0.90424	0.44493	0.20423
0.4	-1.05	3.69908	2.26987	1.26346	0.64633	0.30662	0.13579
0.4	-1.	2.9337	1.72407	0.92182	0.45379	0.20737	0.0885
0.4	-0.95	2.28663	1.28662	0.66043	0.3126	0.13745	0.05646
0.4	-0.9	1.75016	0.94249	0.46414	0.21103	0.08917	0.0352
0.4	-0.85	1.31414	0.67696	0.31958	0.1394	0.05651	0.02141
0.4	-0.8	0.96686	0.4762	0.21529	0.08994	0.03492	0.01266
0.4	-0.75	0.69604	0.32768	0.14166	0.05656	0.02098	0.00727
0.4	-0.7	0.48998	0.2203	0.09085	0.03458	0.01223	0.00404
0.4	-0.65	0.33725	0.14437	0.05661	0.02048	0.00688	0.00216
0.4	-0.6	0.22641	0.09194	0.03415	0.01171	0.00373	0.00111
0.4	-0.55	0.14778	0.05664	0.01986	0.00643	0.00194	0.00055
0.4	-0.5	0.09332	0.03358	0.01107	0.00338	0.00096	0.00026
0.4	-0.45	0.05659	0.01905	0.00589	0.00169	0.00045	0.00011
0.4	-0.4	0.03272	0.01028	0.00298	0.0008	0.0002	0.00005
0.4	-0.35	0.01798	0.00525	0.00142	0.00036	0.00008	0.00002
0.4	-0.3	0.00929	0.00252	0.00063	0.00015	0.00003	0.00000
0.4	-0.25	0.00447	0.00112	0.00026	0.00006	0.00001	0.00000
0.4	-0.2	0.00199	0.00047	0.0001	0.00002	0.00000	0.00000
0.4	-0.15	0.00083	0.00018	0.00003	0.00000	0.00000	0.00000
0.4	-0.1	0.00033	0.00006	0.00000	0.00000	0.00000	0.00000
0.4	-0.05	0.00012	0.00001	0.00000	0.00000	0.00000	0.00000
0.4	0.00	0.00000	0.00000	0.00000	0.00000	0.00000	0.00000
0.3	-8.9	0.00001	0.00039	0.00599	0.06093	0.46797	2.89346
0.3	-8.85	0.00001	0.00044	0.00662	0.06682	0.50949	3.12723
0.3	-8.8	0.00002	0.00049	0.00731	0.07328	0.55457	3.37896
0.3	-8.75	0.00002	0.00054	0.00808	0.08035	0.6035	3.64993
0.3	-8.7	0.00002	0.00061	0.00892	0.08808	0.65659	3.94151
0.3	-8.65	0.00002	0.00068	0.00985	0.09654	0.71419	4.25516
0.3	-8.6	0.00003	0.00075	0.01088	0.10579	0.77666	4.59242
0.3	-8.55	0.00003	0.00084	0.01202	0.11591	0.84439	4.95494
0.3	-8.5	0.00003	0.00093	0.01327	0.12697	0.91779	5.34447
0.3	-8.45	0.00004	0.00104	0.01465	0.13906	0.99733	5.76285
0.3	-8.4	0.00004	0.00115	0.01617	0.15227	1.08349	6.21206
0.3	-8.35	0.00005	0.00128	0.01784	0.1667	1.17679	6.69417
0.3	-8.3	0.00005	0.00143	0.01969	0.18247	1.27778	7.21139
0.3	-8.25	0.00006	0.00159	0.02172	0.19968	1.38708	7.76605
0.3	-8.2	0.00007	0.00177	0.02397	0.21848	1.50532	8.3606
0.3	-8.15	0.00007	0.00197	0.02644	0.23899	1.63319	8.99765
0.3	-8.1	0.00008	0.00219	0.02916	0.26137	1.77143	9.67994
0.3	-8.05	0.00009	0.00243	0.03215	0.28579	1.92083	10.41036
0.3	-8.	0.0001	0.0027	0.03545	0.31242	2.08223	11.19196
0.3	-7.95	0.00012	0.00301	0.03908	0.34146	2.25653	12.02794
0.3	-7.9	0.00013	0.00334	0.04307	0.37311	2.44469	12.92166
0.3	-7.85	0.00015	0.00372	0.04747	0.40759	2.64774	13.87666
0.3	-7.8	0.00016	0.00413	0.0523	0.44516	2.86678	14.89665
0.3	-7.75	0.00018	0.0046	0.05762	0.48608	3.10296	15.9855
0.3	-7.7	0.00021	0.00511	0.06347	0.53063	3.35753	17.14728
0.3	-7.65	0.00023	0.00568	0.0699	0.57911	3.63181	18.38624
0.3	-7.6	0.00026	0.00631	0.07697	0.63187	3.9272	19.70679
0.3	-7.55	0.00029	0.00701	0.08474	0.68925	4.2452	21.11356
0.3	-7.5	0.00033	0.00779	0.09327	0.75165	4.58738	22.61135
0.3	-7.45	0.00037	0.00866	0.10265	0.81947	4.95542	24.20515
0.3	-7.4	0.00041	0.00962	0.11294	0.89318	5.35109	25.90014
0.3	-7.35	0.00046	0.01069	0.12425	0.97324	5.77627	27.70169
0.3	-7.3	0.00052	0.01187	0.13666	1.06017	6.23295	29.61533
0.3	-7.25	0.00058	0.01318	0.15029	1.15454	6.72322	31.64679
0.3	-7.2	0.00066	0.01464	0.16523	1.25695	7.2493	33.80197
0.3	-7.15	0.00074	0.01626	0.18163	1.36802	7.81351	36.08692
0.3	-7.1	0.00083	0.01805	0.19961	1.48845	8.41831	38.50786
0.3	-7.05	0.00093	0.02004	0.21933	1.61898	9.06626	41.07114
0.3	-7.	0.00104	0.02225	0.24093	1.7604	9.76008	43.78325
0.3	-6.95	0.00117	0.0247	0.26461	1.91355	10.5026	46.65078
0.3	-6.9	0.00131	0.02741	0.29055	2.07933	11.29678	49.68044
0.3	-6.85	0.00147	0.03041	0.31896	2.25871	12.14573	52.87898
0.3	-6.8	0.00165	0.03374	0.35006	2.45272	13.05267	56.25324
0.3	-6.75	0.00185	0.03744	0.3841	2.66246	14.02098	59.81004
0.3	-6.7	0.00208	0.04153	0.42134	2.8891	15.05416	63.55623
0.3	-6.65	0.00233	0.04606	0.46208	3.13387	16.15584	67.49861
0.3	-6.6	0.00261	0.05107	0.50663	3.39811	17.3298	71.64388
0.3	-6.55	0.00293	0.05663	0.55532	3.68322	18.57991	75.99867
0.3	-6.5	0.00329	0.06278	0.60853	3.99068	19.9102	80.56939
0.3	-6.45	0.00369	0.0696	0.66665	4.32208	21.32479	85.36229
0.3	-6.4	0.00414	0.07713	0.73011	4.67908	22.82791	90.38332
0.3	-6.35	0.00465	0.08548	0.79938	5.06344	24.4239	95.63812
0.3	-6.3	0.00521	0.09471	0.87496	5.47704	26.11716	101.13195
0.3	-6.25	0.00585	0.10491	0.95739	5.92181	27.91219	106.86961
0.3	-6.2	0.00656	0.11621	1.04726	6.39984	29.81352	112.8554
0.3	-6.15	0.00736	0.12869	1.1452	6.91327	31.82574	119.09299
0.3	-6.1	0.00826	0.14249	1.25189	7.46438	33.95344	125.58541
0.3	-6.05	0.00927	0.15774	1.36805	8.05554	36.20121	132.33489
0.3	-6.	0.0104	0.17459	1.49447	8.68924	38.5736	139.34285
0.3	-5.95	0.01167	0.19321	1.63199	9.36804	41.07511	146.60975
0.3	-5.9	0.01309	0.21377	1.78152	10.09463	43.71013	154.13502
0.3	-5.85	0.01469	0.23647	1.94402	10.8718	46.48292	161.91694
0.3	-5.8	0.01648	0.26153	2.12053	11.70242	49.39756	169.95257
0.3	-5.75	0.0185	0.28918	2.31215	12.58946	52.45794	178.23765
0.3	-5.7	0.02075	0.31969	2.52006	13.53596	55.66766	186.76641
0.3	-5.65	0.02328	0.35334	2.74551	14.54505	59.03	195.5316
0.3	-5.6	0.02613	0.39043	2.98985	15.61992	62.54789	204.52427
0.3	-5.55	0.02931	0.43132	3.2545	16.76381	66.22381	213.73372
0.3	-5.5	0.03289	0.47638	3.54096	17.97999	70.05975	223.1474
0.3	-5.45	0.0369	0.52601	3.85083	19.27176	74.05713	232.75078
0.3	-5.4	0.04141	0.58066	4.18579	20.64241	78.21674	242.52728
0.3	-5.35	0.04646	0.64081	4.54762	22.09522	82.53867	252.45817
0.3	-5.3	0.05213	0.707	4.93821	23.63343	87.0222	262.52253
0.3	-5.25	0.05849	0.7798	5.3595	25.26018	91.66575	272.69713
0.3	-5.2	0.06562	0.85984	5.81355	26.97852	96.46678	282.95638
0.3	-5.15	0.07363	0.9478	6.30253	28.79134	101.4217	293.27236
0.3	-5.1	0.08262	1.04443	6.82866	30.70139	106.52581	303.61466
0.3	-5.05	0.0927	1.15053	7.39426	32.71113	111.77318	313.95054
0.3	-5.	0.10401	1.26696	8.00173	34.8228	117.15656	324.24477
0.3	-4.95	0.1167	1.39468	8.65355	37.03829	122.66732	334.45978
0.3	-4.9	0.13094	1.53471	9.35224	39.35911	128.29536	344.55576
0.3	-4.85	0.14691	1.68815	10.10039	41.78632	134.02899	354.49056
0.3	-4.8	0.16484	1.85618	10.90062	44.32049	139.85494	364.22006
0.3	-4.75	0.18495	2.04008	11.75556	46.9616	145.75819	373.6981
0.3	-4.7	0.20751	2.24123	12.66784	49.70899	151.72199	382.87678
0.3	-4.65	0.23283	2.46109	13.64008	52.56127	157.72777	391.70676
0.3	-4.6	0.26124	2.70123	14.67482	55.51624	163.75514	400.13726
0.3	-4.55	0.29311	2.96334	15.77453	58.57083	169.78183	408.1167
0.3	-4.5	0.32887	3.24919	16.94157	61.72098	175.78374	415.59271
0.3	-4.45	0.36899	3.56069	18.17812	64.96158	181.73489	422.51271
0.3	-4.4	0.41401	3.89983	19.48614	68.28641	187.60758	428.82435
0.3	-4.35	0.46452	4.26872	20.86736	71.688	193.37232	434.47574
0.3	-4.3	0.52119	4.66957	22.32315	75.15759	198.998	439.41613
0.3	-4.25	0.58477	5.1047	23.85454	78.68507	204.45207	443.59649
0.3	-4.2	0.65611	5.57649	25.46206	82.25886	209.70056	446.96972
0.3	-4.15	0.73614	6.08741	27.14576	85.86593	214.70843	449.49169
0.3	-4.1	0.82593	6.64001	28.90504	89.49168	219.43969	451.12137
0.3	-4.05	0.92664	7.23684	30.73862	93.11996	223.85769	451.8217
0.3	-4.	1.03961	7.88047	32.64444	96.73306	227.92552	451.56032
0.3	-3.95	1.16631	8.57346	34.61954	100.31169	231.6062	450.30968
0.3	-3.9	1.30838	9.31829	36.65999	103.83504	234.86316	448.0481
0.3	-3.85	1.46765	10.1173	38.76079	107.28086	237.66065	444.76006
0.3	-3.8	1.64614	10.97268	40.91575	110.62551	239.96421	440.43703
0.3	-3.75	1.84609	11.88635	43.11745	113.84412	241.741	435.07729
0.3	-3.7	2.06996	12.8599	45.3571	116.91077	242.96052	428.68724
0.3	-3.65	2.32043	13.89447	47.62449	119.79868	243.59489	421.28075
0.3	-3.6	2.60043	14.99067	49.90796	122.48046	243.6196	412.88034
0.3	-3.55	2.91312	16.14843	52.19434	124.92841	243.0138	403.51664
0.3	-3.5	3.26191	17.36687	54.46894	127.11484	241.76099	393.22883
0.3	-3.45	3.65034	18.64417	56.71561	129.01244	239.84932	382.06416
0.3	-3.4	4.08207	19.97738	58.9168	130.5947	237.27217	370.07818
0.3	-3.35	4.56076	21.3623	61.05365	131.83632	234.02859	357.33449
0.3	-3.3	5.08989	22.79331	63.10621	132.71365	230.12334	343.90345
0.3	-3.25	5.67206	24.26338	65.0536	133.2052	225.56762	329.86291
0.3	-3.2	6.30848	25.76407	66.8743	133.29198	220.37868	315.29599
0.3	-3.15	6.99968	27.28576	68.54635	132.95811	214.58053	300.29174
0.3	-3.1	7.74753	28.81742	70.0476	132.19112	208.20344	284.94309
0.3	-3.05	8.55439	30.34605	71.35615	130.98248	201.28415	269.34636
0.3	-3.	9.42056	31.85673	72.45079	129.32789	193.86535	253.59966
0.3	-2.95	10.3438	33.3329	73.31159	127.2276	185.99561	237.80213
0.3	-2.9	11.31684	34.75699	73.92038	124.68669	177.729	222.05288
0.3	-2.85	12.32213	36.11203	74.26106	121.71496	169.12408	206.44848
0.3	-2.8	13.34009	37.38408	74.31945	118.3273	160.24402	191.08338
0.3	-2.75	14.36365	38.5608	74.0828	114.54355	151.15507	176.04672
0.3	-2.7	15.39279	39.62935	73.53988	110.38914	141.92655	161.42289
0.3	-2.65	16.43707	40.57435	72.68143	105.89498	132.62894	147.28844
0.3	-2.6	17.51418	41.37516	71.50141	101.09789	123.3336	133.7128
0.3	-2.55	18.62521	42.00523	69.99874	96.03998	114.1105	120.75564
0.3	-2.5	19.74365	42.43815	68.17888	90.76817	105.02748	108.46731
0.3	-2.45	20.84536	42.65075	66.0541	85.33312	96.14894	96.88832
0.3	-2.4	21.90473	42.62283	63.64349	79.78769	87.53394	86.04811
0.3	-2.35	22.88324	42.33932	60.97302	74.18603	79.23614	75.96664
0.3	-2.3	23.73148	41.7941	58.07454	68.58159	71.30199	66.65306
0.3	-2.25	24.41909	40.99144	54.9842	63.02625	63.77108	58.10767
0.3	-2.2	24.94084	39.9397	51.74092	57.56891	56.67515	50.32156
0.3	-2.15	25.27623	38.65121	48.38596	52.25468	50.03832	43.27793
0.3	-2.1	25.4	37.14557	44.96182	47.12376	43.8769	36.95261
0.3	-2.05	25.29071	35.45068	41.5105	42.21093	38.20004	31.31544
0.3	-2.	24.9384	33.60206	38.0715	37.54527	33.01025	26.33126
0.3	-1.95	24.35491	31.63986	34.67965	33.14986	28.30347	21.96025
0.3	-1.9	23.6036	29.60166	31.36445	29.04298	24.07044	18.15983
0.3	-1.85	22.75113	27.51027	28.15105	25.23809	20.29641	14.8846
0.3	-1.8	21.8068	25.38339	25.06311	21.74461	16.96233	12.08817
0.3	-1.75	20.78556	23.23702	22.12278	18.5672	14.0447	9.72324
0.3	-1.7	19.67219	21.08887	19.35115	15.70601	11.5168	7.74325
0.3	-1.65	18.45241	18.96347	16.76663	13.15602	9.34885	6.10254
0.3	-1.6	17.14294	16.88833	14.38358	10.90777	7.50947	4.75763
0.3	-1.55	15.76982	14.88876	12.21136	8.94743	5.966	3.66743
0.3	-1.5	14.35692	12.98698	10.25471	7.25777	4.68571	2.79391
0.3	-1.45	12.92805	11.20218	8.51383	5.81888	3.63643	2.10248
0.3	-1.4	11.50767	9.54985	6.98452	4.60867	2.78708	1.56198
0.3	-1.35	10.11785	8.04166	5.65882	3.60398	2.10847	1.145
0.3	-1.3	8.78186	6.68528	4.5252	2.78104	1.57351	0.82764
0.3	-1.25	7.52346	5.48328	3.56952	2.11641	1.1577	0.58953
0.3	-1.2	6.35575	4.43388	2.77566	1.5874	0.83917	0.41348
0.3	-1.15	5.28964	3.5323	2.12642	1.17273	0.59886	0.28533
0.3	-1.1	4.33339	2.77061	1.60394	0.85274	0.42039	0.19355
0.3	-1.05	3.49104	2.13841	1.19042	0.60981	0.29002	0.12891
0.3	-1.	2.76439	1.62338	0.8687	0.42849	0.19643	0.08421
0.3	-0.95	2.15237	1.21133	0.62269	0.29551	0.13045	0.05388
0.3	-0.9	1.64659	0.88755	0.43799	0.1998	0.08483	0.03371
0.3	-0.85	1.23638	0.63785	0.30192	0.13224	0.05393	0.02059
0.3	-0.8	0.90994	0.44906	0.20371	0.08555	0.03346	0.01225
0.3	-0.75	0.6554	0.30935	0.13432	0.05399	0.02021	0.00708
0.3	-0.7	0.46172	0.20829	0.08638	0.03315	0.01185	0.00397
0.3	-0.65	0.31814	0.1368	0.05404	0.01976	0.00673	0.00215
0.3	-0.6	0.21387	0.08737	0.03277	0.01139	0.00369	0.00112
0.3	-0.55	0.13987	0.05406	0.0192	0.00633	0.00195	0.00056
0.3	-0.5	0.0886	0.03226	0.01082	0.00337	0.00098	0.00027
0.3	-0.45	0.05399	0.01848	0.00585	0.00172	0.00047	0.00012
0.3	-0.4	0.03145	0.01012	0.00302	0.00083	0.00022	0.00005
0.3	-0.35	0.01752	0.00529	0.00148	0.00038	0.00009	0.00002
0.3	-0.3	0.00928	0.00261	0.00068	0.00016	0.00004	0.00000
0.3	-0.25	0.00464	0.00121	0.00029	0.00006	0.00001	0.00000
0.3	-0.2	0.00216	0.00052	0.00011	0.00002	0.00000	0.00000
0.3	-0.15	0.00094	0.00021	0.00004	0.00000	0.00000	0.00000
0.3	-0.1	0.00039	0.00007	0.00001	0.00000	0.00000	0.00000
0.3	-0.05	0.00014	0.00002	0.00000	0.00000	0.00000	0.00000
0.3	0.00	0.00000	0.00000	0.00000	0.00000	0.00000	0.00000
0.2	-8.9	0.00002	0.00059	0.00872	0.08669	0.65148	3.94592
0.2	-8.85	0.00002	0.00066	0.00963	0.09504	0.70881	4.26139
0.2	-8.8	0.00003	0.00073	0.01064	0.10416	0.771	4.60076
0.2	-8.75	0.00003	0.00081	0.01175	0.11414	0.83845	4.96572
0.2	-8.7	0.00003	0.0009	0.01297	0.12506	0.91158	5.35805
0.2	-8.65	0.00004	0.00101	0.01432	0.13699	0.99084	5.77964
0.2	-8.6	0.00004	0.00112	0.01581	0.15003	1.07674	6.23252
0.2	-8.55	0.00004	0.00125	0.01745	0.16428	1.16978	6.71882
0.2	-8.5	0.00005	0.00139	0.01926	0.17985	1.27053	7.24079
0.2	-8.45	0.00006	0.00154	0.02125	0.19686	1.37961	7.80083
0.2	-8.4	0.00006	0.00172	0.02345	0.21543	1.49766	8.40149
0.2	-8.35	0.00007	0.00191	0.02587	0.2357	1.62536	9.04542
0.2	-8.3	0.00008	0.00212	0.02853	0.25783	1.76348	9.73548
0.2	-8.25	0.00009	0.00236	0.03147	0.28198	1.91281	10.47464
0.2	-8.2	0.0001	0.00263	0.0347	0.30832	2.07419	11.26605
0.2	-8.15	0.00011	0.00292	0.03826	0.33705	2.24855	12.11304
0.2	-8.1	0.00013	0.00325	0.04217	0.36837	2.43686	13.01909
0.2	-8.05	0.00014	0.00361	0.04648	0.4025	2.64016	13.98788
0.2	-8.	0.00016	0.00402	0.05122	0.43971	2.85955	15.02326
0.2	-7.95	0.00018	0.00447	0.05644	0.48023	3.09624	16.12928
0.2	-7.9	0.0002	0.00497	0.06217	0.52437	3.35147	17.31019
0.2	-7.85	0.00023	0.00552	0.06848	0.57242	3.62659	18.57042
0.2	-7.8	0.00025	0.00614	0.07542	0.62472	3.92304	19.91462
0.2	-7.75	0.00028	0.00682	0.08304	0.68163	4.24234	21.34764
0.2	-7.7	0.00032	0.00758	0.09142	0.74353	4.58609	22.87453
0.2	-7.65	0.00036	0.00842	0.10062	0.81083	4.95602	24.50056
0.2	-7.6	0.0004	0.00936	0.11074	0.884	5.35394	26.23121
0.2	-7.55	0.00045	0.0104	0.12184	0.9635	5.78179	28.07217
0.2	-7.5	0.0005	0.01155	0.13403	1.04987	6.24159	30.02934
0.2	-7.45	0.00057	0.01283	0.14742	1.14365	6.73551	32.10881
0.2	-7.4	0.00063	0.01425	0.16211	1.24545	7.26583	34.31691
0.2	-7.35	0.00071	0.01582	0.17822	1.35592	7.83494	36.66012
0.2	-7.3	0.0008	0.01757	0.1959	1.47574	8.44539	39.14514
0.2	-7.25	0.0009	0.01951	0.21529	1.60567	9.09983	41.77885
0.2	-7.2	0.00101	0.02166	0.23654	1.74649	9.80107	44.56829
0.2	-7.15	0.00113	0.02404	0.25983	1.89906	10.55207	47.52066
0.2	-7.1	0.00127	0.02668	0.28536	2.0643	11.3559	50.6433
0.2	-7.05	0.00142	0.02961	0.31332	2.24317	12.21581	53.94366
0.2	-7.	0.00159	0.03285	0.34394	2.43672	13.13517	57.42931
0.2	-6.95	0.00179	0.03645	0.37746	2.64606	14.11752	61.10789
0.2	-6.9	0.00201	0.04044	0.41415	2.87239	15.16654	64.98707
0.2	-6.85	0.00225	0.04485	0.45429	3.11695	16.28606	69.07457
0.2	-6.8	0.00253	0.04974	0.49819	3.38111	17.48007	73.37806
0.2	-6.75	0.00283	0.05516	0.5462	3.66628	18.75269	77.90518
0.2	-6.7	0.00318	0.06116	0.59867	3.974	20.1082	82.66346
0.2	-6.65	0.00357	0.0678	0.656	4.30586	21.55099	87.66028
0.2	-6.6	0.004	0.07515	0.71863	4.66358	23.08563	92.90285
0.2	-6.55	0.00449	0.08328	0.787	5.04897	24.71676	98.39811
0.2	-6.5	0.00504	0.09229	0.86164	5.46393	26.44916	104.15268
0.2	-6.45	0.00566	0.10224	0.94306	5.91049	28.28773	110.17283
0.2	-6.4	0.00635	0.11326	1.03187	6.39076	30.23743	116.46436
0.2	-6.35	0.00712	0.12544	1.12869	6.90699	32.30332	123.03258
0.2	-6.3	0.00799	0.13891	1.23419	7.46151	34.49047	129.88216
0.2	-6.25	0.00896	0.15379	1.34911	8.0568	36.80405	137.01714
0.2	-6.2	0.01006	0.17024	1.47424	8.69543	39.24917	144.44074
0.2	-6.15	0.01128	0.18842	1.61041	9.3801	41.83098	152.15534
0.2	-6.1	0.01266	0.20849	1.75853	10.11362	44.55454	160.16235
0.2	-6.05	0.01421	0.23066	1.91958	10.8989	47.42485	168.4621
0.2	-6.	0.01594	0.25513	2.09459	11.73899	50.44679	177.05378
0.2	-5.95	0.01788	0.28215	2.28468	12.63702	53.62506	185.93528
0.2	-5.9	0.02007	0.31195	2.49104	13.59623	56.96418	195.10309
0.2	-5.85	0.02251	0.34483	2.71493	14.61997	60.46838	204.55221
0.2	-5.8	0.02526	0.38109	2.95772	15.71166	64.14162	214.276
0.2	-5.75	0.02834	0.42107	3.22083	16.87479	67.98746	224.26611
0.2	-5.7	0.0318	0.46512	3.50581	18.11294	72.00903	234.51231
0.2	-5.65	0.03568	0.51366	3.81426	19.42971	76.20899	245.00242
0.2	-5.6	0.04004	0.56712	4.14792	20.82875	80.58941	255.72219
0.2	-5.55	0.04492	0.62598	4.5086	22.31373	85.15171	266.65517
0.2	-5.5	0.0504	0.69075	4.89821	23.88828	89.89661	277.78265
0.2	-5.45	0.05655	0.76201	5.31877	25.55603	94.824	289.08354
0.2	-5.4	0.06345	0.84038	5.77241	27.32051	99.9329	300.53428
0.2	-5.35	0.07119	0.92653	6.26133	29.18519	105.22133	312.10881
0.2	-5.3	0.07988	1.02119	6.78786	31.15336	110.68625	323.77848
0.2	-5.25	0.08963	1.12516	7.35441	33.22818	116.32344	335.512
0.2	-5.2	0.10056	1.2393	7.96349	35.41256	122.12742	347.27544
0.2	-5.15	0.11283	1.36453	8.6177	37.70916	128.09138	359.03226
0.2	-5.1	0.1266	1.50188	9.3197	40.12029	134.20702	370.74319
0.2	-5.05	0.14205	1.65243	10.07225	42.64792	140.46452	382.36649
0.2	-5.	0.15938	1.81736	10.87814	45.29354	146.85243	393.85782
0.2	-4.95	0.17883	1.99793	11.74022	48.05816	153.35757	405.17044
0.2	-4.9	0.20064	2.19552	12.66136	50.9422	159.96499	416.25542
0.2	-4.85	0.22512	2.41157	13.64443	53.94541	166.65786	427.06157
0.2	-4.8	0.25259	2.64767	14.69229	57.06684	173.41747	437.53597
0.2	-4.75	0.28341	2.90548	15.80774	60.30469	180.2231	447.62389
0.2	-4.7	0.31798	3.18678	16.99352	63.65629	187.05206	457.26929
0.2	-4.65	0.35678	3.49347	18.25224	67.11797	193.87967	466.41515
0.2	-4.6	0.4003	3.82757	19.58635	70.68498	200.67921	475.00359
0.2	-4.55	0.44914	4.19118	20.99809	74.35144	207.42205	482.97665
0.2	-4.5	0.50393	4.58655	22.48946	78.1102	214.07758	490.27636
0.2	-4.45	0.5654	5.016	24.06212	81.95278	220.61339	496.84542
0.2	-4.4	0.63437	5.48197	25.71738	85.86933	226.99535	502.62785
0.2	-4.35	0.71173	5.98698	27.45606	89.84848	233.18771	507.56915
0.2	-4.3	0.7985	6.53364	29.2785	93.87736	239.15333	511.61719
0.2	-4.25	0.89583	7.12457	31.1844	97.94149	244.8539	514.7229
0.2	-4.2	1.00497	7.76248	33.17279	102.02478	250.25008	516.84039
0.2	-4.15	1.12734	8.45003	35.24191	106.10949	255.30197	517.92831
0.2	-4.1	1.26451	9.18987	37.38915	110.17626	259.96924	517.94972
0.2	-4.05	1.41819	9.98458	39.61092	114.20407	264.21158	516.87325
0.2	-4.	1.59032	10.83657	41.90258	118.17037	267.98917	514.67373
0.2	-3.95	1.78301	11.7481	44.25836	122.0511	271.26293	511.33227
0.2	-3.9	1.99856	12.72114	46.67124	125.8208	273.99511	506.83736
0.2	-3.85	2.23953	13.7573	49.13292	129.45278	276.14974	501.18504
0.2	-3.8	2.50867	14.85776	51.63371	132.9193	277.69317	494.37977
0.2	-3.75	2.80888	16.02314	54.16253	136.19172	278.59445	486.43396
0.2	-3.7	3.14315	17.25341	56.70685	139.2408	278.8261	477.36944
0.2	-3.65	3.51453	18.5478	59.25271	142.03698	278.36432	467.21636
0.2	-3.6	3.92608	19.90469	61.78471	144.55064	277.18987	456.01456
0.2	-3.55	4.3808	21.32153	64.28608	146.75251	275.28826	443.81256
0.2	-3.5	4.88122	22.79475	66.73873	148.61401	272.65044	430.668
0.2	-3.45	5.42875	24.31981	69.12334	150.10759	269.27307	416.64683
0.2	-3.4	6.02453	25.8914	71.41946	151.20726	265.15904	401.82342
0.2	-3.35	6.67081	27.50311	73.60553	151.88901	260.31791	386.28013
0.2	-3.3	7.36979	29.14719	75.65908	152.13124	254.76576	370.10553
0.2	-3.25	8.12328	30.81446	77.55697	151.91536	248.52596	353.39518
0.2	-3.2	8.93259	32.49422	79.27563	151.22619	241.62857	336.24891
0.2	-3.15	9.79819	34.1742	80.79142	150.05256	234.11097	318.7714
0.2	-3.1	10.71973	35.84066	82.081	148.38767	226.01716	301.0697
0.2	-3.05	11.69604	37.47831	83.1217	146.22959	217.39778	283.25268
0.2	-3.	12.72456	39.07044	83.892	143.58155	208.30938	265.42901
0.2	-2.95	13.8014	40.59909	84.372	140.4523	198.81417	247.70636
0.2	-2.9	14.92147	42.04516	84.54391	136.85644	188.97936	230.19015
0.2	-2.85	16.07817	43.38866	84.39253	132.81424	178.87567	212.98079
0.2	-2.8	17.26369	44.6089	83.90583	128.35206	168.57742	196.1743
0.2	-2.75	18.46878	45.68472	83.07543	123.50185	158.16031	179.85887
0.2	-2.7	19.68136	46.59496	81.89713	118.30126	147.70141	164.11583
0.2	-2.65	20.88757	47.31904	80.37135	112.79287	137.27682	149.01647
0.2	-2.6	22.0717	47.83746	78.50355	107.02405	126.96155	134.62331
0.2	-2.55	23.21613	48.13241	76.30441	101.04582	116.82716	120.98747
0.2	-2.5	24.30272	48.18837	73.79007	94.91232	106.94134	108.14956
0.2	-2.45	25.31275	47.99231	70.98224	88.67985	97.3667	96.13942
0.2	-2.4	26.22422	47.53463	67.90802	82.40538	88.15904	84.97502
0.2	-2.35	27.014	46.81006	64.59986	76.14593	79.36758	74.66449
0.2	-2.3	27.65856	45.81846	61.09476	69.95668	71.0331	65.20483
0.2	-2.25	28.13387	44.56547	57.43381	63.89028	63.18859	56.5843
0.2	-2.2	28.41747	43.06325	53.66094	57.99523	55.85829	48.78212
0.2	-2.15	28.4897	41.33058	49.82181	52.31504	49.05812	41.77013
0.2	-2.1	28.33217	39.39327	45.96219	46.88714	42.79573	35.51349
0.2	-2.05	27.93213	37.28427	42.1264	41.7425	37.07134	29.97221
0.2	-2.	27.28658	35.04275	38.35543	36.90546	31.8785	25.10229
0.2	-1.95	26.40664	32.71188	34.68499	32.39348	27.20429	20.85623
0.2	-1.9	25.33664	30.3346	31.14466	28.2184	23.03106	17.18488
0.2	-1.85	24.15361	27.94351	27.75778	24.38659	19.33626	14.03755
0.2	-1.8	22.90666	25.55836	24.54425	20.90024	16.09387	11.3637
0.2	-1.75	21.59716	23.19475	21.52198	17.75683	13.27431	9.11301
0.2	-1.7	20.21054	20.87224	18.70714	14.94962	10.8458	7.23689
0.2	-1.65	18.74438	18.61549	16.11226	12.46712	8.77454	5.68854
0.2	-1.6	17.22241	16.44998	13.74532	10.29415	7.02614	4.42411
0.2	-1.55	15.67608	14.39692	11.60929	8.41202	5.56587	3.40268
0.2	-1.5	14.12955	12.47337	9.70282	6.79961	4.35977	2.58686
0.2	-1.45	12.60567	10.69273	8.02068	5.43404	3.37514	1.94298
0.2	-1.4	11.12541	9.0645	6.55398	4.29118	2.58095	1.441
0.2	-1.35	9.70711	7.59459	5.29096	3.34663	1.94846	1.05469
0.2	-1.3	8.3688	6.28516	4.21723	2.57602	1.45133	0.76134
0.2	-1.25	7.12659	5.13429	3.3167	1.95589	1.06598	0.5417
0.2	-1.2	5.98886	4.13671	2.57203	1.46391	0.77151	0.37961
0.2	-1.15	4.96163	3.28484	1.96545	1.0794	0.54986	0.26182
0.2	-1.1	4.04849	2.56886	1.47903	0.78351	0.3856	0.17758
0.2	-1.05	3.25007	1.9772	1.09529	0.55945	0.26585	0.11832
0.2	-1.	2.56554	1.49703	0.79765	0.39262	0.18002	0.07737
0.2	-0.95	1.99145	1.11417	0.57072	0.27055	0.1196	0.04959
0.2	-0.9	1.51869	0.81437	0.40083	0.18286	0.07787	0.03112
0.2	-0.85	1.13683	0.58398	0.27601	0.12108	0.04961	0.01908
0.2	-0.8	0.83431	0.41037	0.18614	0.07843	0.03088	0.01142
0.2	-0.75	0.59937	0.28231	0.12278	0.04962	0.01874	0.00665
0.2	-0.7	0.42121	0.18995	0.07908	0.03059	0.01107	0.00377
0.2	-0.65	0.28964	0.12479	0.04962	0.01834	0.00635	0.00207
0.2	-0.6	0.19452	0.07985	0.03025	0.01066	0.00352	0.0011
0.2	-0.55	0.12728	0.0496	0.01786	0.00599	0.00189	0.00056
0.2	-0.5	0.08084	0.02979	0.01017	0.00325	0.00097	0.00027
0.2	-0.45	0.04953	0.01723	0.00558	0.00169	0.00048	0.00013
0.2	-0.4	0.0291	0.00956	0.00294	0.00085	0.00023	0.00006
0.2	-0.35	0.01637	0.00509	0.00148	0.0004	0.0001	0.00002
0.2	-0.3	0.00879	0.0026	0.00072	0.00018	0.00004	0.00000
0.2	-0.25	0.00452	0.00127	0.00033	0.00008	0.00002	0.00000
0.2	-0.2	0.00225	0.00059	0.00014	0.00003	0.00000	0.00000
0.2	-0.15	0.00108	0.00025	0.00005	0.00000	0.00000	0.00000
0.2	-0.1	0.00049	0.00009	0.00001	0.00000	0.00000	0.00000
0.2	-0.05	0.00018	0.00002	0.00000	0.00000	0.00000	0.00000
0.2	0.00	0.00000	0.00000	0.00000	0.00000	0.00000	0.00000
0.1	-8.9	0.00004	0.00116	0.01648	0.15712	1.13485	6.62197
0.1	-8.85	0.00005	0.0013	0.01819	0.17206	1.23317	7.14095
0.1	-8.8	0.00005	0.00144	0.02008	0.18839	1.33967	7.69826
0.1	-8.75	0.00006	0.0016	0.02216	0.20623	1.455	8.29649
0.1	-8.7	0.00007	0.00178	0.02445	0.22571	1.57985	8.9384
0.1	-8.65	0.00007	0.00199	0.02697	0.24699	1.71496	9.62689
0.1	-8.6	0.00008	0.00221	0.02975	0.27021	1.86112	10.36505
0.1	-8.55	0.00009	0.00246	0.03281	0.29555	2.0192	11.15613
0.1	-8.5	0.0001	0.00273	0.03618	0.3232	2.19009	12.00357
0.1	-8.45	0.00012	0.00304	0.03989	0.35336	2.37479	12.911
0.1	-8.4	0.00013	0.00338	0.04398	0.38626	2.57433	13.88224
0.1	-8.35	0.00015	0.00376	0.04848	0.42211	2.78982	14.9213
0.1	-8.3	0.00017	0.00418	0.05342	0.4612	3.02247	16.03244
0.1	-8.25	0.00019	0.00465	0.05887	0.50378	3.27354	17.22008
0.1	-8.2	0.00021	0.00516	0.06486	0.55016	3.54439	18.4889
0.1	-8.15	0.00023	0.00574	0.07144	0.60068	3.83646	19.8438
0.1	-8.1	0.00026	0.00638	0.07868	0.65567	4.15129	21.28991
0.1	-8.05	0.00029	0.00709	0.08664	0.71551	4.49053	22.83259
0.1	-8.	0.00033	0.00788	0.09539	0.78062	4.85591	24.47746
0.1	-7.95	0.00037	0.00876	0.105	0.85144	5.24928	26.23035
0.1	-7.9	0.00042	0.00973	0.11556	0.92844	5.67261	28.09739
0.1	-7.85	0.00047	0.01081	0.12716	1.01213	6.12799	30.08491
0.1	-7.8	0.00052	0.01201	0.13989	1.10306	6.61761	32.19951
0.1	-7.75	0.00059	0.01334	0.15388	1.20184	7.14383	34.44806
0.1	-7.7	0.00066	0.01481	0.16922	1.30908	7.7091	36.83764
0.1	-7.65	0.00074	0.01645	0.18606	1.42549	8.31605	39.3756
0.1	-7.6	0.00083	0.01827	0.20453	1.5518	8.96744	42.06951
0.1	-7.55	0.00093	0.02028	0.22479	1.68879	9.66616	44.9272
0.1	-7.5	0.00104	0.02251	0.24701	1.83732	10.41529	47.95669
0.1	-7.45	0.00117	0.02499	0.27136	1.99829	11.21804	51.16623
0.1	-7.4	0.00131	0.02774	0.29804	2.17268	12.07781	54.56428
0.1	-7.35	0.00148	0.03078	0.32728	2.36153	12.99813	58.15945
0.1	-7.3	0.00166	0.03416	0.3593	2.56595	13.98275	61.96053
0.1	-7.25	0.00186	0.0379	0.39436	2.78712	15.03554	65.97645
0.1	-7.2	0.00208	0.04204	0.43274	3.02633	16.16058	70.21626
0.1	-7.15	0.00234	0.04664	0.47473	3.28492	17.36212	74.68909
0.1	-7.1	0.00262	0.05172	0.52067	3.56434	18.64457	79.40412
0.1	-7.05	0.00294	0.05735	0.57091	3.86611	20.01255	84.37054
0.1	-7.	0.0033	0.06359	0.62584	4.19188	21.47081	89.59753
0.1	-6.95	0.00371	0.0705	0.68586	4.54338	23.0243	95.0942
0.1	-6.9	0.00416	0.07814	0.75143	4.92244	24.67813	100.86952
0.1	-6.85	0.00467	0.0866	0.82305	5.33102	26.43757	106.93229
0.1	-6.8	0.00523	0.09597	0.90122	5.77118	28.30804	113.2911
0.1	-6.75	0.00587	0.10632	0.98654	6.24509	30.29511	119.95422
0.1	-6.7	0.00659	0.11778	1.0796	6.75507	32.40446	126.92953
0.1	-6.65	0.00739	0.13045	1.18108	7.30354	34.64191	134.22451
0.1	-6.6	0.0083	0.14445	1.29169	7.89305	37.01336	141.84606
0.1	-6.55	0.00931	0.15994	1.4122	8.52628	39.52481	149.80051
0.1	-6.5	0.01044	0.17705	1.54344	9.20607	42.18231	158.09346
0.1	-6.45	0.01172	0.19595	1.68631	9.93534	44.99192	166.72971
0.1	-6.4	0.01315	0.21683	1.84176	10.7172	47.95975	175.71316
0.1	-6.35	0.01475	0.23989	2.01082	11.55485	51.09184	185.04667
0.1	-6.3	0.01655	0.26535	2.19459	12.45165	54.39417	194.732
0.1	-6.25	0.01857	0.29346	2.39426	13.41108	57.87264	204.76966
0.1	-6.2	0.02084	0.32446	2.61109	14.43673	61.53297	215.15877
0.1	-6.15	0.02338	0.35867	2.84642	15.53235	65.3807	225.89699
0.1	-6.1	0.02624	0.39639	3.1017	16.70176	69.42112	236.98033
0.1	-6.05	0.02944	0.43798	3.37845	17.94891	73.65918	248.40306
0.1	-6.	0.03303	0.48382	3.67832	19.27785	78.0995	260.15761
0.1	-5.95	0.03706	0.53432	4.00303	20.69269	82.74624	272.23431
0.1	-5.9	0.04158	0.58995	4.35442	22.19762	87.60304	284.62146
0.1	-5.85	0.04665	0.65119	4.73444	23.79688	92.67298	297.30498
0.1	-5.8	0.05235	0.71859	5.14514	25.49473	97.95843	310.26848
0.1	-5.75	0.05873	0.79275	5.58869	27.29544	103.46105	323.49303
0.1	-5.7	0.0659	0.8743	6.06738	29.20325	109.18162	336.95707
0.1	-5.65	0.07394	0.96396	6.5836	31.22235	115.11999	350.63632
0.1	-5.6	0.08296	1.06248	7.13985	33.35683	121.27498	364.50371
0.1	-5.55	0.09309	1.17068	7.73877	35.61067	127.64427	378.52921
0.1	-5.5	0.10444	1.28948	8.38309	37.98767	134.2243	392.67993
0.1	-5.45	0.11719	1.41984	9.07563	40.49141	141.01015	406.91988
0.1	-5.4	0.13149	1.56281	9.81934	43.1252	147.99548	421.2101
0.1	-5.35	0.14753	1.71953	10.61724	45.89202	155.17237	435.50858
0.1	-5.3	0.16553	1.89123	11.47244	48.79447	162.53126	449.77036
0.1	-5.25	0.18573	2.07923	12.38812	51.8347	170.06082	463.94741
0.1	-5.2	0.20839	2.28495	13.36749	55.01432	177.74786	477.9889
0.1	-5.15	0.23381	2.50992	14.41382	58.33435	185.57729	491.84129
0.1	-5.1	0.26234	2.75577	15.53039	61.79515	193.53194	505.44827
0.1	-5.05	0.29434	3.02425	16.72044	65.3963	201.59259	518.75131
0.1	-5.	0.33025	3.31722	17.9872	69.13653	209.73782	531.6895
0.1	-4.95	0.37054	3.63666	19.33379	73.01365	217.94404	544.20006
0.1	-4.9	0.41573	3.98467	20.76324	77.02444	226.18544	556.21867
0.1	-4.85	0.46643	4.36347	22.27841	81.16455	234.43392	567.67954
0.1	-4.8	0.52331	4.77539	23.88195	85.42844	242.6592	578.51624
0.1	-4.75	0.5871	5.22288	25.57626	89.80925	250.82877	588.66167
0.1	-4.7	0.65864	5.7085	27.3634	94.29875	258.90799	598.04886
0.1	-4.65	0.73886	6.2349	29.24505	98.88721	266.86021	606.61151
0.1	-4.6	0.82879	6.8048	31.22245	103.56338	274.64678	614.28414
0.1	-4.55	0.92959	7.42102	33.2963	108.31436	282.22737	621.00334
0.1	-4.5	1.04254	8.08641	35.46669	113.1256	289.55999	626.70768
0.1	-4.45	1.16905	8.80383	37.73303	117.98079	296.60132	631.33884
0.1	-4.4	1.3107	9.57612	40.09394	122.86188	303.30699	634.84233
0.1	-4.35	1.46919	10.40611	42.54718	127.74904	309.63174	637.16763
0.1	-4.3	1.64639	11.29648	45.08958	132.62068	315.52991	638.26941
0.1	-4.25	1.84432	12.2498	47.7169	137.45346	320.95579	638.10822
0.1	-4.2	2.06514	13.26843	50.42381	142.22233	325.86389	636.65052
0.1	-4.15	2.31114	14.35448	53.20373	146.90066	330.20966	633.87035
0.1	-4.1	2.5847	15.50974	56.04884	151.46029	333.94964	629.74885
0.1	-4.05	2.88814	16.73563	58.94995	155.87171	337.04222	624.27555
0.1	-4.	3.22385	18.03318	61.89643	160.10422	339.44816	617.44901
0.1	-3.95	3.59463	19.40294	64.87615	164.12611	341.13091	609.27635
0.1	-3.9	4.00344	20.84477	67.87545	167.90498	342.05744	599.77457
0.1	-3.85	4.45334	22.35781	70.8791	171.40798	342.19865	588.97023
0.1	-3.8	4.94739	23.94033	73.87034	174.60219	341.53008	576.90022
0.1	-3.75	5.48866	25.58964	76.83085	177.45488	340.03212	563.61062
0.1	-3.7	6.08011	27.30198	79.74088	179.93407	337.69103	549.15828
0.1	-3.65	6.72453	29.07242	82.57931	182.0088	334.4988	533.60875
0.1	-3.6	7.42436	30.89476	85.32379	183.64972	330.45419	517.03773
0.1	-3.55	8.18175	32.76152	87.9509	184.82944	325.56264	499.52919
0.1	-3.5	8.9985	34.66377	90.43634	185.52313	319.8368	481.17556
0.1	-3.45	9.8758	36.59113	92.75522	185.70891	313.29647	462.07619
0.1	-3.4	10.8142	38.53174	94.88229	185.36841	305.96901	442.3372
0.1	-3.35	11.8135	40.47221	96.79233	184.48728	297.88935	422.07057
0.1	-3.3	12.87235	42.39771	98.46045	183.05544	289.09935	401.39155
0.1	-3.25	13.9884	44.29202	99.86254	181.06778	279.6484	380.41959
0.1	-3.2	15.15795	46.13768	100.97566	178.5242	269.59213	359.27464
0.1	-3.15	16.3757	47.91614	101.77847	175.43021	258.99285	338.07806
0.1	-3.1	17.63562	49.60804	102.25169	171.79691	247.91825	316.94944
0.1	-3.05	18.93088	51.19315	102.37852	167.64129	236.44107	296.00614
0.1	-3.	20.252	52.65076	102.14512	162.98615	224.63787	275.36103
0.1	-2.95	21.58802	53.96012	101.54109	157.86014	212.58848	255.12196
0.1	-2.9	22.92673	55.10078	100.55982	152.29767	200.37511	235.39053
0.1	-2.85	24.25433	56.05294	99.19883	146.33829	188.08033	216.25936
0.1	-2.8	25.55625	56.79793	97.46011	140.02681	175.78725	197.81332
0.1	-2.75	26.8178	57.31831	95.35031	133.41218	163.57692	180.12615
0.1	-2.7	28.02231	57.59837	92.88105	126.54751	151.52855	163.26215
0.1	-2.65	29.15226	57.62466	90.06892	119.48865	139.71691	147.27322
0.1	-2.6	30.18857	57.38654	86.93565	112.294	128.21265	132.20087
0.1	-2.55	31.11168	56.87686	83.50773	105.02289	117.07992	118.07402
0.1	-2.5	31.90456	56.09219	79.81631	97.73505	106.37636	104.91046
0.1	-2.45	32.55142	55.03261	75.89686	90.48949	96.15232	92.7172
0.1	-2.4	33.03418	53.70234	71.78858	83.34299	86.44937	81.48977
0.1	-2.35	33.33539	52.11057	67.53408	76.34963	77.30123	71.21477
0.1	-2.3	33.43896	50.27168	63.17815	69.55898	68.7322	61.86899
0.1	-2.25	33.3301	48.20567	58.76709	63.01583	60.75849	53.42208
0.1	-2.2	32.99875	45.93825	54.34724	56.75884	53.38762	45.8365
0.1	-2.15	32.44058	43.49991	49.96377	50.82022	46.61934	39.06936
0.1	-2.1	31.6531	40.92585	45.65932	45.22511	40.44605	33.07313
0.1	-2.05	30.64064	38.25546	41.47263	39.99175	34.85393	27.79723
0.1	-2.	29.41658	35.53102	37.4373	35.13178	29.8239	23.18908
0.1	-1.95	28.00655	32.79532	33.58028	30.65036	25.33199	19.19445
0.1	-1.9	26.46449	30.08775	29.92183	26.54777	21.35104	15.75921
0.1	-1.85	24.86541	27.43571	26.47587	22.81973	17.8506	12.82924
0.1	-1.8	23.25179	24.85453	23.25302	19.45874	14.7983	10.35191
0.1	-1.75	21.62744	22.35545	20.26175	16.45373	12.1597	8.27598
0.1	-1.7	19.98394	19.95209	17.50891	13.79066	9.89949	6.55282
0.1	-1.65	18.32216	17.66104	14.99821	11.45212	7.98162	5.13638
0.1	-1.6	16.66103	15.49878	12.72992	9.4183	6.37041	3.98404
0.1	-1.55	15.02357	13.4782	10.70046	7.6671	5.03076	3.05648
0.1	-1.5	13.42738	11.60883	8.9031	6.17508	3.92896	2.31817
0.1	-1.45	11.88809	9.89733	7.32834	4.91791	3.03309	1.73735
0.1	-1.4	10.41939	8.34739	5.96405	3.87082	2.31323	1.28592
0.1	-1.35	9.03319	6.96015	4.79617	3.00932	1.74203	0.93953
0.1	-1.3	7.74185	5.73389	3.80877	2.30948	1.29461	0.6772
0.1	-1.25	6.55638	4.66366	2.98491	1.7486	0.94892	0.48128
0.1	-1.2	5.48106	3.74194	2.30696	1.30534	0.68558	0.33703
0.1	-1.15	4.5185	2.95956	1.75728	0.96021	0.48794	0.23242
0.1	-1.1	3.66954	2.30568	1.31842	0.69554	0.34186	0.15771
0.1	-1.05	2.93264	1.76821	0.97367	0.49579	0.2356	0.10523
0.1	-1.	2.30504	1.33418	0.70734	0.34752	0.1596	0.06898
0.1	-0.95	1.78174	0.98977	0.50506	0.23932	0.10617	0.04438
0.1	-0.9	1.35327	0.72135	0.35415	0.16179	0.0693	0.02801
0.1	-0.85	1.00916	0.51599	0.24366	0.10726	0.04434	0.01731
0.1	-0.8	0.7381	0.36191	0.16431	0.06966	0.02777	0.01047
0.1	-0.75	0.52876	0.24866	0.10849	0.04427	0.01701	0.00619
0.1	-0.7	0.37079	0.16724	0.07006	0.02749	0.01018	0.00357
0.1	-0.65	0.25458	0.10994	0.04416	0.01666	0.00594	0.00201
0.1	-0.6	0.17079	0.0705	0.02714	0.00984	0.00338	0.0011
0.1	-0.55	0.11171	0.04399	0.01623	0.00566	0.00187	0.00059
0.1	-0.5	0.071	0.02666	0.00944	0.00317	0.00101	0.0003
0.1	-0.45	0.04366	0.01567	0.00534	0.00172	0.00052	0.00015
0.1	-0.4	0.02593	0.00894	0.00294	0.00091	0.00026	0.00007
0.1	-0.35	0.01491	0.00497	0.00157	0.00046	0.00012	0.00003
0.1	-0.3	0.00834	0.0027	0.00082	0.00022	0.00006	0.00001
0.1	-0.25	0.00457	0.00143	0.0004	0.0001	0.00002	0.00000
0.1	-0.2	0.00248	0.00074	0.00019	0.00004	0.00000	0.00000
0.1	-0.15	0.00135	0.00035	0.00007	0.00001	0.00000	0.00000
0.1	-0.1	0.0007	0.00014	0.00002	0.00000	0.00000	0.00000
0.1	-0.05	0.00029	0.00004	0.00000	0.00000	0.00000	0.00000
0.1	0.00	0.00001	0.00000	0.00000	0.00000	0.00000	0.00000
0.07	-8.9	0.00006	0.00167	0.02309	0.21519	1.5215	8.70082
0.07	-8.85	0.00007	0.00186	0.02547	0.23552	1.65217	9.37512
0.07	-8.8	0.00008	0.00207	0.0281	0.25773	1.79359	10.09848
0.07	-8.75	0.00009	0.0023	0.031	0.28197	1.94661	10.87415
0.07	-8.7	0.0001	0.00256	0.03419	0.30843	2.11211	11.70558
0.07	-8.65	0.00011	0.00285	0.0377	0.3373	2.29105	12.5964
0.07	-8.6	0.00012	0.00316	0.04157	0.36879	2.48446	13.55046
0.07	-8.55	0.00014	0.00352	0.04583	0.40314	2.69344	14.5718
0.07	-8.5	0.00015	0.00391	0.05052	0.44058	2.91916	15.66469
0.07	-8.45	0.00017	0.00435	0.05567	0.4814	3.16287	16.8336
0.07	-8.4	0.00019	0.00484	0.06135	0.52587	3.42591	18.08327
0.07	-8.35	0.00022	0.00538	0.06759	0.57431	3.7097	19.41864
0.07	-8.3	0.00024	0.00598	0.07445	0.62707	4.01578	20.84491
0.07	-8.25	0.00027	0.00664	0.082	0.68451	4.34576	22.36755
0.07	-8.2	0.00031	0.00738	0.09029	0.74703	4.70136	23.99225
0.07	-8.15	0.00034	0.00821	0.09941	0.81505	5.08442	25.72498
0.07	-8.1	0.00039	0.00912	0.10943	0.88904	5.49688	27.57197
0.07	-8.05	0.00043	0.01013	0.12044	0.96949	5.94083	29.53974
0.07	-8.	0.00049	0.01126	0.13253	1.05694	6.41846	31.63505
0.07	-7.95	0.00055	0.0125	0.1458	1.15196	6.9321	33.86495
0.07	-7.9	0.00061	0.01389	0.16038	1.25519	7.48421	36.23675
0.07	-7.85	0.00069	0.01542	0.17637	1.36728	8.07741	38.75807
0.07	-7.8	0.00077	0.01713	0.19393	1.48896	8.71445	41.43675
0.07	-7.75	0.00086	0.01902	0.21319	1.621	9.39826	44.28092
0.07	-7.7	0.00097	0.02112	0.23431	1.76422	10.13191	47.29897
0.07	-7.65	0.00109	0.02344	0.25747	1.91952	10.91863	50.49954
0.07	-7.6	0.00122	0.02602	0.28286	2.08784	11.76184	53.8915
0.07	-7.55	0.00137	0.02888	0.31068	2.27021	12.66513	57.48396
0.07	-7.5	0.00154	0.03205	0.34116	2.46773	13.63226	61.28624
0.07	-7.45	0.00172	0.03557	0.37455	2.68155	14.66718	65.30783
0.07	-7.4	0.00193	0.03946	0.41111	2.91293	15.77403	69.55843
0.07	-7.35	0.00217	0.04378	0.45113	3.1632	16.95712	74.04786
0.07	-7.3	0.00244	0.04856	0.49492	3.43379	18.22098	78.78606
0.07	-7.25	0.00273	0.05385	0.54283	3.7262	19.57031	83.78305
0.07	-7.2	0.00307	0.05972	0.59523	4.04206	21.01002	89.04891
0.07	-7.15	0.00344	0.06621	0.65251	4.38308	22.54518	94.59372
0.07	-7.1	0.00386	0.07341	0.71511	4.75109	24.18107	100.42752
0.07	-7.05	0.00433	0.08136	0.78351	5.14802	25.92317	106.56026
0.07	-7.	0.00486	0.09017	0.8582	5.57592	27.7771	113.00174
0.07	-6.95	0.00545	0.09992	0.93975	6.03697	29.74868	119.76156
0.07	-6.9	0.00612	0.1107	1.02875	6.53347	31.84389	126.84904
0.07	-6.85	0.00687	0.12263	1.12584	7.06784	34.06884	134.27317
0.07	-6.8	0.0077	0.13582	1.23172	7.64265	36.42979	142.0425
0.07	-6.75	0.00864	0.1504	1.34713	8.2606	38.93314	150.16508
0.07	-6.7	0.0097	0.16652	1.47288	8.92452	41.58535	158.64837
0.07	-6.65	0.01088	0.18434	1.60983	9.6374	44.393	167.49914
0.07	-6.6	0.01221	0.20402	1.75893	10.40235	47.36269	176.72335
0.07	-6.55	0.0137	0.22576	1.92117	11.22264	50.50107	186.32608
0.07	-6.5	0.01537	0.24976	2.09763	12.10169	53.81478	196.31141
0.07	-6.45	0.01724	0.27627	2.28946	13.04305	57.31039	206.68226
0.07	-6.4	0.01935	0.30552	2.4979	14.05042	60.99442	217.44032
0.07	-6.35	0.02171	0.33781	2.72428	15.12763	64.87325	228.58591
0.07	-6.3	0.02436	0.37342	2.97	16.27866	68.95307	240.11781
0.07	-6.25	0.02733	0.41269	3.23657	17.5076	73.23985	252.0332
0.07	-6.2	0.03067	0.45598	3.5256	18.81867	77.73926	264.32743
0.07	-6.15	0.03441	0.5037	3.83881	20.2162	82.45663	276.99398
0.07	-6.1	0.03861	0.55627	4.178	21.7046	87.39685	290.02422
0.07	-6.05	0.04332	0.61417	4.54511	23.28839	92.56433	303.40734
0.07	-6.	0.0486	0.67792	4.94219	24.97212	97.96289	317.13022
0.07	-5.95	0.05453	0.74808	5.37138	26.76041	103.5957	331.1772
0.07	-5.9	0.06118	0.82527	5.83498	28.65789	109.46519	345.53011
0.07	-5.85	0.06865	0.91016	6.33539	30.66918	115.57291	360.16795
0.07	-5.8	0.07703	1.00348	6.87511	32.79886	121.91953	375.06693
0.07	-5.75	0.08642	1.10602	7.45681	35.05145	128.50463	390.20034
0.07	-5.7	0.09697	1.21865	8.08325	37.43134	135.32667	405.53835
0.07	-5.65	0.1088	1.3423	8.75731	39.94278	142.38285	421.04805
0.07	-5.6	0.12208	1.47797	9.48198	42.5898	149.66903	436.69338
0.07	-5.55	0.13697	1.62677	10.26039	45.37619	157.17955	452.43496
0.07	-5.5	0.15368	1.78988	11.09573	48.30543	164.90722	468.23027
0.07	-5.45	0.17243	1.96858	11.9913	51.38062	172.84311	484.03346
0.07	-5.4	0.19347	2.16423	12.95049	54.60441	180.97653	499.79551
0.07	-5.35	0.21708	2.37832	13.97673	57.97896	189.29484	515.46423
0.07	-5.3	0.24356	2.61244	15.07351	61.50583	197.78344	530.98445
0.07	-5.25	0.27327	2.86828	16.24434	65.1859	206.42559	546.29796
0.07	-5.2	0.3066	3.14767	17.49273	69.01932	215.2024	561.34384
0.07	-5.15	0.344	3.45253	18.82216	73.00539	224.09274	576.05869
0.07	-5.1	0.38595	3.78493	20.23604	77.14246	233.07312	590.37665
0.07	-5.05	0.43302	4.14705	21.73769	81.42788	242.11776	604.23004
0.07	-5.	0.48581	4.5412	23.33027	85.85786	251.19845	617.54932
0.07	-4.95	0.54501	4.96981	25.01676	90.4274	260.28463	630.26371
0.07	-4.9	0.6114	5.43542	26.79989	95.13016	269.34339	642.30169
0.07	-4.85	0.68584	5.9407	28.68207	99.95842	278.33946	653.59105
0.07	-4.8	0.76927	6.48841	30.66537	104.90296	287.2354	664.06002
0.07	-4.75	0.86278	7.08141	32.75139	109.95295	295.99154	673.63718
0.07	-4.7	0.96754	7.72262	34.94124	115.09592	304.56626	682.25247
0.07	-4.65	1.08486	8.41502	37.23545	120.31767	312.91614	689.83789
0.07	-4.6	1.21619	9.16164	39.63383	125.60218	320.99606	696.32757
0.07	-4.55	1.36311	9.96546	42.13549	130.93165	328.75961	701.65931
0.07	-4.5	1.52734	10.82948	44.73866	136.28637	336.15921	705.77441
0.07	-4.45	1.71069	11.75658	47.44063	141.64477	343.14653	708.61894
0.07	-4.4	1.91506	12.74956	50.23767	146.98346	349.67292	710.14455
0.07	-4.35	2.14247	13.8111	53.12491	152.27718	355.68961	710.30849
0.07	-4.3	2.39518	14.94366	56.09628	157.49894	361.14832	709.07492
0.07	-4.25	2.67574	16.14944	59.14435	162.6201	366.00177	706.41569
0.07	-4.2	2.98681	17.43023	62.26031	167.61046	370.20394	702.31004
0.07	-4.15	3.33123	18.7874	65.43387	172.4385	373.71094	696.74651
0.07	-4.1	3.71196	20.22178	68.65322	177.0715	376.48122	689.72207
0.07	-4.05	4.13208	21.73353	71.90496	181.47585	378.47639	681.24351
0.07	-4.	4.59471	23.3221	75.1741	185.6173	379.66177	671.32781
0.07	-3.95	5.10307	24.98607	78.44404	189.46124	380.00671	660.00144
0.07	-3.9	5.66034	26.72307	81.69661	192.97312	379.48547	647.30153
0.07	-3.85	6.26962	28.52969	84.9121	196.11878	378.07752	633.2753
0.07	-3.8	6.93384	30.40131	88.06939	198.86491	375.76831	617.98066
0.07	-3.75	7.65557	32.33211	91.14601	201.17941	372.54924	601.48453
0.07	-3.7	8.43717	34.31493	94.11836	203.03199	368.41875	583.86452
0.07	-3.65	9.28071	36.34119	96.96182	204.39448	363.38189	565.20621
0.07	-3.6	10.18752	38.40083	99.65108	205.24146	357.45131	545.60461
0.07	-3.55	11.15825	40.4823	102.16035	205.55067	350.64693	525.16181
0.07	-3.5	12.19261	42.5726	104.46367	205.30348	342.99627	503.98699
0.07	-3.45	13.28953	44.65728	106.5353	204.48529	334.53417	482.1946
0.07	-3.4	14.44696	46.7205	108.35	203.08606	325.30294	459.904
0.07	-3.35	15.6614	48.74514	109.88355	201.10065	315.35223	437.23849
0.07	-3.3	16.92827	50.71298	111.11304	198.52896	304.73792	414.32229
0.07	-3.25	18.24162	52.60482	112.01738	195.37649	293.5228	391.28175
0.07	-3.2	19.5937	54.40079	112.57767	191.65418	281.77468	368.2412
0.07	-3.15	20.97495	56.08067	112.77767	187.37884	269.56696	345.32419
0.07	-3.1	22.37548	57.62424	112.60408	182.57289	256.97691	322.65012
0.07	-3.05	23.78489	59.01119	112.04697	177.26446	244.08526	300.334
0.07	-3.	25.19015	60.22162	111.10016	171.48705	230.97485	278.48424
0.07	-2.95	26.57691	61.23653	109.76147	165.2794	217.73001	257.20235
0.07	-2.9	27.92976	62.03825	108.03306	158.68517	204.43559	236.58198
0.07	-2.85	29.23237	62.61084	105.92142	151.75207	191.17496	216.70626
0.07	-2.8	30.46889	62.94042	103.43762	144.53188	178.0303	197.64951
0.07	-2.75	31.6242	63.01518	100.59716	137.07915	165.07996	179.47399
0.07	-2.7	32.6817	62.82573	97.42019	129.45115	152.399	162.23198
0.07	-2.65	33.62467	62.36565	93.93119	121.70632	140.05659	145.96304
0.07	-2.6	34.43698	61.6318	90.15901	113.90418	128.11671	130.69639
0.07	-2.55	35.10248	60.62457	86.13624	106.10363	116.63584	116.44881
0.07	-2.5	35.60743	59.34823	81.89902	98.36251	105.66332	103.22652
0.07	-2.45	35.94101	57.8105	77.48656	90.73671	95.2408	91.02558
0.07	-2.4	36.09095	56.02288	72.94035	83.27864	85.40095	79.8314
0.07	-2.35	36.04704	54.00111	68.30391	76.03714	76.16871	69.62145
0.07	-2.3	35.80048	51.76516	63.62151	69.05579	67.55989	60.36433
0.07	-2.25	35.34353	49.3395	58.93765	62.37296	59.5827	52.02258
0.07	-2.2	34.67397	46.75308	54.29564	56.02065	52.23727	44.5526
0.07	-2.15	33.79565	44.03803	49.73665	50.02449	45.51673	37.90637
0.07	-2.1	32.71221	41.22957	45.29857	44.40327	39.4076	32.03221
0.07	-2.05	31.43306	38.36574	41.01503	39.16932	33.89101	26.8762
0.07	-2.	29.97637	35.48613	36.9143	34.32897	28.94358	22.38318
0.07	-1.95	28.37091	32.62944	33.0182	29.88266	24.53778	18.49701
0.07	-1.9	26.66978	29.83009	29.34233	25.82663	20.64351	15.16222
0.07	-1.85	24.94198	27.11065	25.89664	22.15312	17.22797	12.32385
0.07	-1.8	23.22256	24.48286	22.68832	18.85165	14.25696	9.92879
0.07	-1.75	21.51161	21.95534	19.72279	15.90858	11.69463	7.92574
0.07	-1.7	19.80016	19.53932	17.00404	13.30773	9.50475	6.26627
0.07	-1.65	18.08836	17.24875	14.53324	11.02996	7.65063	4.90473
0.07	-1.6	16.39323	15.09755	12.3084	9.0541	6.09632	3.79907
0.07	-1.55	14.73581	13.09615	10.32405	7.35706	4.80668	2.91068
0.07	-1.5	13.13069	11.25196	8.57192	5.9147	3.74817	2.20476
0.07	-1.45	11.59165	9.56987	7.04123	4.70225	2.88921	1.65037
0.07	-1.4	10.13065	8.05204	5.71885	3.69473	2.20035	1.22018
0.07	-1.35	8.75818	6.69827	4.58994	2.86765	1.65477	0.8906
0.07	-1.3	7.48562	5.5056	3.63802	2.19723	1.2282	0.64137
0.07	-1.25	6.32246	4.46805	2.84579	1.66107	0.8992	0.4555
0.07	-1.2	5.2716	3.57727	2.19549	1.23821	0.64899	0.31882
0.07	-1.15	4.33494	2.82343	1.66948	0.9096	0.4615	0.21982
0.07	-1.1	3.51195	2.19518	1.2505	0.65809	0.32313	0.14918
0.07	-1.05	2.79998	1.68018	0.92209	0.46861	0.22262	0.0996
0.07	-1.	2.19567	1.26541	0.66892	0.32819	0.15081	0.06537
0.07	-0.95	1.69353	0.93712	0.47703	0.22589	0.10038	0.04215
0.07	-0.9	1.28364	0.68186	0.33415	0.15269	0.0656	0.02668
0.07	-0.85	0.95528	0.48702	0.22971	0.10127	0.04206	0.01656
0.07	-0.8	0.69743	0.34115	0.15485	0.06585	0.02644	0.01008
0.07	-0.75	0.49892	0.23414	0.10226	0.04195	0.01628	0.00601
0.07	-0.7	0.34929	0.15731	0.0661	0.02615	0.00981	0.0035
0.07	-0.65	0.23928	0.10337	0.04178	0.01595	0.00578	0.002
0.07	-0.6	0.16023	0.06635	0.02579	0.0095	0.00333	0.00111
0.07	-0.55	0.10468	0.04153	0.01554	0.00553	0.00188	0.0006
0.07	-0.5	0.06659	0.02532	0.00914	0.00315	0.00103	0.00032
0.07	-0.45	0.04113	0.01503	0.00525	0.00175	0.00055	0.00016
0.07	-0.4	0.0246	0.0087	0.00295	0.00095	0.00028	0.00008
0.07	-0.35	0.01431	0.00494	0.00162	0.0005	0.00014	0.00003
0.07	-0.3	0.00815	0.00276	0.00087	0.00025	0.00006	0.00001
0.07	-0.25	0.00461	0.00152	0.00045	0.00011	0.00003	0.00000
0.07	-0.2	0.00262	0.00081	0.00021	0.00005	0.00000	0.00000
0.07	-0.15	0.00149	0.0004	0.00009	0.00002	0.00000	0.00000
0.07	-0.1	0.00081	0.00017	0.00003	0.00000	0.00000	0.00000
0.07	-0.05	0.00035	0.00004	0.00000	0.00000	0.00000	0.00000
0.07	0.00	0.00002	0.00000	0.00000	0.00000	0.00000	0.00000
0.05	-8.9	0.00009	0.00236	0.0319	0.29085	2.01406	11.29229
0.05	-8.85	0.0001	0.00263	0.03518	0.31816	2.18552	12.15755
0.05	-8.8	0.00011	0.00292	0.0388	0.34796	2.37094	13.08482
0.05	-8.75	0.00013	0.00325	0.04278	0.38048	2.57137	14.07812
0.05	-8.7	0.00014	0.00361	0.04716	0.41594	2.78797	15.1417
0.05	-8.65	0.00016	0.00402	0.05199	0.4546	3.02195	16.28004
0.05	-8.6	0.00018	0.00447	0.0573	0.49675	3.27462	17.49785
0.05	-8.55	0.0002	0.00497	0.06314	0.54267	3.54737	18.80011
0.05	-8.5	0.00022	0.00552	0.06956	0.59271	3.8417	20.19201
0.05	-8.45	0.00025	0.00614	0.07663	0.64721	4.15918	21.67904
0.05	-8.4	0.00028	0.00683	0.0844	0.70655	4.50151	23.26694
0.05	-8.35	0.00031	0.00759	0.09294	0.77114	4.87048	24.96173
0.05	-8.3	0.00035	0.00843	0.10233	0.84142	5.26802	26.7697
0.05	-8.25	0.0004	0.00937	0.11265	0.91788	5.69616	28.69744
0.05	-8.2	0.00044	0.01041	0.12399	1.00102	6.15706	30.75182
0.05	-8.15	0.0005	0.01156	0.13644	1.09141	6.65302	32.94
0.05	-8.1	0.00056	0.01284	0.15011	1.18964	7.18647	35.26944
0.05	-8.05	0.00063	0.01427	0.16512	1.29636	7.76	37.7479
0.05	-8.	0.0007	0.01585	0.1816	1.41226	8.37635	40.38345
0.05	-7.95	0.00079	0.0176	0.19969	1.53809	9.03839	43.18442
0.05	-7.9	0.00089	0.01954	0.21953	1.67464	9.74918	46.15945
0.05	-7.85	0.00099	0.0217	0.24129	1.82279	10.51195	49.31748
0.05	-7.8	0.00112	0.02409	0.26515	1.98344	11.33011	52.66771
0.05	-7.75	0.00125	0.02674	0.29131	2.1576	12.20722	56.21963
0.05	-7.7	0.00141	0.02968	0.31998	2.34632	13.14705	59.98295
0.05	-7.65	0.00158	0.03293	0.3514	2.55073	14.15357	63.96767
0.05	-7.6	0.00177	0.03654	0.38581	2.77206	15.23093	68.18397
0.05	-7.55	0.00199	0.04055	0.42349	3.01161	16.38348	72.64227
0.05	-7.5	0.00223	0.04498	0.46474	3.27075	17.61577	77.35315
0.05	-7.45	0.0025	0.04989	0.50989	3.55097	18.93258	82.32734
0.05	-7.4	0.0028	0.05534	0.55928	3.85386	20.33886	87.57571
0.05	-7.35	0.00315	0.06136	0.6133	4.18108	21.83979	93.10918
0.05	-7.3	0.00353	0.06804	0.67236	4.53444	23.44077	98.93873
0.05	-7.25	0.00396	0.07543	0.73692	4.91584	25.14737	105.07534
0.05	-7.2	0.00444	0.08361	0.80746	5.32729	26.96539	111.52992
0.05	-7.15	0.00499	0.09266	0.8845	5.77093	28.90081	118.3133
0.05	-7.1	0.0056	0.10268	0.96862	6.24905	30.95982	125.43608
0.05	-7.05	0.00628	0.11376	1.06043	6.76404	33.14878	132.90869
0.05	-7.	0.00704	0.12602	1.1606	7.31845	35.47423	140.74121
0.05	-6.95	0.0079	0.13958	1.26985	7.91495	37.94285	148.94332
0.05	-6.9	0.00887	0.15457	1.38894	8.55637	40.56148	157.52425
0.05	-6.85	0.00995	0.17114	1.51872	9.24569	43.33708	166.49265
0.05	-6.8	0.01116	0.18945	1.66009	9.98603	46.27671	175.85652
0.05	-6.75	0.01253	0.20968	1.814	10.78068	49.38752	185.62307
0.05	-6.7	0.01405	0.23203	1.98151	11.63306	52.67669	195.79865
0.05	-6.65	0.01577	0.25671	2.16372	12.54676	56.15143	206.38861
0.05	-6.6	0.01769	0.28396	2.36183	13.52554	59.81893	217.39719
0.05	-6.55	0.01985	0.31404	2.57713	14.57329	63.68632	228.82738
0.05	-6.5	0.02228	0.34723	2.81098	15.69406	67.76063	240.6808
0.05	-6.45	0.02499	0.38384	3.06486	16.89205	72.04873	252.95756
0.05	-6.4	0.02804	0.42422	3.34034	18.1716	76.55729	265.65612
0.05	-6.35	0.03146	0.46874	3.63907	19.5372	81.2927	278.77314
0.05	-6.3	0.0353	0.5178	3.96285	20.99342	86.26103	292.30331
0.05	-6.25	0.03961	0.57186	4.31356	22.54499	91.46796	306.2393
0.05	-6.2	0.04444	0.63141	4.69321	24.19671	96.91868	320.57144
0.05	-6.15	0.04987	0.69697	5.10393	25.95348	102.61782	335.28776
0.05	-6.1	0.05595	0.76913	5.54797	27.82023	108.56938	350.3737
0.05	-6.05	0.06278	0.84852	6.02772	29.80197	114.77663	365.81202
0.05	-6.	0.07044	0.93583	6.54567	31.90368	121.24199	381.58272
0.05	-5.95	0.07903	1.03182	7.10448	34.13035	127.96698	397.66277
0.05	-5.9	0.08868	1.13731	7.70689	36.48691	134.95209	414.02617
0.05	-5.85	0.0995	1.25317	8.35582	38.97817	142.19662	430.64366
0.05	-5.8	0.11164	1.38037	9.05429	41.60885	149.69868	447.48275
0.05	-5.75	0.12526	1.51996	9.80544	44.38345	157.45497	464.50764
0.05	-5.7	0.14054	1.67307	10.61255	47.30625	165.46072	481.67903
0.05	-5.65	0.15768	1.8409	11.479	50.38125	173.70954	498.95424
0.05	-5.6	0.17692	2.02479	12.40826	53.61206	182.19337	516.28716
0.05	-5.55	0.19851	2.22614	13.40392	57.00191	190.90225	533.62811
0.05	-5.5	0.22272	2.44649	14.46963	60.5535	199.82433	550.92416
0.05	-5.45	0.24989	2.68746	15.60909	64.26897	208.94565	568.1189
0.05	-5.4	0.28038	2.95082	16.82606	68.14983	218.25015	585.15278
0.05	-5.35	0.31457	3.23844	18.1243	72.19681	227.71947	601.96312
0.05	-5.3	0.35293	3.55232	19.50755	76.40984	237.33296	618.48447
0.05	-5.25	0.39596	3.89459	20.97952	80.7879	247.06752	634.64853
0.05	-5.2	0.44423	4.26751	22.54383	85.32897	256.89763	650.3847
0.05	-5.15	0.49835	4.67347	24.20395	90.02989	266.79527	665.6204
0.05	-5.1	0.55905	5.11497	25.96321	94.88629	276.72986	680.2811
0.05	-5.05	0.6271	5.59468	27.82469	99.89247	286.66836	694.29124
0.05	-5.	0.70337	6.11535	29.79119	105.0413	296.57522	707.57415
0.05	-4.95	0.78885	6.67984	31.86517	110.32413	306.41245	720.05292
0.05	-4.9	0.8846	7.29116	34.04865	115.73073	316.13978	731.65098
0.05	-4.85	0.99183	7.95234	36.34319	121.24912	325.71463	742.29218
0.05	-4.8	1.11184	8.66653	38.74976	126.86558	335.09245	751.90221
0.05	-4.75	1.24605	9.43691	41.26866	132.56452	344.22675	760.4084
0.05	-4.7	1.39601	10.26667	43.89948	138.32847	353.06941	767.74101
0.05	-4.65	1.56338	11.15902	46.64094	144.13801	361.57099	773.83394
0.05	-4.6	1.74998	12.11713	49.49084	149.97177	369.68089	778.62482
0.05	-4.55	1.95784	13.1441	52.44594	155.80641	377.34794	782.05674
0.05	-4.5	2.18919	14.24286	55.50184	161.61667	384.52051	784.0779
0.05	-4.45	2.44643	15.41616	58.65293	167.37541	391.14715	784.64309
0.05	-4.4	2.73218	16.66646	61.89225	173.05372	397.17705	783.71446
0.05	-4.35	3.04916	17.99587	65.21143	178.62099	402.56034	781.26132
0.05	-4.3	3.40026	19.40605	68.60062	184.04511	407.24882	777.26159
0.05	-4.25	3.78856	20.89817	72.04838	189.29264	411.19651	771.70247
0.05	-4.2	4.21725	22.47275	75.54169	194.32902	414.35998	764.57978
0.05	-4.15	4.68966	24.12958	79.06588	199.11888	416.69929	755.9001
0.05	-4.1	5.20914	25.8676	82.60461	203.62627	418.17816	745.67937
0.05	-4.05	5.77903	27.6848	86.13993	207.81506	418.76483	733.94425
0.05	-4.	6.40258	29.57812	89.6523	211.64932	418.43267	720.73236
0.05	-3.95	7.08292	31.54333	93.12067	215.09365	417.16027	706.09103
0.05	-3.9	7.82292	33.57496	96.52259	218.11367	414.93242	690.07852
0.05	-3.85	8.62512	35.66617	99.83436	220.67645	411.7402	672.76299
0.05	-3.8	9.49161	37.80874	103.03122	222.75103	407.58174	654.22296
0.05	-3.75	10.42381	39.99299	106.08755	224.30872	402.46188	634.54514
0.05	-3.7	11.4225	42.20777	108.97717	225.32384	396.39327	613.82614
0.05	-3.65	12.48796	44.44046	111.67355	225.77391	389.39554	592.1691
0.05	-3.6	13.61936	46.6769	114.15023	225.64031	381.49633	569.68532
0.05	-3.55	14.81472	48.90157	116.38114	224.90857	372.73048	546.49138
0.05	-3.5	16.07066	51.09766	118.34098	223.56881	363.14028	522.70912
0.05	-3.45	17.38244	53.24731	120.00557	221.61596	352.77488	498.46351
0.05	-3.4	18.74469	55.33172	121.35232	219.05015	341.69026	473.88237
0.05	-3.35	20.15079	57.3312	122.36057	215.87698	329.94887	449.09525
0.05	-3.3	21.59166	59.22559	123.01203	212.1073	317.61823	424.23021
0.05	-3.25	23.05701	60.9946	123.29117	207.7578	304.77153	399.41538
0.05	-3.2	24.53557	62.61814	123.18549	202.85037	291.48547	374.77452
0.05	-3.15	26.01449	64.07656	122.68588	197.41255	277.8408	350.42863
0.05	-3.1	27.48043	65.35109	121.78687	191.47695	263.92044	326.49261
0.05	-3.05	28.92008	66.42388	120.48681	185.08115	249.80906	303.07518
0.05	-3.	30.31783	67.27842	118.78807	178.26719	235.59163	280.27695
0.05	-2.95	31.6579	67.90007	116.69719	171.08125	221.35294	258.19032
0.05	-2.9	32.92436	68.2763	114.22494	163.57328	207.17667	236.89882
0.05	-2.85	34.10056	68.39701	111.38609	155.79586	193.14343	216.47462
0.05	-2.8	35.17184	68.25486	108.19956	147.80435	179.3313	196.98068
0.05	-2.75	36.1259	67.8448	104.68795	139.65536	165.81326	178.46752
0.05	-2.7	36.9483	67.16451	100.87773	131.40691	152.65805	160.97579
0.05	-2.65	37.62603	66.21472	96.79871	123.11677	139.92765	144.53358
0.05	-2.6	38.14714	64.99942	92.48396	114.84255	127.67831	129.1591
0.05	-2.55	38.50045	63.52584	87.96909	106.64008	115.95845	114.85871
0.05	-2.5	38.67855	61.8046	83.29198	98.56315	104.80918	101.62892
0.05	-2.45	38.6775	59.84888	78.49236	90.66284	94.26404	89.45696
0.05	-2.4	38.49155	57.67467	73.61101	82.98614	84.34784	78.32022
0.05	-2.35	38.11658	55.30118	68.68973	75.57612	75.07806	68.18912
0.05	-2.3	37.54968	52.75079	63.77007	68.47038	66.46358	59.02612
0.05	-2.25	36.78957	50.04925	58.89301	61.70138	58.50633	50.78847
0.05	-2.2	35.8396	47.22531	54.09777	55.29541	51.20079	43.42812
0.05	-2.15	34.70644	44.30988	49.42112	49.27271	44.53515	36.89341
0.05	-2.1	33.39659	41.3361	44.89637	43.64714	38.49164	31.12965
0.05	-2.05	31.92194	38.33906	40.55261	38.42665	33.04773	26.08059
0.05	-2.	30.30085	35.35459	36.41387	33.61369	28.17698	21.68923
0.05	-1.95	28.56145	32.41729	32.49814	29.20539	23.84927	17.89811
0.05	-1.9	26.75345	29.55729	28.81781	25.19513	20.0324	14.65084
0.05	-1.85	24.93806	26.79383	25.38014	21.57266	16.69187	11.89189
0.05	-1.8	23.14559	24.13651	22.19002	18.32535	13.7921	9.56792
0.05	-1.75	21.37457	21.59237	19.25074	15.43767	11.29625	7.62765
0.05	-1.7	19.61595	19.17106	16.56427	12.89183	9.16737	6.02288
0.05	-1.65	17.86953	16.88475	14.12991	10.66738	7.36836	4.70837
0.05	-1.6	16.1505	14.74562	11.94404	8.7421	5.86307	3.64261
0.05	-1.55	14.47825	12.76264	9.99973	7.09211	4.61639	2.7876
0.05	-1.5	12.86714	10.94178	8.28744	5.69269	3.59496	2.10926
0.05	-1.45	11.32973	9.2865	6.79533	4.51878	2.76754	1.5773
0.05	-1.4	9.87724	7.79759	5.5094	3.54523	2.10511	1.1651
0.05	-1.35	8.51902	6.47352	4.41418	2.74761	1.58132	0.84973
0.05	-1.3	7.26434	5.31026	3.49278	2.10233	1.17245	0.61156
0.05	-1.25	6.12125	4.30105	2.72769	1.58723	0.85759	0.43414
0.05	-1.2	5.09209	3.43696	2.10105	1.18172	0.61848	0.30382
0.05	-1.15	4.17787	2.70764	1.59526	0.86715	0.43955	0.20949
0.05	-1.1	3.37735	2.10137	1.19321	0.62678	0.30766	0.14225
0.05	-1.05	2.687	1.6056	0.8787	0.44598	0.21197	0.09507
0.05	-1.	2.1027	1.20726	0.63671	0.31219	0.14366	0.0625
0.05	-0.95	1.61862	0.8927	0.45362	0.21485	0.09572	0.04039
0.05	-0.9	1.22459	0.64864	0.31753	0.14528	0.06266	0.02566
0.05	-0.85	0.9098	0.46273	0.21821	0.09645	0.04029	0.016
0.05	-0.8	0.66312	0.3238	0.14712	0.06283	0.02542	0.0098
0.05	-0.75	0.47355	0.22208	0.09724	0.04014	0.01574	0.00589
0.05	-0.7	0.33104	0.14921	0.06298	0.02514	0.00955	0.00347
0.05	-0.65	0.2266	0.09813	0.03994	0.01543	0.00569	0.002
0.05	-0.6	0.15169	0.06311	0.02478	0.00927	0.00332	0.00113
0.05	-0.55	0.09917	0.03964	0.01505	0.00546	0.00189	0.00062
0.05	-0.5	0.0632	0.02431	0.00895	0.00316	0.00106	0.00033
0.05	-0.45	0.03917	0.01456	0.00522	0.00179	0.00057	0.00017
0.05	-0.4	0.02358	0.00855	0.00299	0.00099	0.0003	0.00008
0.05	-0.35	0.01388	0.00495	0.00168	0.00053	0.00015	0.00004
0.05	-0.3	0.00806	0.00284	0.00093	0.00027	0.00007	0.00002
0.05	-0.25	0.00468	0.00161	0.00049	0.00013	0.00003	0.00000
0.05	-0.2	0.00275	0.00089	0.00024	0.00005	0.00001	0.00000
0.05	-0.15	0.00163	0.00046	0.0001	0.00002	0.00000	0.00000
0.05	-0.1	0.00091	0.00019	0.00003	0.00000	0.00000	0.00000
0.05	-0.05	0.00041	0.00005	0.00000	0.00000	0.00000	0.00000
0.05	0.00	0.00002	0.00000	0.00000	0.00000	0.00000	0.00000
0.03	-8.9	0.00016	0.00405	0.05263	0.46328	3.10354	16.86283
0.03	-8.85	0.00018	0.0045	0.05801	0.50632	3.36394	18.13091
0.03	-8.8	0.0002	0.00501	0.06393	0.55324	3.64513	19.48759
0.03	-8.75	0.00022	0.00556	0.07044	0.60436	3.94868	20.9384
0.03	-8.7	0.00025	0.00619	0.0776	0.66005	4.27623	22.48918
0.03	-8.65	0.00028	0.00688	0.08548	0.72071	4.62954	24.14603
0.03	-8.6	0.00032	0.00764	0.09414	0.78675	5.01051	25.91538
0.03	-8.55	0.00036	0.00849	0.10366	0.85863	5.42113	27.80396
0.03	-8.5	0.0004	0.00944	0.11412	0.93684	5.86354	29.81879
0.03	-8.45	0.00045	0.01048	0.12562	1.02192	6.34001	31.96726
0.03	-8.4	0.0005	0.01165	0.13825	1.11444	6.85293	34.25703
0.03	-8.35	0.00056	0.01294	0.15213	1.21502	7.40487	36.69615
0.03	-8.3	0.00063	0.01437	0.16736	1.32432	7.99855	39.29295
0.03	-8.25	0.00071	0.01596	0.18409	1.44305	8.63684	42.05613
0.03	-8.2	0.0008	0.01773	0.20244	1.572	9.32277	44.99472
0.03	-8.15	0.00089	0.01969	0.22259	1.71198	10.05958	48.11807
0.03	-8.1	0.001	0.02186	0.24468	1.86389	10.85067	51.43589
0.03	-8.05	0.00112	0.02427	0.26892	2.02869	11.69962	54.9582
0.03	-8.	0.00126	0.02694	0.29549	2.2074	12.61022	58.69533
0.03	-7.95	0.00141	0.0299	0.32462	2.40112	13.58648	62.65795
0.03	-7.9	0.00159	0.03318	0.35655	2.61103	14.63258	66.85699
0.03	-7.85	0.00178	0.03682	0.39152	2.83839	15.75295	71.3037
0.03	-7.8	0.002	0.04085	0.42983	3.08456	16.9522	76.00957
0.03	-7.75	0.00224	0.04532	0.47178	3.35098	18.23522	80.98633
0.03	-7.7	0.00251	0.05027	0.5177	3.63918	19.60706	86.24594
0.03	-7.65	0.00282	0.05575	0.56794	3.95082	21.07306	91.80053
0.03	-7.6	0.00316	0.06183	0.62291	4.28765	22.63877	97.6624
0.03	-7.55	0.00355	0.06856	0.68303	4.65154	24.30996	103.84395
0.03	-7.5	0.00398	0.076	0.74876	5.04448	26.09264	110.35765
0.03	-7.45	0.00446	0.08425	0.82059	5.46859	27.99308	117.21598
0.03	-7.4	0.00501	0.09338	0.89907	5.9261	30.01775	124.43141
0.03	-7.35	0.00561	0.10348	0.98478	6.41941	32.17335	132.01628
0.03	-7.3	0.0063	0.11465	1.07836	6.95103	34.46681	139.98281
0.03	-7.25	0.00706	0.12702	1.18049	7.52364	36.90524	148.34296
0.03	-7.2	0.00792	0.14069	1.2919	8.14007	39.49599	157.10837
0.03	-7.15	0.00889	0.15581	1.4134	8.80329	42.24656	166.29032
0.03	-7.1	0.00997	0.17253	1.54585	9.51646	45.16463	175.89957
0.03	-7.05	0.01118	0.19101	1.69016	10.28287	48.25803	185.9463
0.03	-7.	0.01255	0.21142	1.84734	11.106	51.53471	196.44001
0.03	-6.95	0.01407	0.23398	2.01847	11.98951	55.00272	207.38937
0.03	-6.9	0.01579	0.25889	2.20469	12.93721	58.67017	218.80216
0.03	-6.85	0.01771	0.2864	2.40723	13.9531	62.54522	230.68507
0.03	-6.8	0.01987	0.31678	2.62744	15.04135	66.63602	243.04365
0.03	-6.75	0.02229	0.35029	2.86673	16.20631	70.95066	255.8821
0.03	-6.7	0.02501	0.38728	3.12662	17.45249	75.49715	269.20316
0.03	-6.65	0.02806	0.42807	3.40874	18.78457	80.28333	283.00797
0.03	-6.6	0.03148	0.47306	3.71483	20.20738	85.31685	297.29589
0.03	-6.55	0.03532	0.52264	4.04673	21.72593	90.60508	312.06434
0.03	-6.5	0.03962	0.57729	4.40642	23.34533	96.15506	327.3087
0.03	-6.45	0.04446	0.6375	4.796	25.07086	101.97339	343.02204
0.03	-6.4	0.04988	0.7038	5.21769	26.9079	108.0662	359.19508
0.03	-6.35	0.05596	0.77679	5.67386	28.8619	114.43902	375.8159
0.03	-6.3	0.06279	0.85711	6.16698	30.93842	121.0967	392.86987
0.03	-6.25	0.07044	0.94548	6.69971	33.14306	128.04334	410.3395
0.03	-6.2	0.07904	1.04264	7.27481	35.48142	135.28214	428.20417
0.03	-6.15	0.08868	1.14945	7.89522	37.9591	142.81531	446.44017
0.03	-6.1	0.09949	1.26679	8.56399	40.58168	150.64398	465.02038
0.03	-6.05	0.11163	1.39566	9.28434	43.35459	158.76804	483.91423
0.03	-6.	0.12525	1.53712	10.05961	46.28318	167.18608	503.08767
0.03	-5.95	0.14053	1.69231	10.8933	49.37258	175.89517	522.5029
0.03	-5.9	0.15767	1.8625	11.78903	52.62768	184.89084	542.11847
0.03	-5.85	0.1769	2.04903	12.75055	56.05308	194.16687	561.8891
0.03	-5.8	0.19848	2.25335	13.78171	59.653	203.71521	581.7657
0.03	-5.75	0.22268	2.47702	14.88649	63.43119	213.52586	601.69549
0.03	-5.7	0.24984	2.72173	16.06893	67.39092	223.58667	621.62177
0.03	-5.65	0.2803	2.98929	17.33315	71.53483	233.88331	641.48421
0.03	-5.6	0.31447	3.28162	18.68332	75.86487	244.39916	661.21897
0.03	-5.55	0.3528	3.6008	20.12363	80.38219	255.1151	680.75856
0.03	-5.5	0.39578	3.94902	21.65824	85.08709	266.00956	700.03248
0.03	-5.45	0.44399	4.32863	23.2913	89.97885	277.05832	718.96695
0.03	-5.4	0.49804	4.74211	25.02683	95.05566	288.23452	737.48556
0.03	-5.35	0.55863	5.19208	26.86875	100.31454	299.50858	755.50939
0.03	-5.3	0.62655	5.68131	28.82079	105.75118	310.84821	772.95761
0.03	-5.25	0.70266	6.2127	30.88644	111.35986	322.21835	789.74751
0.03	-5.2	0.7879	6.78928	33.06888	117.13332	333.58125	805.79528
0.03	-5.15	0.88333	7.41421	35.37094	123.06271	344.89653	821.01661
0.03	-5.1	0.99011	8.09077	37.795	129.13742	356.12118	835.32674
0.03	-5.05	1.1095	8.82233	40.3429	135.34502	367.20983	848.64182
0.03	-5.	1.24291	9.61237	43.01588	141.67119	378.11473	860.87874
0.03	-4.95	1.39194	10.46441	45.81447	148.09962	388.78608	871.95639
0.03	-4.9	1.55832	11.382	48.7384	154.61198	399.17227	881.7964
0.03	-4.85	1.74394	12.36867	51.78648	161.18784	409.22001	890.32318
0.03	-4.8	1.95087	13.42791	54.95654	167.80471	418.87488	897.46574
0.03	-4.75	2.18138	14.56311	58.24527	174.43797	428.08143	903.15733
0.03	-4.7	2.43791	15.77748	61.64816	181.06095	436.78378	907.33698
0.03	-4.65	2.72309	17.07403	65.15938	187.64501	444.92606	909.9503
0.03	-4.6	3.03977	18.45543	68.77168	194.15953	452.45264	910.94923
0.03	-4.55	3.39097	19.924	72.4763	200.57216	459.30906	910.29428
0.03	-4.5	3.77988	21.48154	76.26292	206.84887	465.4421	907.95356
0.03	-4.45	4.20988	23.12931	80.11955	212.95422	470.80065	903.90449
0.03	-4.4	4.68443	24.86784	84.03252	218.85157	475.33633	898.1344
0.03	-4.35	5.20708	26.69691	87.98642	224.50333	479.00372	890.63984
0.03	-4.3	5.78142	28.61535	91.96414	229.8713	481.76125	881.42808
0.03	-4.25	6.41104	30.62101	95.94686	234.91703	483.57187	870.51745
0.03	-4.2	7.09935	32.71058	99.91411	239.60211	484.40308	857.93607
0.03	-4.15	7.84955	34.87955	103.84388	243.88874	484.22821	843.72411
0.03	-4.1	8.66459	37.12208	107.71271	247.73996	483.02615	827.93147
0.03	-4.05	9.54699	39.43096	111.49586	251.12025	480.7823	810.61908
0.03	-4.	10.49883	41.79751	115.1675	253.996	477.489	791.85872
0.03	-3.95	11.52185	44.21154	118.70093	256.33583	473.14528	771.731
0.03	-3.9	12.61688	46.66125	122.06888	258.11124	467.75771	750.3265
0.03	-3.85	13.78354	49.13333	125.24381	259.29693	461.34019	727.74411
0.03	-3.8	15.02046	51.61307	128.19825	259.87135	453.91443	704.09131
0.03	-3.75	16.32529	54.0844	130.90511	259.81689	445.50911	679.48117
0.03	-3.7	17.69462	56.52995	133.33812	259.12053	436.1609	654.03434
0.03	-3.65	19.12365	58.93124	135.47214	257.7738	425.91295	627.87477
0.03	-3.6	20.60599	61.26888	137.28366	255.7734	414.81585	601.13164
0.03	-3.55	22.13383	63.52283	138.75109	253.12107	402.92625	573.93596
0.03	-3.5	23.69773	65.6727	139.8552	249.82388	390.30691	546.42058
0.03	-3.45	25.28648	67.69811	140.5794	245.8941	377.02563	518.71791
0.03	-3.4	26.88838	69.57907	140.91004	241.34932	363.15511	490.95981
0.03	-3.35	28.49151	71.29596	140.83672	236.21242	348.77236	463.27656
0.03	-3.3	30.08182	72.82995	140.35244	230.51095	333.95688	435.79358
0.03	-3.25	31.64405	74.1635	139.45391	224.2775	318.79148	408.63351
0.03	-3.2	33.16252	75.28074	138.14148	217.54868	303.35968	381.91173
0.03	-3.15	34.62104	76.16776	136.41933	210.36541	287.74657	355.7386
0.03	-3.1	36.00454	76.81286	134.29527	202.77199	272.03674	330.21618
0.03	-3.05	37.29994	77.20636	131.78075	194.81589	256.31409	305.43873
0.03	-3.	38.49318	77.34067	128.89069	186.54706	240.66049	281.49097
0.03	-2.95	39.56991	77.21081	125.64348	178.01757	225.15552	258.44854
0.03	-2.9	40.51655	76.81463	122.06076	169.2812	209.87588	236.37769
0.03	-2.85	41.32086	76.15291	118.16681	160.39222	194.89349	215.33297
0.03	-2.8	41.97458	75.22923	113.98861	151.4058	180.27662	195.35997
0.03	-2.75	42.47303	74.04904	109.5551	142.37644	166.08739	176.49214
0.03	-2.7	42.81053	72.61982	104.89745	133.35854	152.3831	158.75378
0.03	-2.65	42.98275	70.95114	100.04831	124.40471	139.21392	142.15744
0.03	-2.6	42.98681	69.05474	95.04199	115.56639	126.6243	126.70685
0.03	-2.55	42.8208	66.94429	89.91367	106.89223	114.65092	112.39497
0.03	-2.5	42.48682	64.63534	84.69935	98.42835	103.32366	99.20613
0.03	-2.45	41.98997	62.14431	79.43559	90.21776	92.66535	87.11659
0.03	-2.4	41.33184	59.48872	74.15905	82.29929	82.69073	76.09399
0.03	-2.35	40.51446	56.68792	68.90666	74.70797	73.40807	66.1002
0.03	-2.3	39.5392	53.76305	63.71461	67.47362	64.81779	57.09024
0.03	-2.25	38.4072	50.73765	58.61832	60.62131	56.91422	49.01504
0.03	-2.2	37.12241	47.6376	53.65138	54.17043	49.68507	41.82122
0.03	-2.15	35.6913	44.49056	48.84496	48.13484	43.11258	35.45267
0.03	-2.1	34.12005	41.32609	44.22695	42.52261	37.17381	29.85115
0.03	-2.05	32.41998	38.17534	39.82128	37.33648	31.84177	24.95755
0.03	-2.	30.60899	35.06988	35.64718	32.5743	27.08624	20.71274
0.03	-1.95	28.71308	32.03975	31.71834	28.22918	22.87394	17.05769
0.03	-1.9	26.77776	29.11078	28.04342	24.29095	19.17003	13.93497
0.03	-1.85	24.85827	26.2985	24.6265	20.74627	15.93787	11.28851
0.03	-1.8	22.97794	23.61011	21.4697	17.57972	13.14023	9.06481
0.03	-1.75	21.133	21.05117	18.57364	14.77336	10.73906	7.21276
0.03	-1.7	19.31555	18.62979	15.93767	12.30732	8.69656	5.68461
0.03	-1.65	17.5267	16.35608	13.55857	10.15944	6.97522	4.43581
0.03	-1.6	15.78093	14.23978	11.43046	8.3062	5.53874	3.42567
0.03	-1.55	14.09558	12.28745	9.54446	6.72277	4.35216	2.61714
0.03	-1.5	12.48281	10.50293	7.88942	5.38381	3.38248	1.97709
0.03	-1.45	10.95373	8.88772	6.45218	4.2639	2.59898	1.47626
0.03	-1.4	9.51735	7.44083	5.21775	3.33784	1.97327	1.089
0.03	-1.35	8.18089	6.15931	4.1699	2.58129	1.47974	0.79331
0.03	-1.3	6.95254	5.03793	3.29127	1.97095	1.0954	0.57043
0.03	-1.25	5.83924	4.06886	2.56405	1.48509	0.80011	0.40469
0.03	-1.2	4.84158	3.24227	1.97031	1.10363	0.57636	0.28315
0.03	-1.15	3.95939	2.54722	1.49258	0.80848	0.40927	0.1953
0.03	-1.1	3.19056	1.97156	1.11399	0.58353	0.28635	0.13273
0.03	-1.05	2.53061	1.50247	0.81871	0.41474	0.1973	0.08886
0.03	-1.	1.97429	1.12686	0.59218	0.29013	0.13383	0.05857
0.03	-0.95	1.51517	0.83125	0.42127	0.19965	0.08933	0.03801
0.03	-0.9	1.14295	0.60266	0.29458	0.13508	0.05865	0.02427
0.03	-0.85	0.84678	0.4291	0.20235	0.08984	0.03787	0.01525
0.03	-0.8	0.61553	0.29981	0.13649	0.05871	0.02405	0.00942
0.03	-0.75	0.43842	0.20544	0.09037	0.03769	0.01501	0.00572
0.03	-0.7	0.3058	0.13805	0.05873	0.02378	0.00921	0.00342
0.03	-0.65	0.20903	0.09093	0.03745	0.01474	0.00556	0.002
0.03	-0.6	0.13985	0.05868	0.02344	0.00898	0.00329	0.00115
0.03	-0.55	0.09151	0.03709	0.01441	0.00538	0.00192	0.00064
0.03	-0.5	0.05852	0.02299	0.00871	0.00317	0.00109	0.00035
0.03	-0.45	0.03654	0.01399	0.00519	0.00183	0.0006	0.00018
0.03	-0.4	0.02232	0.0084	0.00305	0.00103	0.00032	0.00009
0.03	-0.35	0.01342	0.00499	0.00176	0.00057	0.00016	0.00004
0.03	-0.3	0.00802	0.00295	0.00099	0.00029	0.00008	0.00002
0.03	-0.25	0.00481	0.00172	0.00053	0.00014	0.00003	0.00000
0.03	-0.2	0.00293	0.00097	0.00026	0.00006	0.00001	0.00000
0.03	-0.15	0.00178	0.00051	0.00011	0.00002	0.00000	0.00000
0.03	-0.1	0.00102	0.00022	0.00004	0.00000	0.00000	0.00000
0.03	-0.05	0.00047	0.00006	0.00000	0.00000	0.00000	0.00000
0.03	0.00	0.00002	0.00000	0.00000	0.00000	0.00000	0.00000
0.01	-8.9	0.00061	0.01357	0.16018	1.29771	8.04978	40.67836
0.01	-8.85	0.00069	0.01506	0.17624	1.41503	8.701	43.59665
0.01	-8.8	0.00077	0.01672	0.19387	1.54256	9.40179	46.70589
0.01	-8.75	0.00086	0.01856	0.21323	1.68114	10.15562	50.01686
0.01	-8.7	0.00097	0.02061	0.23447	1.83168	10.96614	53.54074
0.01	-8.65	0.00109	0.02287	0.25778	1.99515	11.83723	57.2892
0.01	-8.6	0.00122	0.02538	0.28336	2.17261	12.773	61.27432
0.01	-8.55	0.00137	0.02816	0.31141	2.36518	13.77778	65.50866
0.01	-8.5	0.00153	0.03125	0.34217	2.57407	14.85616	70.00518
0.01	-8.45	0.00172	0.03466	0.37588	2.80059	16.01297	74.77729
0.01	-8.4	0.00193	0.03845	0.41284	3.04613	17.25331	79.83884
0.01	-8.35	0.00216	0.04264	0.45333	3.31218	18.58254	85.20405
0.01	-8.3	0.00242	0.04729	0.49769	3.60034	20.00631	90.88756
0.01	-8.25	0.00271	0.05244	0.54626	3.91233	21.53053	96.90436
0.01	-8.2	0.00303	0.05814	0.59944	4.24998	23.16142	103.26981
0.01	-8.15	0.00339	0.06445	0.65764	4.61524	24.90549	109.99957
0.01	-8.1	0.0038	0.07144	0.72133	5.0102	26.76955	117.10957
0.01	-8.05	0.00425	0.07917	0.79099	5.43708	28.76072	124.61601
0.01	-8.	0.00476	0.08774	0.86717	5.89826	30.88641	132.53526
0.01	-7.95	0.00532	0.09721	0.95044	6.39626	33.15435	140.88384
0.01	-7.9	0.00595	0.1077	1.04143	6.93377	35.57257	149.67837
0.01	-7.85	0.00666	0.11931	1.14084	7.51363	38.14941	158.93547
0.01	-7.8	0.00745	0.13215	1.2494	8.13887	40.89351	168.67172
0.01	-7.75	0.00833	0.14635	1.36791	8.8127	43.81379	178.9036
0.01	-7.7	0.00932	0.16206	1.49723	9.53851	46.91946	189.64733
0.01	-7.65	0.01043	0.17943	1.6383	10.3199	50.22	200.91884
0.01	-7.6	0.01167	0.19863	1.79212	11.16064	53.72514	212.73366
0.01	-7.55	0.01306	0.21986	1.95979	12.06474	57.44484	225.1068
0.01	-7.5	0.01462	0.24331	2.14247	13.0364	61.3893	238.05261
0.01	-7.45	0.01637	0.26923	2.34142	14.08006	65.56887	251.5847
0.01	-7.4	0.01833	0.29785	2.558	15.20035	69.99408	265.71575
0.01	-7.35	0.02053	0.32946	2.79366	16.40214	74.67556	280.45741
0.01	-7.3	0.02299	0.36436	3.04997	17.69053	79.62403	295.82014
0.01	-7.25	0.02576	0.40289	3.32861	19.07085	84.85026	311.81301
0.01	-7.2	0.02886	0.4454	3.63136	20.54863	90.36496	328.44358
0.01	-7.15	0.03234	0.49229	3.96016	22.12964	96.17881	345.71771
0.01	-7.1	0.03624	0.54401	4.31705	23.81986	102.30231	363.63934
0.01	-7.05	0.04062	0.60103	4.70423	25.6255	108.74579	382.21038
0.01	-7.	0.04553	0.66388	5.12404	27.55295	115.51927	401.43043
0.01	-6.95	0.05104	0.73313	5.57897	29.6088	122.6324	421.29662
0.01	-6.9	0.05722	0.8094	6.07167	31.79981	130.0944	441.80345
0.01	-6.85	0.06415	0.89339	6.60494	34.1329	137.9139	462.94248
0.01	-6.8	0.07193	0.98583	7.18177	36.61514	146.09891	484.70226
0.01	-6.75	0.08066	1.08754	7.80531	39.2537	154.65663	507.068
0.01	-6.7	0.09046	1.19941	8.47889	42.05582	163.59338	530.02144
0.01	-6.65	0.10145	1.32239	9.20602	45.0288	172.9145	553.54072
0.01	-6.6	0.11377	1.45754	9.99039	48.17996	182.62415	577.60001
0.01	-6.55	0.12761	1.606	10.83589	51.51658	192.7252	602.1695
0.01	-6.5	0.14312	1.769	11.74657	55.04584	203.21914	627.21525
0.01	-6.45	0.16053	1.94788	12.72666	58.77479	214.10584	652.69883
0.01	-6.4	0.18006	2.14409	13.78061	62.71029	225.38347	678.57751
0.01	-6.35	0.20197	2.3592	14.91298	66.85892	237.04832	704.80385
0.01	-6.3	0.22654	2.5949	16.12853	71.22693	249.09464	731.32581
0.01	-6.25	0.2541	2.853	17.43217	75.82015	261.51449	758.08671
0.01	-6.2	0.28501	3.13548	18.82894	80.64388	274.29759	785.02498
0.01	-6.15	0.31968	3.44445	20.32398	85.70286	287.43116	812.07455
0.01	-6.1	0.35855	3.78216	21.92255	91.00108	300.89977	839.1645
0.01	-6.05	0.40213	4.15104	23.62996	96.54176	314.68522	866.21944
0.01	-6.	0.45097	4.55367	25.45158	102.32719	328.7664	893.15966
0.01	-5.95	0.50572	4.99282	27.39275	108.35863	343.11914	919.90096
0.01	-5.9	0.56705	5.47142	29.45879	114.63617	357.71619	946.35548
0.01	-5.85	0.63578	5.99258	31.65492	121.15863	372.52704	972.43136
0.01	-5.8	0.71276	6.55959	33.98622	127.9234	387.5179	998.03349
0.01	-5.75	0.79898	7.17591	36.45754	134.92636	402.65172	1023.06399
0.01	-5.7	0.8955	7.84518	39.07349	142.16168	417.88803	1047.42216
0.01	-5.65	1.00353	8.5712	41.8383	149.62176	433.18309	1071.00547
0.01	-5.6	1.12439	9.35794	44.75579	157.29706	448.48994	1093.71015
0.01	-5.55	1.25955	10.2095	47.82925	165.17601	463.75834	1115.4312
0.01	-5.5	1.41065	11.1301	51.06133	173.24487	478.93513	1136.06402
0.01	-5.45	1.57948	12.12406	54.45399	181.48765	493.96413	1155.50409
0.01	-5.4	1.76802	13.19578	58.00834	189.88603	508.78658	1173.64853
0.01	-5.35	1.97845	14.34967	61.72453	198.41925	523.34126	1190.39641
0.01	-5.3	2.21313	15.59014	65.60169	207.06414	537.56492	1205.65016
0.01	-5.25	2.47468	16.92151	69.63772	215.79501	551.39242	1219.31541
0.01	-5.2	2.76591	18.34799	73.82924	224.58368	564.75732	1231.30272
0.01	-5.15	3.08986	19.87357	78.17145	233.39954	577.59232	1241.52852
0.01	-5.1	3.44977	21.50197	82.65799	242.20958	589.82949	1249.91476
0.01	-5.05	3.8491	23.23654	87.28088	250.97849	601.40122	1256.39156
0.01	-5.	4.29156	25.08015	92.03037	259.6688	612.24031	1260.89614
0.01	-4.95	4.78098	27.03512	96.89488	268.24106	622.28088	1263.37482
0.01	-4.9	5.32133	29.10308	101.86093	276.65406	631.45902	1263.78381
0.01	-4.85	5.91683	31.28487	106.91305	284.86506	639.71301	1262.08833
0.01	-4.8	6.57178	33.58038	112.03381	292.83017	646.98457	1258.26547
0.01	-4.75	7.29045	35.98843	117.20378	300.50455	653.21886	1252.30227
0.01	-4.7	8.07704	38.50664	122.40156	307.84294	658.36556	1244.19768
0.01	-4.65	8.93552	41.13136	127.60388	314.80003	662.3795	1233.96294
0.01	-4.6	9.86967	43.85754	132.78567	321.33079	665.2207	1221.61978
0.01	-4.55	10.88309	46.67857	137.92021	327.39117	666.85573	1207.20337
0.01	-4.5	11.97871	49.58625	142.9793	332.93834	667.25735	1190.75921
0.01	-4.45	13.15894	52.57071	147.93349	337.93135	666.40546	1172.34492
0.01	-4.4	14.42537	55.62033	152.75238	342.33166	664.2876	1152.02999
0.01	-4.35	15.77853	58.72186	157.40485	346.10346	660.89846	1129.89324
0.01	-4.3	17.21816	61.86034	161.85943	349.21429	656.24074	1106.02424
0.01	-4.25	18.74313	65.01916	166.08469	351.63556	650.32536	1080.52278
0.01	-4.2	20.35065	68.18013	170.04957	353.34267	643.17044	1053.49546
0.01	-4.15	22.03649	71.32367	173.72388	354.31579	634.8027	1025.05872
0.01	-4.1	23.79469	74.42903	177.07865	354.53975	625.25571	995.33394
0.01	-4.05	25.61726	77.47462	180.08659	354.00455	614.57063	964.44908
0.01	-4.	27.49552	80.43831	182.72244	352.70558	602.79592	932.53771
0.01	-3.95	29.42028	83.29737	184.96333	350.64337	589.98573	899.73541
0.01	-3.9	31.37951	86.02888	186.78923	347.82401	576.20065	866.18147
0.01	-3.85	33.35948	88.61026	188.18327	344.25879	561.50629	832.01617
0.01	-3.8	35.34477	91.01974	189.13199	339.96441	545.97351	797.38145
0.01	-3.75	37.31878	93.23683	189.62545	334.9621	529.67618	762.41665
0.01	-3.7	39.26566	95.24257	189.65747	329.27822	512.69262	727.262
0.01	-3.65	41.17028	97.01944	189.22545	322.94296	495.10259	692.05293
0.01	-3.6	43.01547	98.5517	188.33077	315.99086	476.98877	656.92371
0.01	-3.55	44.783	99.82606	186.97847	308.45968	458.43449	622.00332
0.01	-3.5	46.45516	100.83206	185.17723	300.39028	439.52391	587.41658
0.01	-3.45	48.01496	101.56218	182.93897	291.82581	420.34074	553.28197
0.01	-3.4	49.44893	102.01196	180.2786	282.81157	400.96836	519.71255
0.01	-3.35	50.7465	102.17914	177.21381	273.39465	381.48951	486.81565
0.01	-3.3	51.89518	102.06411	173.76449	263.62275	361.98423	454.68959
0.01	-3.25	52.88514	101.6701	169.95286	253.54492	342.53181	423.42745
0.01	-3.2	53.70827	101.00289	165.80244	243.20989	323.20784	393.11233
0.01	-3.15	54.35871	100.07084	161.33821	232.66702	304.0863	363.82103
0.01	-3.1	54.83683	98.88415	156.58577	221.96512	285.23744	335.62085
0.01	-3.05	55.14654	97.45353	151.57134	211.1528	266.72848	308.57092
0.01	-3.	55.28845	95.7905	146.32152	200.27784	248.62248	282.72077
0.01	-2.95	55.2657	93.90758	140.8633	189.38745	230.97888	258.11139
0.01	-2.9	55.08268	91.81795	135.22392	178.52825	213.85329	234.77528
0.01	-2.85	54.74422	89.53513	129.4304	167.7452	197.29576	212.73426
0.01	-2.8	54.25967	87.07296	123.51002	157.08286	181.35269	192.00268
0.01	-2.75	53.64056	84.44392	117.48975	146.58381	166.0642	172.58421
0.01	-2.7	52.89238	81.66017	111.39725	136.28988	151.4661	154.47524
0.01	-2.65	52.02069	78.73379	105.26017	126.24047	137.58745	137.66208
0.01	-2.6	51.03013	75.67727	99.10695	116.47366	124.45237	122.12424
0.01	-2.55	49.9247	72.5034	92.96603	107.02456	112.078	107.83233
0.01	-2.5	48.70909	69.22558	86.86627	97.92581	100.47561	94.75036
0.01	-2.45	47.38751	65.85772	80.83688	89.20714	89.65046	82.83621
0.01	-2.4	45.96152	62.41456	74.90676	80.89422	79.60081	72.04111
0.01	-2.35	44.43239	58.9125	69.10498	73.00933	70.31962	62.31243
0.01	-2.3	42.80089	55.36947	63.45955	65.56988	61.79323	53.59255
0.01	-2.25	41.06769	51.8056	57.99762	58.58908	54.00317	45.82154
0.01	-2.2	39.23631	48.24303	52.7443	52.07504	46.92566	38.93682
0.01	-2.15	37.31356	44.70528	47.72223	46.03106	40.53268	32.87467
0.01	-2.1	35.3063	41.21708	42.95081	40.45544	34.79232	27.57066
0.01	-2.05	33.22584	37.8041	38.44569	35.34205	29.66985	22.96082
0.01	-2.	31.08975	34.4918	34.21827	30.68077	25.12841	18.98235
0.01	-1.95	28.92346	31.30345	30.27496	26.4576	21.12915	15.57361
0.01	-1.9	26.76742	28.25774	26.61802	22.65613	17.63262	12.67549
0.01	-1.85	24.66472	25.36434	23.24599	19.25745	14.59849	10.23107
0.01	-1.8	22.62956	22.62675	20.15596	16.24126	11.98664	8.18674
0.01	-1.75	20.65657	20.04772	17.34369	13.58527	9.75693	6.49185
0.01	-1.7	18.73974	17.63218	14.80379	11.26596	7.87024	5.09963
0.01	-1.65	16.88042	15.38625	12.52858	9.25821	6.28836	3.96687
0.01	-1.6	15.09049	13.31551	10.50822	7.5362	4.97489	3.05447
0.01	-1.55	13.38483	11.42251	8.73038	6.07345	3.89524	2.32716
0.01	-1.5	11.77233	9.70726	7.18097	4.84358	3.01716	1.75368
0.01	-1.45	10.26063	8.16778	5.8445	3.82064	2.31095	1.30662
0.01	-1.4	8.85603	6.79999	4.70411	2.97933	1.74949	0.96217
0.01	-1.35	7.56302	5.59809	3.74226	2.29564	1.30853	0.70003
0.01	-1.3	6.38646	4.55443	2.94073	1.74688	0.96654	0.50302
0.01	-1.25	5.33024	3.65921	2.28133	1.3122	0.70479	0.3569
0.01	-1.2	4.39246	2.90113	1.74612	0.97252	0.50715	0.24996
0.01	-1.15	3.57059	2.26816	1.31792	0.71088	0.36003	0.17277
0.01	-1.1	2.86049	1.74748	0.98042	0.51229	0.25207	0.11784
0.01	-1.05	2.25605	1.32599	0.71855	0.36383	0.17402	0.07931
0.01	-1.	1.75071	0.99061	0.51862	0.25459	0.11845	0.05267
0.01	-0.95	1.33689	0.72823	0.36846	0.17547	0.07949	0.03451
0.01	-0.9	1.00375	0.52648	0.25758	0.11912	0.05261	0.02232
0.01	-0.85	0.74053	0.37411	0.17714	0.07966	0.03434	0.01425
0.01	-0.8	0.53639	0.26114	0.11984	0.0525	0.02212	0.00898
0.01	-0.75	0.38101	0.17903	0.07979	0.03411	0.01407	0.00559
0.01	-0.7	0.26527	0.12058	0.05231	0.02188	0.00884	0.00343
0.01	-0.65	0.18119	0.07984	0.0338	0.01386	0.00548	0.00207
0.01	-0.6	0.12139	0.05199	0.02156	0.00868	0.00336	0.00123
0.01	-0.55	0.07979	0.03335	0.0136	0.00537	0.00202	0.00071
0.01	-0.5	0.05149	0.02112	0.0085	0.00329	0.00119	0.0004
0.01	-0.45	0.03264	0.01326	0.00527	0.00198	0.00069	0.00022
0.01	-0.4	0.02043	0.00829	0.00324	0.00117	0.00038	0.00011
0.01	-0.35	0.01277	0.00519	0.00197	0.00067	0.0002	0.00005
0.01	-0.3	0.00807	0.00325	0.00116	0.00036	0.0001	0.00002
0.01	-0.25	0.00518	0.002	0.00065	0.00018	0.00004	0.00000
0.01	-0.2	0.00338	0.00119	0.00033	0.00008	0.00001	0.00000
0.01	-0.15	0.00218	0.00064	0.00014	0.00003	0.00000	0.00000
0.01	-0.1	0.0013	0.00029	0.00005	0.00000	0.00000	0.00000
0.01	-0.05	0.00062	0.00008	0.00000	0.00000	0.00000	0.00000
0.01	0.00	0.00003	0.00000	0.00000	0.00000	0.00000	0.00000
