EpsF	Log[10,x]	n=1	n=2	n=3	n=4	n=5	n=6
0.5	-8.9	0.00000	0.00003	0.00043	0.00418	0.03136	0.19167
0.5	-8.85	0.00000	0.00004	0.00048	0.00458	0.03411	0.20707
0.5	-8.8	0.00000	0.00004	0.00053	0.00502	0.03711	0.22365
0.5	-8.75	0.00000	0.00004	0.00058	0.00549	0.04035	0.24148
0.5	-8.7	0.00000	0.00005	0.00064	0.00602	0.04387	0.26067
0.5	-8.65	0.00000	0.00005	0.0007	0.00659	0.04769	0.2813
0.5	-8.6	0.00000	0.00006	0.00078	0.00721	0.05183	0.30348
0.5	-8.55	0.00000	0.00007	0.00086	0.00789	0.05631	0.32731
0.5	-8.5	0.00000	0.00007	0.00094	0.00863	0.06116	0.35291
0.5	-8.45	0.00000	0.00008	0.00104	0.00944	0.06642	0.3804
0.5	-8.4	0.00000	0.00009	0.00114	0.01033	0.07211	0.40991
0.5	-8.35	0.00000	0.0001	0.00126	0.0113	0.07827	0.44157
0.5	-8.3	0.00000	0.00011	0.00139	0.01235	0.08494	0.47552
0.5	-8.25	0.00000	0.00012	0.00153	0.01351	0.09215	0.51193
0.5	-8.2	0.00000	0.00014	0.00168	0.01476	0.09994	0.55095
0.5	-8.15	0.00000	0.00015	0.00185	0.01613	0.10837	0.59274
0.5	-8.1	0.00000	0.00017	0.00204	0.01762	0.11747	0.6375
0.5	-8.05	0.00000	0.00019	0.00225	0.01925	0.12731	0.68541
0.5	-8.	0.00001	0.00021	0.00247	0.02103	0.13793	0.73666
0.5	-7.95	0.00001	0.00023	0.00272	0.02296	0.14939	0.79147
0.5	-7.9	0.00001	0.00026	0.00299	0.02506	0.16176	0.85006
0.5	-7.85	0.00002	0.00028	0.00329	0.02735	0.1751	0.91266
0.5	-7.8	0.00002	0.00031	0.00362	0.02985	0.18949	0.9795
0.5	-7.75	0.00002	0.00035	0.00398	0.03256	0.205	1.05086
0.5	-7.7	0.00002	0.00038	0.00438	0.03552	0.22171	1.12699
0.5	-7.65	0.00002	0.00043	0.00482	0.03873	0.2397	1.20816
0.5	-7.6	0.00003	0.00047	0.0053	0.04222	0.25907	1.29468
0.5	-7.55	0.00003	0.00052	0.00582	0.04602	0.27991	1.38685
0.5	-7.5	0.00003	0.00058	0.0064	0.05014	0.30233	1.48497
0.5	-7.45	0.00004	0.00064	0.00703	0.05462	0.32644	1.58939
0.5	-7.4	0.00004	0.00071	0.00772	0.05949	0.35235	1.70044
0.5	-7.35	0.00005	0.00078	0.00848	0.06477	0.38018	1.81847
0.5	-7.3	0.00005	0.00087	0.00932	0.0705	0.41006	1.94386
0.5	-7.25	0.00006	0.00096	0.01023	0.07672	0.44213	2.07698
0.5	-7.2	0.00007	0.00106	0.01123	0.08347	0.47652	2.21822
0.5	-7.15	0.00008	0.00117	0.01233	0.09078	0.5134	2.36799
0.5	-7.1	0.00009	0.00129	0.01354	0.0987	0.55292	2.5267
0.5	-7.05	0.0001	0.00143	0.01485	0.10728	0.59525	2.69477
0.5	-7.	0.00011	0.00158	0.0163	0.11657	0.64056	2.87264
0.5	-6.95	0.00011	0.00174	0.01788	0.12663	0.68904	3.06076
0.5	-6.9	0.00011	0.00193	0.01962	0.1375	0.74088	3.25957
0.5	-6.85	0.00011	0.00214	0.02152	0.14926	0.79627	3.46954
0.5	-6.8	0.00013	0.00237	0.02359	0.16197	0.85544	3.69113
0.5	-6.75	0.00014	0.00263	0.02587	0.1757	0.91861	3.92481
0.5	-6.7	0.00016	0.00291	0.02835	0.19053	0.98599	4.17104
0.5	-6.65	0.00018	0.00322	0.03106	0.20653	1.05782	4.4303
0.5	-6.6	0.0002	0.00357	0.03402	0.2238	1.13437	4.70307
0.5	-6.55	0.00022	0.00396	0.03725	0.24241	1.21587	4.98979
0.5	-6.5	0.00025	0.00438	0.04078	0.26247	1.30259	5.29094
0.5	-6.45	0.00028	0.00485	0.04463	0.28408	1.3948	5.60697
0.5	-6.4	0.00031	0.00537	0.04883	0.30734	1.49279	5.9383
0.5	-6.35	0.00035	0.00595	0.05341	0.33237	1.59683	6.28536
0.5	-6.3	0.0004	0.00658	0.0584	0.35928	1.70722	6.64855
0.5	-6.25	0.00044	0.00728	0.06384	0.38821	1.82427	7.02825
0.5	-6.2	0.0005	0.00806	0.06976	0.41928	1.94826	7.42481
0.5	-6.15	0.00056	0.00891	0.0762	0.45263	2.07952	7.83854
0.5	-6.1	0.00062	0.00985	0.08321	0.48841	2.21835	8.26973
0.5	-6.05	0.0007	0.0109	0.09084	0.52677	2.36505	8.7186
0.5	-6.	0.00079	0.01204	0.09912	0.56787	2.51995	9.18537
0.5	-5.95	0.00088	0.01331	0.10813	0.61187	2.68336	9.67015
0.5	-5.9	0.00099	0.01471	0.11791	0.65895	2.85557	10.17303
0.5	-5.85	0.00111	0.01625	0.12852	0.70928	3.03689	10.69402
0.5	-5.8	0.00124	0.01794	0.14003	0.76306	3.22762	11.23308
0.5	-5.75	0.00139	0.01981	0.15252	0.82046	3.42803	11.79005
0.5	-5.7	0.00156	0.02187	0.16605	0.8817	3.63839	12.36472
0.5	-5.65	0.00175	0.02414	0.1807	0.94697	3.85896	12.95678
0.5	-5.6	0.00196	0.02663	0.19656	1.01647	4.08997	13.56582
0.5	-5.55	0.0022	0.02937	0.21372	1.09043	4.33163	14.19133
0.5	-5.5	0.00246	0.03239	0.23227	1.16905	4.58412	14.83267
0.5	-5.45	0.00276	0.0357	0.25231	1.25255	4.84761	15.48912
0.5	-5.4	0.0031	0.03935	0.27394	1.34115	5.1222	16.1598
0.5	-5.35	0.00347	0.04335	0.29728	1.43507	5.40798	16.8437
0.5	-5.3	0.00389	0.04774	0.32245	1.53452	5.70498	17.5397
0.5	-5.25	0.00435	0.05256	0.34957	1.63973	6.0132	18.24651
0.5	-5.2	0.00488	0.05785	0.37876	1.75089	6.33256	18.9627
0.5	-5.15	0.00546	0.06365	0.41016	1.86822	6.66294	19.68671
0.5	-5.1	0.00612	0.07001	0.44391	1.99191	7.00416	20.41679
0.5	-5.05	0.00685	0.07697	0.48015	2.12214	7.35594	21.15106
0.5	-5.	0.00768	0.08459	0.51903	2.25908	7.71797	21.88746
0.5	-4.95	0.0086	0.09293	0.56071	2.40288	8.08982	22.62378
0.5	-4.9	0.00963	0.10205	0.60535	2.55369	8.47099	23.35767
0.5	-4.85	0.01078	0.11202	0.65311	2.71161	8.86088	24.08659
0.5	-4.8	0.01207	0.12291	0.70414	2.87672	9.25882	24.80787
0.5	-4.75	0.01351	0.13479	0.75863	3.04909	9.664	25.51869
0.5	-4.7	0.01512	0.14775	0.81674	3.22872	10.07553	26.21608
0.5	-4.65	0.01692	0.16188	0.87863	3.41561	10.4924	26.89697
0.5	-4.6	0.01893	0.17727	0.94446	3.60968	10.91348	27.55813
0.5	-4.55	0.02118	0.19401	1.01442	3.81084	11.33754	28.19627
0.5	-4.5	0.02369	0.21222	1.08864	4.01891	11.76322	28.80799
0.5	-4.45	0.02649	0.232	1.16728	4.23368	12.18905	29.38982
0.5	-4.4	0.02962	0.25348	1.25048	4.45486	12.61341	29.93826
0.5	-4.35	0.03312	0.27676	1.33836	4.68211	13.03461	30.44976
0.5	-4.3	0.03701	0.30199	1.43105	4.915	13.4508	30.92079
0.5	-4.25	0.04135	0.3293	1.52863	5.15302	13.86005	31.34786
0.5	-4.2	0.04619	0.35882	1.63118	5.39561	14.2603	31.72752
0.5	-4.15	0.05157	0.39069	1.73875	5.64208	14.64942	32.05643
0.5	-4.1	0.05756	0.42507	1.85135	5.89167	15.02517	32.33136
0.5	-4.05	0.06422	0.46211	1.96897	6.14355	15.38524	32.54925
0.5	-4.	0.07163	0.50195	2.09155	6.39675	15.72727	32.70726
0.5	-3.95	0.07988	0.54474	2.21899	6.65023	16.04882	32.80277
0.5	-3.9	0.08905	0.59063	2.35115	6.90284	16.34747	32.83343
0.5	-3.85	0.09923	0.63976	2.48782	7.15335	16.62075	32.79722
0.5	-3.8	0.11051	0.69227	2.62874	7.40042	16.86624	32.69248
0.5	-3.75	0.12301	0.74829	2.7736	7.64261	17.08154	32.51791
0.5	-3.7	0.13685	0.80793	2.92199	7.87841	17.26433	32.27268
0.5	-3.65	0.15215	0.8713	3.07345	8.10621	17.41237	31.95636
0.5	-3.6	0.16906	0.93848	3.22743	8.32435	17.52357	31.56906
0.5	-3.55	0.1877	1.00952	3.38329	8.5311	17.596	31.11136
0.5	-3.5	0.20824	1.08445	3.54031	8.72468	17.62791	30.58438
0.5	-3.45	0.23085	1.16326	3.69768	8.90329	17.61778	29.98978
0.5	-3.4	0.2557	1.24589	3.85449	9.0651	17.56435	29.32977
0.5	-3.35	0.28296	1.33226	4.00974	9.20832	17.46667	28.60712
0.5	-3.3	0.31281	1.4222	4.16236	9.33117	17.32408	27.8251
0.5	-3.25	0.34541	1.51549	4.31115	9.43194	17.13629	26.98755
0.5	-3.2	0.38097	1.61184	4.45486	9.50901	16.90338	26.09877
0.5	-3.15	0.41967	1.71089	4.59216	9.56087	16.62583	25.16356
0.5	-3.1	0.46167	1.81217	4.72165	9.58618	16.30454	24.1871
0.5	-3.05	0.50714	1.91513	4.84189	9.58376	15.9408	23.17499
0.5	-3.	0.5562	2.0191	4.9514	9.55267	15.53636	22.13309
0.5	-2.95	0.6089	2.12333	5.04871	9.49219	15.09336	21.06753
0.5	-2.9	0.66523	2.22695	5.13237	9.4019	14.61438	19.98464
0.5	-2.85	0.72518	2.32899	5.20094	9.28166	14.10234	18.89081
0.5	-2.8	0.78867	2.42838	5.25311	9.13166	13.56057	17.79249
0.5	-2.75	0.85557	2.52395	5.28763	8.95244	12.99267	16.69602
0.5	-2.7	0.92556	2.61441	5.30343	8.74489	12.40256	15.60763
0.5	-2.65	0.99814	2.69845	5.29962	8.51023	11.79434	14.53332
0.5	-2.6	1.07272	2.77469	5.27554	8.25007	11.1723	13.47879
0.5	-2.55	1.14854	2.84178	5.23077	7.96629	10.54081	12.44938
0.5	-2.5	1.22469	2.89839	5.16517	7.66113	9.90427	11.44998
0.5	-2.45	1.30015	2.94327	5.07892	7.33707	9.26706	10.48504
0.5	-2.4	1.37373	2.97528	4.97251	6.99683	8.63344	9.55845
0.5	-2.35	1.44404	2.99346	4.84672	6.64332	8.00752	8.67358
0.5	-2.3	1.50953	2.99709	4.70269	6.27953	7.39315	7.83317
0.5	-2.25	1.56868	2.98575	4.54181	5.90856	6.79395	7.03945
0.5	-2.2	1.62027	2.9593	4.36571	5.5335	6.2132	6.29403
0.5	-2.15	1.66317	2.91788	4.17624	5.15738	5.65382	5.59794
0.5	-2.1	1.69629	2.86191	3.9754	4.78314	5.11836	4.95167
0.5	-2.05	1.71884	2.79211	3.76531	4.41356	4.60896	4.35518
0.5	-2.	1.73036	2.70945	3.54812	4.05128	4.12738	3.80798
0.5	-1.95	1.73066	2.61509	3.32601	3.69867	3.67496	3.30907
0.5	-1.9	1.71996	2.51034	3.10112	3.3579	3.25264	2.8571
0.5	-1.85	1.6989	2.39656	2.87549	3.03086	2.86098	2.45032
0.5	-1.8	1.66795	2.27515	2.65111	2.71921	2.50018	2.08671
0.5	-1.75	1.62774	2.14754	2.42985	2.42429	2.17005	1.76396
0.5	-1.7	1.57887	2.01517	2.21347	2.14721	1.87013	1.47959
0.5	-1.65	1.52192	1.87953	2.00354	1.88876	1.59961	1.23093
0.5	-1.6	1.45787	1.74211	1.80153	1.64947	1.35746	1.01524
0.5	-1.55	1.38784	1.60431	1.60865	1.4296	1.1424	0.82971
0.5	-1.5	1.31265	1.46746	1.42599	1.22916	0.95295	0.67153
0.5	-1.45	1.23322	1.33285	1.25441	1.04792	0.78751	0.53792
0.5	-1.4	1.15052	1.20168	1.09459	0.88541	0.64433	0.42617
0.5	-1.35	1.06555	1.07506	0.94699	0.74098	0.5216	0.33368
0.5	-1.3	0.97947	0.954	0.81188	0.61382	0.41745	0.25798
0.5	-1.25	0.89342	0.83931	0.68932	0.50294	0.33003	0.19677
0.5	-1.2	0.80826	0.73167	0.57921	0.40727	0.25749	0.14789
0.5	-1.15	0.72493	0.63162	0.48127	0.32562	0.19805	0.10941
0.5	-1.1	0.64426	0.53953	0.39508	0.25678	0.14997	0.07956
0.5	-1.05	0.56689	0.45567	0.3201	0.19946	0.11166	0.05678
0.5	-1.	0.49352	0.38015	0.25564	0.1524	0.08161	0.0397
0.5	-0.95	0.4249	0.31292	0.20096	0.11435	0.05844	0.02714
0.5	-0.9	0.36142	0.25378	0.15523	0.08409	0.04092	0.0181
0.5	-0.85	0.30332	0.20243	0.11758	0.06048	0.02795	0.01175
0.5	-0.8	0.25069	0.15848	0.08714	0.04242	0.01857	0.0074
0.5	-0.75	0.20359	0.12149	0.063	0.02894	0.01196	0.00451
0.5	-0.7	0.16214	0.09094	0.0443	0.01913	0.00744	0.00265
0.5	-0.65	0.12632	0.06623	0.03016	0.0122	0.00446	0.00149
0.5	-0.6	0.09587	0.0467	0.0198	0.00747	0.00256	0.0008
0.5	-0.55	0.0705	0.03171	0.01245	0.00437	0.0014	0.00041
0.5	-0.5	0.0499	0.02059	0.00746	0.00243	0.00072	0.0002
0.5	-0.45	0.03369	0.01269	0.00423	0.00127	0.00035	0.00009
0.5	-0.4	0.02148	0.00737	0.00225	0.00063	0.00016	0.00004
0.5	-0.35	0.01284	0.004	0.00112	0.00028	0.00007	0.00001
0.5	-0.3	0.00712	0.002	0.00051	0.00012	0.00003	0.00000
0.5	-0.25	0.00361	0.00091	0.00021	0.00005	0.00000	0.00000
0.5	-0.2	0.00164	0.00038	0.00008	0.00002	0.00000	0.00000
0.5	-0.15	0.00067	0.00014	0.00003	0.00000	0.00000	0.00000
0.5	-0.1	0.00026	0.00005	0.00000	0.00000	0.00000	0.00000
0.5	-0.05	0.00009	0.00001	0.00000	0.00000	0.00000	0.00000
0.5	0.00	0.00000	0.00000	0.00000	0.00000	0.00000	0.00000
0.4	-8.9	0.00000	0.00005	0.0005	0.00439	0.03203	0.1943
0.4	-8.85	0.00000	0.00005	0.00055	0.0048	0.03481	0.20985
0.4	-8.8	0.00000	0.00006	0.0006	0.00525	0.03784	0.22659
0.4	-8.75	0.00000	0.00006	0.00066	0.00573	0.04111	0.2446
0.4	-8.7	0.00000	0.00007	0.00072	0.00627	0.04466	0.26398
0.4	-8.65	0.00000	0.00008	0.00079	0.00684	0.04852	0.28481
0.4	-8.6	0.00000	0.00008	0.00087	0.00748	0.05269	0.30721
0.4	-8.55	0.00000	0.00009	0.00095	0.00817	0.05721	0.33129
0.4	-8.5	0.00000	0.0001	0.00105	0.00892	0.0621	0.35715
0.4	-8.45	0.00000	0.00011	0.00115	0.00974	0.0674	0.38492
0.4	-8.4	0.00000	0.00012	0.00126	0.01064	0.07314	0.41473
0.4	-8.35	0.00001	0.00014	0.00138	0.01161	0.07935	0.44672
0.4	-8.3	0.00001	0.00015	0.00151	0.01268	0.08607	0.48103
0.4	-8.25	0.00001	0.00017	0.00166	0.01384	0.09334	0.51783
0.4	-8.2	0.00002	0.00018	0.00182	0.0151	0.1012	0.55727
0.4	-8.15	0.00002	0.0002	0.00199	0.01648	0.10969	0.59952
0.4	-8.1	0.00002	0.00022	0.00218	0.01798	0.11887	0.64477
0.4	-8.05	0.00002	0.00024	0.00239	0.01962	0.12879	0.69321
0.4	-8.	0.00002	0.00027	0.00262	0.0214	0.1395	0.74504
0.4	-7.95	0.00003	0.0003	0.00287	0.02334	0.15106	0.80048
0.4	-7.9	0.00003	0.00032	0.00315	0.02546	0.16354	0.85975
0.4	-7.85	0.00003	0.00036	0.00345	0.02776	0.177	0.92308
0.4	-7.8	0.00004	0.00039	0.00378	0.03026	0.19152	0.99072
0.4	-7.75	0.00004	0.00043	0.00414	0.03299	0.20717	1.06293
0.4	-7.7	0.00005	0.00047	0.00454	0.03595	0.22404	1.13998
0.4	-7.65	0.00005	0.00051	0.00497	0.03918	0.2422	1.22215
0.4	-7.6	0.00006	0.00056	0.00545	0.04269	0.26177	1.30975
0.4	-7.55	0.00007	0.00061	0.00597	0.04651	0.28282	1.40307
0.4	-7.5	0.00008	0.00067	0.00654	0.05066	0.30548	1.50243
0.4	-7.45	0.00009	0.00073	0.00717	0.05517	0.32984	1.60818
0.4	-7.4	0.0001	0.0008	0.00785	0.06007	0.35602	1.72066
0.4	-7.35	0.00011	0.00087	0.00861	0.06539	0.38415	1.84023
0.4	-7.3	0.00012	0.00095	0.00944	0.07117	0.41436	1.96726
0.4	-7.25	0.00014	0.00103	0.01034	0.07744	0.44678	2.10214
0.4	-7.2	0.00015	0.00113	0.01134	0.08424	0.48157	2.24526
0.4	-7.15	0.00017	0.00122	0.01244	0.09162	0.51887	2.39705
0.4	-7.1	0.0002	0.00133	0.01365	0.09962	0.55884	2.55791
0.4	-7.05	0.00017	0.00144	0.01498	0.10828	0.60166	2.72829
0.4	-7.	0.0001	0.00158	0.01643	0.11766	0.64749	2.90863
0.4	-6.95	0.00009	0.00175	0.01803	0.12781	0.69654	3.09937
0.4	-6.9	0.0001	0.00194	0.01978	0.1388	0.74899	3.30099
0.4	-6.85	0.00011	0.00215	0.0217	0.15067	0.80505	3.51395
0.4	-6.8	0.00013	0.00239	0.02379	0.16351	0.86493	3.73873
0.4	-6.75	0.00014	0.00265	0.02608	0.17738	0.92885	3.97581
0.4	-6.7	0.00016	0.00293	0.02858	0.19236	0.99706	4.22566
0.4	-6.65	0.00018	0.00325	0.03132	0.20852	1.06978	4.48878
0.4	-6.6	0.0002	0.0036	0.03431	0.22596	1.14727	4.76564
0.4	-6.55	0.00022	0.00399	0.03757	0.24476	1.2298	5.05672
0.4	-6.5	0.00025	0.00442	0.04113	0.26503	1.31762	5.36251
0.4	-6.45	0.00028	0.00489	0.04501	0.28686	1.41101	5.68344
0.4	-6.4	0.00032	0.00541	0.04925	0.31037	1.51027	6.01999
0.4	-6.35	0.00036	0.00599	0.05386	0.33566	1.61567	6.37259
0.4	-6.3	0.0004	0.00663	0.0589	0.36286	1.72753	6.74164
0.4	-6.25	0.00045	0.00734	0.06438	0.3921	1.84614	7.12755
0.4	-6.2	0.0005	0.00812	0.07035	0.4235	1.97181	7.53068
0.4	-6.15	0.00056	0.00898	0.07685	0.45722	2.10487	7.95135
0.4	-6.1	0.00063	0.00993	0.08392	0.49339	2.24562	8.38988
0.4	-6.05	0.00071	0.01098	0.09162	0.53217	2.39439	8.8465
0.4	-6.	0.00079	0.01214	0.09998	0.57373	2.55149	9.32143
0.4	-5.95	0.00089	0.01341	0.10906	0.61823	2.71725	9.81483
0.4	-5.9	0.001	0.01482	0.11893	0.66585	2.89198	10.32677
0.4	-5.85	0.00112	0.01637	0.12963	0.71677	3.07599	10.85731
0.4	-5.8	0.00125	0.01808	0.14125	0.77117	3.26958	11.40638
0.4	-5.75	0.0014	0.01997	0.15385	0.82926	3.47304	11.97387
0.4	-5.7	0.00157	0.02204	0.1675	0.89123	3.68666	12.55957
0.4	-5.65	0.00176	0.02432	0.18229	0.95728	3.9107	13.16319
0.4	-5.6	0.00198	0.02683	0.19829	1.02764	4.14539	13.78433
0.4	-5.55	0.00222	0.0296	0.21561	1.10252	4.39098	14.42247
0.4	-5.5	0.00248	0.03264	0.23433	1.18213	4.64764	15.07702
0.4	-5.45	0.00279	0.03598	0.25456	1.26671	4.91555	15.74721
0.4	-5.4	0.00312	0.03965	0.2764	1.35646	5.19483	16.4322
0.4	-5.35	0.0035	0.04368	0.29996	1.45162	5.48558	17.13099
0.4	-5.3	0.00392	0.04811	0.32537	1.55241	5.78785	17.84243
0.4	-5.25	0.0044	0.05296	0.35275	1.65905	6.10163	18.56524
0.4	-5.2	0.00493	0.05829	0.38223	1.77176	6.42688	19.298
0.4	-5.15	0.00552	0.06413	0.41394	1.89075	6.76347	20.0391
0.4	-5.1	0.00618	0.07053	0.44803	2.01622	7.11123	20.7868
0.4	-5.05	0.00692	0.07754	0.48464	2.14837	7.46991	21.5392
0.4	-5.	0.00775	0.08522	0.52392	2.28737	7.83918	22.29422
0.4	-4.95	0.00868	0.09362	0.56604	2.43338	8.21864	23.04961
0.4	-4.9	0.00972	0.1028	0.61116	2.58655	8.60779	23.80298
0.4	-4.85	0.01088	0.11283	0.65943	2.74699	9.00604	24.55177
0.4	-4.8	0.01217	0.1238	0.71103	2.91481	9.41272	25.29324
0.4	-4.75	0.01362	0.13576	0.76614	3.09007	9.82702	26.02453
0.4	-4.7	0.01524	0.14881	0.82491	3.27279	10.24805	26.74262
0.4	-4.65	0.01706	0.16303	0.88753	3.46297	10.6748	27.44434
0.4	-4.6	0.01908	0.17853	0.95416	3.66056	11.10614	28.12643
0.4	-4.55	0.02135	0.19539	1.02497	3.86545	11.54083	28.78548
0.4	-4.5	0.02387	0.21372	1.10013	4.07749	11.97748	29.41802
0.4	-4.45	0.02669	0.23364	1.17979	4.29648	12.41462	30.02048
0.4	-4.4	0.02983	0.25527	1.26409	4.52214	12.85061	30.58925
0.4	-4.35	0.03333	0.27872	1.35318	4.75413	13.28373	31.12068
0.4	-4.3	0.03724	0.30413	1.44718	4.99202	13.71211	31.61112
0.4	-4.25	0.0416	0.33164	1.54618	5.23534	14.13377	32.05695
0.4	-4.2	0.04645	0.36138	1.65028	5.48349	14.54662	32.45459
0.4	-4.15	0.05185	0.39351	1.75952	5.73582	14.94848	32.80056
0.4	-4.1	0.05787	0.42816	1.87394	5.99156	15.33705	33.0915
0.4	-4.05	0.06456	0.46549	1.99352	6.24987	15.70997	33.32421
0.4	-4.	0.072	0.50565	2.11823	6.50979	16.0648	33.49569
0.4	-3.95	0.08026	0.5488	2.24798	6.77027	16.39905	33.60318
0.4	-3.9	0.08943	0.59509	2.38264	7.03015	16.71018	33.64419
0.4	-3.85	0.09961	0.64468	2.52201	7.28818	16.99567	33.61656
0.4	-3.8	0.11088	0.6977	2.66585	7.54299	17.25298	33.51848
0.4	-3.75	0.12336	0.75429	2.81384	7.79313	17.47962	33.34854
0.4	-3.7	0.13718	0.81458	2.9656	8.03706	17.67316	33.10578
0.4	-3.65	0.15246	0.87868	3.12067	8.27314	17.83125	32.78966
0.4	-3.6	0.16934	0.94669	3.27851	8.49965	17.95169	32.40021
0.4	-3.55	0.18797	1.01866	3.43848	8.71481	18.03243	31.93792
0.4	-3.5	0.20849	1.09464	3.59988	8.91679	18.07159	31.40388
0.4	-3.45	0.23108	1.17463	3.7619	9.10372	18.06754	30.7997
0.4	-3.4	0.2559	1.25861	3.92361	9.2737	18.01891	30.12757
0.4	-3.35	0.28315	1.34647	4.08402	9.42485	17.92463	29.3903
0.4	-3.3	0.313	1.4381	4.24203	9.55531	17.78394	28.59121
0.4	-3.25	0.34563	1.53328	4.39644	9.66327	17.59646	27.7342
0.4	-3.2	0.38124	1.63175	4.54597	9.74701	17.36218	26.82369
0.4	-3.15	0.41997	1.73315	4.68925	9.80491	17.08154	25.86462
0.4	-3.1	0.46202	1.83707	4.82484	9.83551	16.75536	24.86235
0.4	-3.05	0.50759	1.94297	4.95125	9.83752	16.38494	23.82266
0.4	-3.	0.55681	2.05022	5.06692	9.80988	15.97201	22.75166
0.4	-2.95	0.60977	2.15807	5.17031	9.75178	15.51876	21.65572
0.4	-2.9	0.66656	2.26567	5.25985	9.66267	15.02781	20.54146
0.4	-2.85	0.72722	2.37204	5.33401	9.54235	14.5022	19.41553
0.4	-2.8	0.79173	2.47608	5.39135	9.39094	13.94536	18.28469
0.4	-2.75	0.85995	2.57658	5.4305	9.20891	13.36105	17.15557
0.4	-2.7	0.93164	2.67221	5.45027	8.99714	12.75337	16.03472
0.4	-2.65	1.00642	2.76158	5.44962	8.75686	12.12662	14.9284
0.4	-2.6	1.08375	2.84321	5.42776	8.48971	11.48532	13.8426
0.4	-2.55	1.16291	2.9156	5.38417	8.19766	10.83407	12.78287
0.4	-2.5	1.24299	2.97728	5.31862	7.88305	10.17752	11.75435
0.4	-2.45	1.32292	3.02682	5.23121	7.54852	9.5203	10.76165
0.4	-2.4	1.4014	3.06291	5.12242	7.19693	8.86689	9.80879
0.4	-2.35	1.47694	3.08443	4.99304	6.8314	8.22163	8.89927
0.4	-2.3	1.54793	3.0905	4.84425	6.45514	7.58856	8.03589
0.4	-2.25	1.61269	3.08053	4.67754	6.07147	6.97148	7.2209
0.4	-2.2	1.6696	3.05426	4.49469	5.68368	6.37378	6.45589
0.4	-2.15	1.71721	3.01179	4.29775	5.29502	5.7985	5.74188
0.4	-2.1	1.75413	2.95358	4.0889	4.90861	5.24822	5.07928
0.4	-2.05	1.77933	2.88046	3.8705	4.52738	4.72514	4.46799
0.4	-2.	1.79216	2.79357	3.6449	4.15408	4.23101	3.90742
0.4	-1.95	1.79247	2.69427	3.41448	3.79116	3.76713	3.39647
0.4	-1.9	1.78067	2.58411	3.18151	3.44084	3.33441	2.93368
0.4	-1.85	1.75752	2.46464	2.9482	3.10503	2.93334	2.51721
0.4	-1.8	1.72363	2.33745	2.71661	2.78536	2.56404	2.14495
0.4	-1.75	1.67978	2.20416	2.48867	2.48318	2.22627	1.81447
0.4	-1.7	1.62688	2.06636	2.26615	2.19952	1.91947	1.52322
0.4	-1.65	1.56585	1.92562	2.05066	1.93513	1.64279	1.26845
0.4	-1.6	1.49772	1.78349	1.84359	1.69049	1.39512	1.04735
0.4	-1.55	1.42366	1.6414	1.64617	1.46581	1.17511	0.85705
0.4	-1.5	1.34474	1.50069	1.4594	1.26103	0.98125	0.69466
0.4	-1.45	1.26199	1.36262	1.28413	1.07588	0.81187	0.55736
0.4	-1.4	1.17633	1.22834	1.12097	0.90985	0.66519	0.44239
0.4	-1.35	1.08874	1.09894	0.97035	0.76227	0.53935	0.3471
0.4	-1.3	1.00036	0.97535	0.83251	0.63227	0.43246	0.26899
0.4	-1.25	0.91227	0.85837	0.70748	0.51886	0.34262	0.2057
0.4	-1.2	0.82528	0.74863	0.59513	0.42091	0.26796	0.15506
0.4	-1.15	0.74026	0.64665	0.49519	0.33725	0.20666	0.11508
0.4	-1.1	0.65792	0.55282	0.4072	0.2666	0.15698	0.08399
0.4	-1.05	0.5789	0.46741	0.3306	0.20769	0.11729	0.06018
0.4	-1.	0.50407	0.39053	0.2647	0.15922	0.08606	0.04227
0.4	-0.95	0.43432	0.32211	0.2087	0.11992	0.06191	0.02904
0.4	-0.9	0.36988	0.26188	0.16178	0.08857	0.04356	0.01947
0.4	-0.85	0.31088	0.20954	0.12306	0.06401	0.02992	0.01272
0.4	-0.8	0.25753	0.16469	0.09163	0.04515	0.02	0.00806
0.4	-0.75	0.20991	0.12683	0.06662	0.03099	0.01297	0.00495
0.4	-0.7	0.16789	0.09544	0.04713	0.02063	0.00814	0.00293
0.4	-0.65	0.13143	0.06993	0.03233	0.01327	0.00491	0.00167
0.4	-0.6	0.10033	0.04967	0.0214	0.0082	0.00285	0.00091
0.4	-0.55	0.0743	0.03402	0.01359	0.00485	0.00157	0.00047
0.4	-0.5	0.05306	0.02233	0.00824	0.00273	0.00082	0.00023
0.4	-0.45	0.03622	0.01393	0.00473	0.00145	0.00041	0.0001
0.4	-0.4	0.02341	0.0082	0.00255	0.00072	0.00019	0.00004
0.4	-0.35	0.01421	0.00452	0.00129	0.00033	0.00008	0.00002
0.4	-0.3	0.00802	0.0023	0.0006	0.00014	0.00003	0.00000
0.4	-0.25	0.00415	0.00107	0.00025	0.00005	0.00001	0.00000
0.4	-0.2	0.00193	0.00045	0.0001	0.00002	0.00000	0.00000
0.4	-0.15	0.00081	0.00017	0.00003	0.00000	0.00000	0.00000
0.4	-0.1	0.00031	0.00006	0.00000	0.00000	0.00000	0.00000
0.4	-0.05	0.00011	0.00001	0.00000	0.00000	0.00000	0.00000
0.4	0.00	0.00000	0.00000	0.00000	0.00000	0.00000	0.00000
0.3	-8.9	0.00000	0.00004	0.00049	0.00453	0.03353	0.2038
0.3	-8.85	0.00000	0.00004	0.00054	0.00496	0.03646	0.22013
0.3	-8.8	0.00000	0.00005	0.00059	0.00543	0.03964	0.2377
0.3	-8.75	0.00000	0.00006	0.00065	0.00594	0.04309	0.25661
0.3	-8.7	0.00000	0.00006	0.00072	0.0065	0.04683	0.27694
0.3	-8.65	0.00000	0.00007	0.00079	0.00711	0.05089	0.29881
0.3	-8.6	0.00000	0.00007	0.00087	0.00777	0.05528	0.32231
0.3	-8.55	0.00000	0.00008	0.00095	0.0085	0.06004	0.34756
0.3	-8.5	0.00000	0.00009	0.00105	0.00929	0.0652	0.37468
0.3	-8.45	0.00000	0.0001	0.00115	0.01016	0.07078	0.4038
0.3	-8.4	0.00000	0.00011	0.00127	0.0111	0.07683	0.43506
0.3	-8.35	0.00000	0.00012	0.00139	0.01213	0.08336	0.46859
0.3	-8.3	0.00000	0.00014	0.00153	0.01326	0.09044	0.50455
0.3	-8.25	0.00001	0.00015	0.00168	0.01448	0.09809	0.5431
0.3	-8.2	0.00001	0.00017	0.00185	0.01582	0.10636	0.58441
0.3	-8.15	0.00001	0.00018	0.00203	0.01728	0.1153	0.62866
0.3	-8.1	0.00001	0.0002	0.00223	0.01887	0.12496	0.67604
0.3	-8.05	0.00002	0.00022	0.00245	0.0206	0.13539	0.72675
0.3	-8.	0.00002	0.00025	0.00269	0.02249	0.14666	0.781
0.3	-7.95	0.00002	0.00027	0.00296	0.02454	0.15881	0.839
0.3	-7.9	0.00002	0.0003	0.00325	0.02678	0.17193	0.901
0.3	-7.85	0.00003	0.00033	0.00357	0.02921	0.18608	0.96723
0.3	-7.8	0.00003	0.00037	0.00392	0.03186	0.20133	1.03795
0.3	-7.75	0.00003	0.0004	0.0043	0.03475	0.21777	1.11343
0.3	-7.7	0.00004	0.00044	0.00473	0.03789	0.23548	1.19395
0.3	-7.65	0.00004	0.00049	0.00519	0.0413	0.25455	1.2798
0.3	-7.6	0.00005	0.00054	0.0057	0.04501	0.27507	1.3713
0.3	-7.55	0.00005	0.00059	0.00626	0.04905	0.29716	1.46875
0.3	-7.5	0.00006	0.00065	0.00687	0.05343	0.32091	1.5725
0.3	-7.45	0.00006	0.00071	0.00754	0.05819	0.34645	1.68288
0.3	-7.4	0.00007	0.00078	0.00828	0.06337	0.37389	1.80026
0.3	-7.35	0.00008	0.00086	0.00909	0.06898	0.40336	1.92501
0.3	-7.3	0.00009	0.00095	0.00997	0.07507	0.435	2.05752
0.3	-7.25	0.0001	0.00104	0.01095	0.08168	0.46894	2.19819
0.3	-7.2	0.00011	0.00114	0.01202	0.08885	0.50535	2.34742
0.3	-7.15	0.0001	0.00125	0.0132	0.09661	0.54438	2.50565
0.3	-7.1	0.00007	0.00138	0.01449	0.10503	0.58619	2.67331
0.3	-7.05	0.00008	0.00153	0.0159	0.11414	0.63097	2.85084
0.3	-7.	0.00009	0.0017	0.01745	0.124	0.6789	3.03871
0.3	-6.95	0.0001	0.00188	0.01914	0.13467	0.73016	3.23739
0.3	-6.9	0.00011	0.00208	0.02099	0.1462	0.78497	3.44734
0.3	-6.85	0.00012	0.00231	0.02302	0.15868	0.84354	3.66906
0.3	-6.8	0.00014	0.00256	0.02523	0.17215	0.90609	3.90303
0.3	-6.75	0.00015	0.00284	0.02765	0.18671	0.97284	4.14974
0.3	-6.7	0.00017	0.00314	0.0303	0.20242	1.04404	4.4097
0.3	-6.65	0.00019	0.00348	0.03319	0.21938	1.11995	4.68341
0.3	-6.6	0.00022	0.00386	0.03634	0.23766	1.20081	4.97134
0.3	-6.55	0.00024	0.00427	0.03979	0.25738	1.28689	5.27401
0.3	-6.5	0.00027	0.00473	0.04354	0.27862	1.37848	5.59188
0.3	-6.45	0.00031	0.00523	0.04764	0.30149	1.47586	5.92545
0.3	-6.4	0.00035	0.00579	0.05211	0.32611	1.57931	6.27516
0.3	-6.35	0.00039	0.00641	0.05699	0.35259	1.68915	6.64147
0.3	-6.3	0.00043	0.00709	0.06229	0.38106	1.80568	7.02479
0.3	-6.25	0.00049	0.00785	0.06807	0.41165	1.92922	7.42554
0.3	-6.2	0.00055	0.00868	0.07436	0.4445	2.06008	7.84408
0.3	-6.15	0.00061	0.0096	0.08121	0.47976	2.19858	8.28075
0.3	-6.1	0.00069	0.01061	0.08866	0.51757	2.34506	8.73585
0.3	-6.05	0.00077	0.01173	0.09675	0.5581	2.49984	9.20964
0.3	-6.	0.00086	0.01296	0.10555	0.60152	2.66325	9.70232
0.3	-5.95	0.00097	0.01432	0.1151	0.64799	2.83561	10.21405
0.3	-5.9	0.00108	0.01581	0.12548	0.6977	3.01725	10.74492
0.3	-5.85	0.00122	0.01746	0.13673	0.75084	3.20849	11.29495
0.3	-5.8	0.00136	0.01928	0.14893	0.8076	3.40964	11.86409
0.3	-5.75	0.00153	0.02128	0.16216	0.86818	3.62098	12.45221
0.3	-5.7	0.00171	0.02348	0.17649	0.93278	3.84282	13.05909
0.3	-5.65	0.00192	0.02591	0.19201	1.00163	4.07541	13.68441
0.3	-5.6	0.00215	0.02857	0.20879	1.07493	4.31901	14.32776
0.3	-5.55	0.00241	0.0315	0.22694	1.15291	4.57384	14.98861
0.3	-5.5	0.0027	0.03472	0.24656	1.23579	4.84009	15.66632
0.3	-5.45	0.00303	0.03826	0.26775	1.32381	5.11795	16.36012
0.3	-5.4	0.00339	0.04215	0.29061	1.41718	5.40752	17.06911
0.3	-5.35	0.0038	0.04642	0.31527	1.51615	5.70892	17.79226
0.3	-5.3	0.00425	0.0511	0.34185	1.62093	6.02217	18.52839
0.3	-5.25	0.00477	0.05624	0.37048	1.73175	6.34728	19.27617
0.3	-5.2	0.00534	0.06187	0.40128	1.84884	6.68418	20.03413
0.3	-5.15	0.00598	0.06804	0.4344	1.97241	7.03276	20.80061
0.3	-5.1	0.0067	0.0748	0.46998	2.10266	7.39282	21.57381
0.3	-5.05	0.0075	0.0822	0.50818	2.2398	7.76411	22.35177
0.3	-5.	0.0084	0.0903	0.54915	2.38399	8.14628	23.13233
0.3	-4.95	0.0094	0.09915	0.59306	2.53541	8.53892	23.91319
0.3	-4.9	0.01052	0.10882	0.64006	2.69419	8.9415	24.69188
0.3	-4.85	0.01177	0.11939	0.69032	2.86047	9.35343	25.46574
0.3	-4.8	0.01317	0.13092	0.74403	3.03433	9.77399	26.23197
0.3	-4.75	0.01474	0.14349	0.80134	3.21583	10.20237	26.98761
0.3	-4.7	0.01649	0.1572	0.86244	3.40501	10.63764	27.72955
0.3	-4.65	0.01844	0.17212	0.92751	3.60185	11.07876	28.45453
0.3	-4.6	0.02061	0.18837	0.9967	3.80629	11.52456	29.15916
0.3	-4.55	0.02304	0.20604	1.0702	4.01824	11.97377	29.83996
0.3	-4.5	0.02576	0.22524	1.14817	4.23752	12.42498	30.49332
0.3	-4.45	0.02878	0.24608	1.23077	4.46393	12.87664	31.11558
0.3	-4.4	0.03215	0.26868	1.31814	4.69718	13.32709	31.70301
0.3	-4.35	0.0359	0.29318	1.41042	4.93691	13.77455	32.25184
0.3	-4.3	0.04008	0.3197	1.50774	5.18271	14.2171	32.75829
0.3	-4.25	0.04474	0.34837	1.61019	5.43405	14.65272	33.21864
0.3	-4.2	0.04992	0.37935	1.71785	5.69036	15.07924	33.62916
0.3	-4.15	0.05568	0.41278	1.83079	5.95095	15.49442	33.98628
0.3	-4.1	0.06208	0.4488	1.94902	6.21504	15.89591	34.2865
0.3	-4.05	0.06919	0.48757	2.07255	6.48177	16.28125	34.52649
0.3	-4.	0.07707	0.52925	2.20132	6.75015	16.64796	34.70316
0.3	-3.95	0.08582	0.57398	2.33525	7.01911	16.99345	34.81362
0.3	-3.9	0.09552	0.62192	2.47419	7.28748	17.31512	34.85528
0.3	-3.85	0.10626	0.67322	2.61796	7.55396	17.61034	34.82588
0.3	-3.8	0.11815	0.72803	2.76631	7.81716	17.87651	34.72352
0.3	-3.75	0.13128	0.78647	2.91892	8.07561	18.11104	34.5467
0.3	-3.7	0.14577	0.84867	3.0754	8.3277	18.3114	34.29439
0.3	-3.65	0.16175	0.91475	3.23529	8.57177	18.47517	33.96602
0.3	-3.6	0.17936	0.9848	3.39804	8.80606	18.60004	33.56155
0.3	-3.55	0.19874	1.05888	3.56302	9.02873	18.68385	33.08148
0.3	-3.5	0.22004	1.13704	3.72951	9.2379	18.72467	32.52687
0.3	-3.45	0.24342	1.21929	3.89669	9.43164	18.72075	31.89937
0.3	-3.4	0.26905	1.3056	4.06364	9.60798	18.67064	31.20123
0.3	-3.35	0.29712	1.39588	4.22934	9.76499	18.57318	30.43531
0.3	-3.3	0.32779	1.49002	4.39269	9.9007	18.42756	29.60504
0.3	-3.25	0.36124	1.58781	4.55246	10.01325	18.23333	28.71446
0.3	-3.2	0.39766	1.68901	4.70734	10.10082	17.99044	27.76813
0.3	-3.15	0.43724	1.79329	4.85595	10.1617	17.69927	26.77119
0.3	-3.1	0.48015	1.90022	4.9968	10.19435	17.36065	25.72923
0.3	-3.05	0.52658	2.00928	5.12835	10.19738	16.97588	24.64826
0.3	-3.	0.57667	2.11986	5.24901	10.16964	16.54672	23.53467
0.3	-2.95	0.63057	2.23123	5.35714	10.11022	16.07541	22.39513
0.3	-2.9	0.68837	2.34254	5.45112	10.01851	15.56466	21.23657
0.3	-2.85	0.75012	2.45282	5.52934	9.89422	15.01761	20.06597
0.3	-2.8	0.8158	2.56098	5.59024	9.7374	14.43785	18.89044
0.3	-2.75	0.88534	2.66579	5.63236	9.54849	13.82932	17.71695
0.3	-2.7	0.9586	2.76591	5.65438	9.32835	13.1963	16.55239
0.3	-2.65	1.03525	2.8599	5.65513	9.07822	12.54333	15.40334
0.3	-2.6	1.11485	2.94621	5.63371	8.79977	11.87519	14.2761
0.3	-2.55	1.19681	3.02325	5.58947	8.49505	11.19676	13.17651
0.3	-2.5	1.2803	3.08939	5.52206	8.16652	10.51295	12.10994
0.3	-2.45	1.36421	3.14303	5.43151	7.81695	9.82869	11.08123
0.3	-2.4	1.44723	3.18269	5.31823	7.44941	9.14873	10.09456
0.3	-2.35	1.52786	3.20704	5.18302	7.06723	8.47768	9.15353
0.3	-2.3	1.60432	3.21499	5.02709	6.67386	7.81982	8.26103
0.3	-2.25	1.67463	3.20576	4.85203	6.27288	7.17914	7.41933
0.3	-2.2	1.73687	3.17898	4.65977	5.86783	6.55921	6.62999
0.3	-2.15	1.78933	3.13469	4.45253	5.46223	5.96319	5.89399
0.3	-2.1	1.83042	3.07331	4.23272	5.0594	5.39376	5.21163
0.3	-2.05	1.85885	2.99571	4.00293	4.6625	4.85314	4.5827
0.3	-2.	1.87364	2.90311	3.76581	4.27442	4.34308	4.00646
0.3	-1.95	1.87433	2.79711	3.52395	3.89775	3.86484	3.48167
0.3	-1.9	1.86126	2.67951	3.2799	3.53477	3.41928	3.00671
0.3	-1.85	1.83535	2.55217	3.03603	3.18742	3.00677	2.57959
0.3	-1.8	1.79753	2.41696	2.79454	2.85735	2.62736	2.19803
0.3	-1.75	1.74881	2.27574	2.55745	2.54582	2.28067	1.85947
0.3	-1.7	1.69033	2.13032	2.32659	2.25384	1.96606	1.56123
0.3	-1.65	1.62348	1.98245	2.10355	1.98208	1.68254	1.30042
0.3	-1.6	1.54965	1.83372	1.88971	1.73093	1.42892	1.07413
0.3	-1.55	1.47011	1.68561	1.68625	1.50053	1.20374	0.87937
0.3	-1.5	1.38604	1.53946	1.49413	1.29074	1.00541	0.71317
0.3	-1.45	1.29852	1.39651	1.31412	1.10121	0.83217	0.57263
0.3	-1.4	1.20858	1.25787	1.14678	0.93138	0.68216	0.45491
0.3	-1.35	1.11718	1.12458	0.99249	0.7805	0.55348	0.3573
0.3	-1.3	1.02534	0.99752	0.85144	0.64765	0.44415	0.27723
0.3	-1.25	0.93407	0.87746	0.72362	0.53177	0.35224	0.21231
0.3	-1.2	0.84412	0.76502	0.60886	0.43171	0.27582	0.16031
0.3	-1.15	0.75644	0.66071	0.50682	0.34623	0.21303	0.11921
0.3	-1.1	0.67186	0.56488	0.41702	0.27402	0.16211	0.0872
0.3	-1.05	0.59101	0.47772	0.33886	0.21378	0.12136	0.06264
0.3	-1.	0.51457	0.39931	0.2716	0.16417	0.08927	0.04412
0.3	-0.95	0.44329	0.32954	0.21444	0.12391	0.06439	0.03042
0.3	-0.9	0.37749	0.26818	0.16653	0.09175	0.04546	0.02048
0.3	-0.85	0.31739	0.21486	0.12694	0.06651	0.03134	0.01343
0.3	-0.8	0.26314	0.16915	0.09478	0.04709	0.02104	0.00856
0.3	-0.75	0.21469	0.13056	0.06914	0.03246	0.01372	0.00528
0.3	-0.7	0.17196	0.09853	0.04912	0.02172	0.00866	0.00315
0.3	-0.65	0.1349	0.07246	0.03386	0.01405	0.00526	0.0018
0.3	-0.6	0.10329	0.05172	0.02255	0.00875	0.00307	0.00099
0.3	-0.55	0.07682	0.03564	0.01443	0.00522	0.00171	0.00052
0.3	-0.5	0.05517	0.02357	0.00882	0.00296	0.0009	0.00025
0.3	-0.45	0.03795	0.01485	0.00512	0.00159	0.00045	0.00012
0.3	-0.4	0.02479	0.00884	0.0028	0.0008	0.00021	0.00005
0.3	-0.35	0.01524	0.00494	0.00143	0.00037	0.00009	0.00002
0.3	-0.3	0.00874	0.00256	0.00067	0.00016	0.00004	0.00000
0.3	-0.25	0.0046	0.00121	0.00029	0.00006	0.00001	0.00000
0.3	-0.2	0.00218	0.00052	0.00011	0.00002	0.00000	0.00000
0.3	-0.15	0.00094	0.0002	0.00004	0.00000	0.00000	0.00000
0.3	-0.1	0.00036	0.00007	0.00001	0.00000	0.00000	0.00000
0.3	-0.05	0.00013	0.00002	0.00000	0.00000	0.00000	0.00000
0.3	0.00	0.00000	0.00000	0.00000	0.00000	0.00000	0.00000
0.2	-8.9	0.00000	0.00005	0.0006	0.00542	0.03939	0.23565
0.2	-8.85	0.00000	0.00006	0.00065	0.00593	0.04281	0.25437
0.2	-8.8	0.00000	0.00006	0.00072	0.00648	0.04652	0.27451
0.2	-8.75	0.00000	0.00007	0.00079	0.00709	0.05055	0.29616
0.2	-8.7	0.00000	0.00008	0.00087	0.00775	0.0549	0.31942
0.2	-8.65	0.00000	0.00008	0.00096	0.00848	0.05962	0.34442
0.2	-8.6	0.00000	0.00009	0.00105	0.00927	0.06473	0.37127
0.2	-8.55	0.00000	0.0001	0.00116	0.01013	0.07026	0.40009
0.2	-8.5	0.00000	0.00011	0.00127	0.01107	0.07625	0.43103
0.2	-8.45	0.00000	0.00013	0.0014	0.01209	0.08273	0.46421
0.2	-8.4	0.00000	0.00014	0.00154	0.01321	0.08974	0.4998
0.2	-8.35	0.00001	0.00015	0.00169	0.01443	0.09731	0.53796
0.2	-8.3	0.00001	0.00017	0.00185	0.01576	0.10551	0.57884
0.2	-8.25	0.00001	0.00019	0.00204	0.01721	0.11436	0.62263
0.2	-8.2	0.00002	0.00021	0.00224	0.01879	0.12392	0.66951
0.2	-8.15	0.00002	0.00023	0.00246	0.02051	0.13425	0.71969
0.2	-8.1	0.00002	0.00025	0.0027	0.02238	0.14539	0.77337
0.2	-8.05	0.00002	0.00028	0.00296	0.02442	0.15743	0.83077
0.2	-8.	0.00002	0.0003	0.00325	0.02664	0.1704	0.89211
0.2	-7.95	0.00003	0.00034	0.00357	0.02906	0.1844	0.95765
0.2	-7.9	0.00003	0.00037	0.00392	0.03169	0.19949	1.02763
0.2	-7.85	0.00004	0.00041	0.00431	0.03455	0.21575	1.10232
0.2	-7.8	0.00004	0.00045	0.00473	0.03767	0.23326	1.18201
0.2	-7.75	0.00004	0.00049	0.00519	0.04106	0.25211	1.26697
0.2	-7.7	0.00005	0.00054	0.0057	0.04474	0.27241	1.35752
0.2	-7.65	0.00006	0.00059	0.00625	0.04874	0.29424	1.45398
0.2	-7.6	0.00006	0.00065	0.00687	0.05309	0.31772	1.55666
0.2	-7.55	0.00007	0.00071	0.00754	0.05781	0.34295	1.66593
0.2	-7.5	0.00008	0.00078	0.00827	0.06293	0.37006	1.78214
0.2	-7.45	0.00009	0.00086	0.00908	0.0685	0.39918	1.90566
0.2	-7.4	0.0001	0.00094	0.00997	0.07453	0.43043	2.03687
0.2	-7.35	0.00009	0.00103	0.01095	0.08107	0.46396	2.17618
0.2	-7.3	0.00006	0.00114	0.01202	0.08816	0.49992	2.324
0.2	-7.25	0.00006	0.00126	0.01319	0.09585	0.53846	2.48076
0.2	-7.2	0.00007	0.0014	0.01448	0.10417	0.57975	2.64688
0.2	-7.15	0.00008	0.00155	0.01589	0.11317	0.62397	2.82284
0.2	-7.1	0.00009	0.00172	0.01743	0.12292	0.67129	3.00907
0.2	-7.05	0.0001	0.00191	0.01911	0.13346	0.7219	3.20607
0.2	-7.	0.00011	0.00211	0.02096	0.14486	0.77602	3.4143
0.2	-6.95	0.00013	0.00234	0.02297	0.15717	0.83384	3.63426
0.2	-6.9	0.00014	0.00259	0.02517	0.17048	0.89559	3.86646
0.2	-6.85	0.00016	0.00287	0.02758	0.18485	0.96149	4.11138
0.2	-6.8	0.00018	0.00318	0.03021	0.20035	1.03179	4.36954
0.2	-6.75	0.0002	0.00352	0.03307	0.21708	1.10672	4.64145
0.2	-6.7	0.00023	0.0039	0.03621	0.23512	1.18656	4.92763
0.2	-6.65	0.00025	0.00432	0.03962	0.25456	1.27156	5.22857
0.2	-6.6	0.00029	0.00478	0.04335	0.2755	1.362	5.54479
0.2	-6.55	0.00032	0.00529	0.04741	0.29804	1.45817	5.87678
0.2	-6.5	0.00036	0.00585	0.05184	0.3223	1.56035	6.22503
0.2	-6.45	0.0004	0.00647	0.05666	0.34839	1.66885	6.59002
0.2	-6.4	0.00045	0.00716	0.06191	0.37644	1.78398	6.9722
0.2	-6.35	0.00051	0.00791	0.06763	0.40656	1.90605	7.37201
0.2	-6.3	0.00057	0.00875	0.07385	0.43891	2.03538	7.78987
0.2	-6.25	0.00064	0.00967	0.08062	0.47362	2.17231	8.22616
0.2	-6.2	0.00071	0.01069	0.08798	0.51084	2.31715	8.68122
0.2	-6.15	0.0008	0.01181	0.09597	0.55072	2.47025	9.15538
0.2	-6.1	0.0009	0.01304	0.10465	0.59344	2.63193	9.64889
0.2	-6.05	0.001	0.0144	0.11407	0.63916	2.80254	10.16197
0.2	-6.	0.00112	0.0159	0.1243	0.68807	2.9824	10.6948
0.2	-5.95	0.00126	0.01755	0.13539	0.74033	3.17184	11.24746
0.2	-5.9	0.00141	0.01936	0.14741	0.79616	3.37119	11.82
0.2	-5.85	0.00158	0.02136	0.16043	0.85573	3.58076	12.41236
0.2	-5.8	0.00178	0.02356	0.17453	0.91927	3.80086	13.02444
0.2	-5.75	0.00199	0.02597	0.18979	0.98697	4.03177	13.65602
0.2	-5.7	0.00223	0.02863	0.20629	1.05906	4.27377	14.30679
0.2	-5.65	0.0025	0.03155	0.22413	1.13575	4.52711	14.97634
0.2	-5.6	0.0028	0.03475	0.24339	1.21727	4.79203	15.66417
0.2	-5.55	0.00313	0.03827	0.26419	1.30384	5.06871	16.36963
0.2	-5.5	0.00351	0.04213	0.28662	1.3957	5.35735	17.09198
0.2	-5.45	0.00393	0.04637	0.3108	1.49308	5.65806	17.83032
0.2	-5.4	0.0044	0.05101	0.33685	1.5962	5.97095	18.58362
0.2	-5.35	0.00493	0.0561	0.36489	1.7053	6.29606	19.35072
0.2	-5.3	0.00552	0.06167	0.39505	1.8206	6.6334	20.1303
0.2	-5.25	0.00618	0.06777	0.42747	1.94232	6.98291	20.92089
0.2	-5.2	0.00691	0.07444	0.46229	2.07068	7.34448	21.72086
0.2	-5.15	0.00774	0.08174	0.49965	2.20589	7.71793	22.5284
0.2	-5.1	0.00866	0.08972	0.5397	2.34814	8.103	23.34155
0.2	-5.05	0.00968	0.09844	0.58261	2.49761	8.49936	24.15818
0.2	-5.	0.01083	0.10795	0.62852	2.65446	8.90661	24.97599
0.2	-4.95	0.01211	0.11833	0.67762	2.81885	9.32423	25.79249
0.2	-4.9	0.01354	0.12964	0.73005	2.99088	9.75165	26.60504
0.2	-4.85	0.01514	0.14197	0.786	3.17066	10.18815	27.41084
0.2	-4.8	0.01692	0.15539	0.84563	3.35825	10.63295	28.2069
0.2	-4.75	0.0189	0.16999	0.90912	3.55368	11.08513	28.99011
0.2	-4.7	0.02111	0.18585	0.97664	3.75693	11.54367	29.75719
0.2	-4.65	0.02358	0.20309	1.04836	3.96797	12.00743	30.50474
0.2	-4.6	0.02632	0.22179	1.12444	4.18668	12.47514	31.22921
0.2	-4.55	0.02938	0.24207	1.20504	4.41293	12.94543	31.92699
0.2	-4.5	0.03277	0.26404	1.29033	4.64649	13.41678	32.59432
0.2	-4.45	0.03655	0.28781	1.38043	4.8871	13.88754	33.22742
0.2	-4.4	0.04075	0.31351	1.47549	5.13442	14.35595	33.82244
0.2	-4.35	0.04541	0.34127	1.57562	5.38804	14.82013	34.37552
0.2	-4.3	0.05057	0.37122	1.68092	5.64747	15.27805	34.88278
0.2	-4.25	0.05631	0.40349	1.79147	5.91215	15.7276	35.34041
0.2	-4.2	0.06266	0.43823	1.90732	6.18142	16.16652	35.74463
0.2	-4.15	0.06969	0.47558	2.0285	6.45453	16.59248	36.09181
0.2	-4.1	0.07747	0.51568	2.15501	6.73064	17.00304	36.37841
0.2	-4.05	0.08607	0.55868	2.2868	7.00883	17.39567	36.6011
0.2	-4.	0.09557	0.60471	2.42379	7.28804	17.76781	36.75675
0.2	-3.95	0.10605	0.65393	2.56586	7.56715	18.1168	36.84251
0.2	-3.9	0.1176	0.70647	2.71282	7.84492	18.44	36.8558
0.2	-3.85	0.13032	0.76246	2.86446	8.11999	18.73471	36.79441
0.2	-3.8	0.14431	0.82202	3.02047	8.39093	18.99829	36.65652
0.2	-3.75	0.15967	0.88527	3.1805	8.65619	19.22811	36.44069
0.2	-3.7	0.17652	0.9523	3.34412	8.91415	19.42162	36.146
0.2	-3.65	0.19497	1.02321	3.51084	9.16308	19.57637	35.772
0.2	-3.6	0.21515	1.09807	3.68007	9.40117	19.69004	35.31877
0.2	-3.55	0.23719	1.1769	3.85115	9.62657	19.76047	34.78698
0.2	-3.5	0.26122	1.25973	4.02332	9.83734	19.78572	34.17786
0.2	-3.45	0.2874	1.34654	4.19574	10.03153	19.76406	33.49326
0.2	-3.4	0.31586	1.43727	4.36747	10.20714	19.69407	32.73563
0.2	-3.35	0.34676	1.53183	4.53746	10.3622	19.57462	31.90807
0.2	-3.3	0.38026	1.63006	4.70459	10.49475	19.40493	31.01426
0.2	-3.25	0.41651	1.73176	4.86762	10.60286	19.1846	30.05852
0.2	-3.2	0.45567	1.83666	5.02523	10.68471	18.91366	29.04571
0.2	-3.15	0.4979	1.94443	5.176	10.73857	18.59256	27.98126
0.2	-3.1	0.54334	2.05463	5.31845	10.76287	18.22222	26.87108
0.2	-3.05	0.59216	2.16676	5.45101	10.7562	17.80406	25.72155
0.2	-3.	0.64449	2.28022	5.57207	10.7174	17.33996	24.53939
0.2	-2.95	0.70047	2.39428	5.67997	10.64553	16.83231	23.33165
0.2	-2.9	0.76022	2.50811	5.77305	10.53998	16.284	22.10562
0.2	-2.85	0.82379	2.62076	5.84965	10.40046	15.69835	20.86866
0.2	-2.8	0.89118	2.73114	5.90817	10.22703	15.07917	19.62824
0.2	-2.75	0.96235	2.83803	5.94709	10.02017	14.43062	18.39168
0.2	-2.7	1.03719	2.9401	5.96502	9.78075	13.75726	17.16622
0.2	-2.65	1.11545	3.03588	5.96073	9.5101	13.06389	15.95875
0.2	-2.6	1.19676	3.1238	5.93323	9.20998	12.35559	14.77586
0.2	-2.55	1.28057	3.20221	5.88178	8.88256	11.63752	13.62363
0.2	-2.5	1.36618	3.2694	5.806	8.53043	10.91492	12.50765
0.2	-2.45	1.45268	3.32366	5.70583	8.15659	10.193	11.43291
0.2	-2.4	1.53879	3.36332	5.58168	7.76432	9.4768	10.40368
0.2	-2.35	1.6229	3.38687	5.43435	7.35718	8.77118	9.42362
0.2	-2.3	1.70311	3.39303	5.26512	6.93892	8.08065	8.49561
0.2	-2.25	1.77733	3.38086	5.0757	6.51339	7.40941	7.62185
0.2	-2.2	1.84347	3.34981	4.86819	6.08442	6.76115	6.80382
0.2	-2.15	1.8994	3.29981	4.64503	5.6558	6.13912	6.04231
0.2	-2.1	1.94312	3.23126	4.40894	5.23109	5.54603	5.33748
0.2	-2.05	1.97283	3.14509	4.16278	4.81366	4.9841	4.68888
0.2	-2.	1.98717	3.04276	3.90953	4.40655	4.455	4.09556
0.2	-1.95	1.98546	2.92615	3.65207	4.01242	3.95991	3.55603
0.2	-1.9	1.96818	2.79744	3.39317	3.63361	3.49954	3.06846
0.2	-1.85	1.9366	2.65884	3.13539	3.27205	3.07413	2.6306
0.2	-1.8	1.89188	2.51252	2.88105	2.92932	2.68356	2.23997
0.2	-1.75	1.83561	2.36061	2.63223	2.60664	2.32731	1.8938
0.2	-1.7	1.76936	2.20508	2.39077	2.30489	2.00454	1.5892
0.2	-1.65	1.69454	2.04779	2.15824	2.02465	1.71413	1.32313
0.2	-1.6	1.61286	1.89045	1.93599	1.76621	1.45472	1.09251
0.2	-1.55	1.52617	1.73454	1.72511	1.52958	1.22473	0.89419
0.2	-1.5	1.43558	1.58131	1.52649	1.31451	1.02241	0.7251
0.2	-1.45	1.34199	1.43197	1.34086	1.12057	0.84591	0.5822
0.2	-1.4	1.24629	1.28762	1.16871	0.94707	0.69324	0.46258
0.2	-1.35	1.14948	1.1493	1.01036	0.79317	0.56239	0.36343
0.2	-1.3	1.05271	1.01787	0.8659	0.65786	0.45132	0.28211
0.2	-1.25	0.95701	0.89406	0.73527	0.54	0.358	0.21619
0.2	-1.2	0.86323	0.77844	0.61821	0.43834	0.28045	0.16337
0.2	-1.15	0.77217	0.67145	0.51432	0.35157	0.21674	0.12162
0.2	-1.1	0.68453	0.57341	0.42305	0.27835	0.16507	0.08907
0.2	-1.05	0.601	0.48448	0.34373	0.21728	0.12372	0.06408
0.2	-1.	0.52236	0.40469	0.27556	0.16701	0.09112	0.04522
0.2	-0.95	0.44929	0.33387	0.21769	0.1262	0.06584	0.03124
0.2	-0.9	0.38216	0.27171	0.1692	0.09359	0.04657	0.02108
0.2	-0.85	0.32112	0.21778	0.12914	0.06797	0.03218	0.01386
0.2	-0.8	0.26617	0.1716	0.09659	0.04823	0.02167	0.00886
0.2	-0.75	0.21718	0.13262	0.07061	0.03334	0.01417	0.00549
0.2	-0.7	0.17406	0.10028	0.05029	0.02238	0.00897	0.00328
0.2	-0.65	0.13675	0.07394	0.03478	0.01453	0.00548	0.00189
0.2	-0.6	0.10497	0.05294	0.02325	0.00908	0.00321	0.00104
0.2	-0.55	0.07832	0.03661	0.01494	0.00544	0.0018	0.00054
0.2	-0.5	0.05645	0.02431	0.00918	0.00311	0.00095	0.00027
0.2	-0.45	0.039	0.0154	0.00536	0.00168	0.00048	0.00013
0.2	-0.4	0.02559	0.00923	0.00295	0.00085	0.00022	0.00005
0.2	-0.35	0.01585	0.00519	0.00152	0.0004	0.0001	0.00002
0.2	-0.3	0.00917	0.00271	0.00072	0.00017	0.00004	0.00000
0.2	-0.25	0.00488	0.0013	0.00031	0.00007	0.00001	0.00000
0.2	-0.2	0.00234	0.00056	0.00012	0.00002	0.00000	0.00000
0.2	-0.15	0.00102	0.00022	0.00004	0.00000	0.00000	0.00000
0.2	-0.1	0.0004	0.00007	0.00001	0.00000	0.00000	0.00000
0.2	-0.05	0.00014	0.00002	0.00000	0.00000	0.00000	0.00000
0.2	0.00	0.00000	0.00000	0.00000	0.00000	0.00000	0.00000
0.1	-8.9	0.00000	0.00008	0.001	0.00901	0.06276	0.35852
0.1	-8.85	0.00000	0.00009	0.0011	0.00985	0.06812	0.38629
0.1	-8.8	0.00000	0.0001	0.00122	0.01077	0.07391	0.41609
0.1	-8.75	0.00000	0.00011	0.00134	0.01177	0.08018	0.44805
0.1	-8.7	0.00000	0.00012	0.00148	0.01287	0.08696	0.48232
0.1	-8.65	0.00000	0.00013	0.00162	0.01406	0.09429	0.51904
0.1	-8.6	0.00000	0.00015	0.00179	0.01536	0.1022	0.55839
0.1	-8.55	0.00000	0.00016	0.00197	0.01677	0.11075	0.60053
0.1	-8.5	0.00000	0.00018	0.00217	0.01831	0.11999	0.64564
0.1	-8.45	0.00000	0.0002	0.00239	0.01999	0.12996	0.6939
0.1	-8.4	0.00001	0.00022	0.00263	0.02182	0.14071	0.74553
0.1	-8.35	0.00001	0.00025	0.00289	0.02381	0.15231	0.80072
0.1	-8.3	0.00001	0.00027	0.00318	0.02598	0.16482	0.85971
0.1	-8.25	0.00002	0.0003	0.00349	0.02833	0.17831	0.92272
0.1	-8.2	0.00002	0.00034	0.00384	0.0309	0.19284	0.98999
0.1	-8.15	0.00002	0.00037	0.00423	0.03368	0.20849	1.06179
0.1	-8.1	0.00002	0.00041	0.00465	0.03671	0.22534	1.13838
0.1	-8.05	0.00002	0.00046	0.00511	0.04	0.24347	1.22004
0.1	-8.	0.00003	0.00051	0.00561	0.04357	0.26298	1.30707
0.1	-7.95	0.00003	0.00056	0.00616	0.04745	0.28396	1.39977
0.1	-7.9	0.00003	0.00062	0.00677	0.05167	0.30651	1.49846
0.1	-7.85	0.00004	0.00069	0.00744	0.05624	0.33075	1.60349
0.1	-7.8	0.00004	0.00077	0.00817	0.0612	0.35677	1.71518
0.1	-7.75	0.00005	0.00085	0.00897	0.06658	0.38471	1.83392
0.1	-7.7	0.00006	0.00094	0.00984	0.0724	0.41469	1.96007
0.1	-7.65	0.00006	0.00104	0.0108	0.07872	0.44685	2.09402
0.1	-7.6	0.00006	0.00115	0.01186	0.08556	0.48132	2.23617
0.1	-7.55	0.00007	0.00128	0.01301	0.09297	0.51826	2.38695
0.1	-7.5	0.00008	0.00141	0.01427	0.10099	0.55782	2.54677
0.1	-7.45	0.00008	0.00157	0.01564	0.10966	0.60018	2.71609
0.1	-7.4	0.00009	0.00174	0.01715	0.11904	0.6455	2.89535
0.1	-7.35	0.00011	0.00192	0.0188	0.12918	0.69396	3.08503
0.1	-7.3	0.00012	0.00213	0.0206	0.14014	0.74576	3.2856
0.1	-7.25	0.00013	0.00236	0.02256	0.15198	0.8011	3.49755
0.1	-7.2	0.00015	0.00261	0.02471	0.16475	0.86018	3.72138
0.1	-7.15	0.00017	0.00289	0.02705	0.17854	0.92323	3.9576
0.1	-7.1	0.00019	0.0032	0.02961	0.19342	0.99048	4.20671
0.1	-7.05	0.00021	0.00354	0.0324	0.20945	1.06215	4.46924
0.1	-7.	0.00024	0.00392	0.03545	0.22673	1.1385	4.74571
0.1	-6.95	0.00027	0.00434	0.03877	0.24534	1.21978	5.03665
0.1	-6.9	0.0003	0.0048	0.04238	0.26538	1.30626	5.34259
0.1	-6.85	0.00033	0.00531	0.04632	0.28694	1.39822	5.66404
0.1	-6.8	0.00038	0.00587	0.05061	0.31013	1.49592	6.00152
0.1	-6.75	0.00042	0.00649	0.05528	0.33505	1.59968	6.35556
0.1	-6.7	0.00047	0.00717	0.06036	0.36182	1.70977	6.72665
0.1	-6.65	0.00053	0.00792	0.06589	0.39057	1.82652	7.11529
0.1	-6.6	0.00059	0.00875	0.07189	0.42142	1.95024	7.52194
0.1	-6.55	0.00067	0.00967	0.07842	0.4545	2.08124	7.94707
0.1	-6.5	0.00075	0.01068	0.08551	0.48995	2.21985	8.3911
0.1	-6.45	0.00084	0.01179	0.0932	0.52793	2.3664	8.85444
0.1	-6.4	0.00094	0.01301	0.10155	0.56858	2.52123	9.33745
0.1	-6.35	0.00105	0.01436	0.1106	0.61207	2.68467	9.84048
0.1	-6.3	0.00118	0.01584	0.12042	0.65856	2.85705	10.36381
0.1	-6.25	0.00132	0.01747	0.13105	0.70823	3.03872	10.90768
0.1	-6.2	0.00148	0.01926	0.14257	0.76125	3.23	11.4723
0.1	-6.15	0.00166	0.02122	0.15503	0.81782	3.43124	12.05779
0.1	-6.1	0.00185	0.02339	0.1685	0.87813	3.64274	12.66423
0.1	-6.05	0.00208	0.02576	0.18307	0.94236	3.86482	13.29161
0.1	-6.	0.00233	0.02837	0.19881	1.01074	4.0978	13.93987
0.1	-5.95	0.00261	0.03123	0.2158	1.08346	4.34195	14.60884
0.1	-5.9	0.00292	0.03437	0.23413	1.16074	4.59756	15.29828
0.1	-5.85	0.00327	0.03781	0.2539	1.2428	4.86487	16.00784
0.1	-5.8	0.00366	0.04158	0.2752	1.32985	5.14413	16.73708
0.1	-5.75	0.0041	0.04571	0.29814	1.42213	5.43554	17.48545
0.1	-5.7	0.00458	0.05023	0.32282	1.51984	5.73927	18.25229
0.1	-5.65	0.00513	0.05517	0.34935	1.62323	6.05546	19.0368
0.1	-5.6	0.00574	0.06058	0.37786	1.7325	6.38424	19.83806
0.1	-5.55	0.00642	0.06649	0.40847	1.84789	6.72565	20.65504
0.1	-5.5	0.00718	0.07295	0.44131	1.96961	7.07971	21.48653
0.1	-5.45	0.00803	0.08	0.4765	2.09786	7.44641	22.33122
0.1	-5.4	0.00898	0.08769	0.51419	2.23286	7.82564	23.1876
0.1	-5.35	0.01004	0.09607	0.55451	2.3748	8.21726	24.05406
0.1	-5.3	0.01122	0.10521	0.59762	2.52387	8.62107	24.9288
0.1	-5.25	0.01253	0.11515	0.64366	2.68022	9.03677	25.80987
0.1	-5.2	0.014	0.12597	0.69279	2.84403	9.46402	26.69515
0.1	-5.15	0.01563	0.13773	0.74515	3.01542	9.90237	27.58239
0.1	-5.1	0.01745	0.15051	0.80091	3.1945	10.35132	28.46913
0.1	-5.05	0.01947	0.16438	0.86021	3.38137	10.81025	29.35278
0.1	-5.	0.02172	0.17942	0.92323	3.57609	11.27847	30.2306
0.1	-4.95	0.02422	0.19571	0.9901	3.77869	11.75517	31.09967
0.1	-4.9	0.027	0.21335	1.061	3.98916	12.23946	31.95694
0.1	-4.85	0.03009	0.23243	1.13606	4.20747	12.73034	32.79921
0.1	-4.8	0.03352	0.25304	1.21544	4.43352	13.22669	33.62316
0.1	-4.75	0.03731	0.27529	1.29926	4.6672	13.72729	34.42533
0.1	-4.7	0.04152	0.29928	1.38767	4.90832	14.23081	35.20217
0.1	-4.65	0.04618	0.32511	1.48078	5.15666	14.7358	35.95002
0.1	-4.6	0.05134	0.3529	1.5787	5.41193	15.24071	36.66514
0.1	-4.55	0.05703	0.38275	1.68153	5.67378	15.74384	37.34376
0.1	-4.5	0.06332	0.41479	1.78935	5.9418	16.24342	37.98204
0.1	-4.45	0.07025	0.44913	1.90221	6.21553	16.73755	38.57612
0.1	-4.4	0.07788	0.48587	2.02015	6.4944	17.22422	39.12219
0.1	-4.35	0.08628	0.52515	2.1432	6.7778	17.70132	39.61642
0.1	-4.3	0.0955	0.56708	2.27134	7.06503	18.16664	40.05508
0.1	-4.25	0.10562	0.61175	2.40452	7.3553	18.6179	40.43453
0.1	-4.2	0.11671	0.6593	2.54268	7.64777	19.05272	40.75125
0.1	-4.15	0.12885	0.70981	2.68572	7.94148	19.46866	41.00188
0.1	-4.1	0.1421	0.76338	2.83348	8.23541	19.86321	41.18326
0.1	-4.05	0.15655	0.82011	2.98578	8.52845	20.23384	41.29247
0.1	-4.	0.17228	0.88008	3.14239	8.81938	20.57797	41.32685
0.1	-3.95	0.18938	0.94336	3.30303	9.10694	20.89301	41.28405
0.1	-3.9	0.20793	1.01001	3.46738	9.38974	21.17641	41.16207
0.1	-3.85	0.22801	1.08008	3.63505	9.66635	21.42561	40.95929
0.1	-3.8	0.2497	1.1536	3.80562	9.93523	21.63813	40.67453
0.1	-3.75	0.27309	1.23057	3.97858	10.19478	21.81156	40.30702
0.1	-3.7	0.29827	1.31101	4.15337	10.44335	21.9436	39.85655
0.1	-3.65	0.3253	1.39489	4.32938	10.67919	22.03208	39.32336
0.1	-3.6	0.35428	1.48215	4.50591	10.90054	22.07501	38.70828
0.1	-3.55	0.38528	1.57274	4.6822	11.10558	22.07056	38.01271
0.1	-3.5	0.41836	1.66654	4.85742	11.29247	22.01718	37.23862
0.1	-3.45	0.45361	1.76344	5.03065	11.45936	21.91353	36.38858
0.1	-3.4	0.49108	1.86327	5.20092	11.60438	21.7586	35.46578
0.1	-3.35	0.53087	1.96583	5.36717	11.72572	21.5517	34.47403
0.1	-3.3	0.57303	2.07089	5.52825	11.8216	21.29249	33.41768
0.1	-3.25	0.61765	2.17816	5.68295	11.89031	20.98102	32.30174
0.1	-3.2	0.66477	2.28729	5.82999	11.93023	20.61775	31.13168
0.1	-3.15	0.71448	2.3979	5.96802	11.93987	20.20361	29.91354
0.1	-3.1	0.76685	2.50951	6.09562	11.91792	19.73996	28.6538
0.1	-3.05	0.82192	2.6216	6.21134	11.86322	19.22865	27.35935
0.1	-3.	0.87974	2.73355	6.31367	11.77486	18.672	26.03739
0.1	-2.95	0.94037	2.84467	6.40107	11.65218	18.0728	24.69541
0.1	-2.9	1.00384	2.95416	6.47203	11.49483	17.43435	23.34109
0.1	-2.85	1.07019	3.06112	6.52503	11.30277	16.76037	21.98212
0.1	-2.8	1.1394	3.16454	6.55861	11.07635	16.05503	20.62625
0.1	-2.75	1.21146	3.26328	6.57138	10.81627	15.32284	19.28104
0.1	-2.7	1.28626	3.35608	6.56209	10.5237	14.56869	17.9539
0.1	-2.65	1.36361	3.44156	6.52964	10.20018	13.79771	16.65183
0.1	-2.6	1.44318	3.51824	6.47319	9.84773	13.01524	15.38149
0.1	-2.55	1.52452	3.58455	6.39211	9.46879	12.22672	14.14894
0.1	-2.5	1.60703	3.63884	6.28612	9.06619	11.4376	12.95971
0.1	-2.45	1.68985	3.67945	6.15533	8.64318	10.6533	11.81867
0.1	-2.4	1.77186	3.70475	6.00023	8.20329	9.87901	10.72989
0.1	-2.35	1.85158	3.71322	5.82179	7.75035	9.11971	9.69681
0.1	-2.3	1.92725	3.70356	5.62143	7.28834	8.37999	8.72199
0.1	-2.25	1.99669	3.67477	5.40105	6.82134	7.66403	7.80731
0.1	-2.2	2.05754	3.62631	5.16296	6.35341	6.97552	6.95385
0.1	-2.15	2.10755	3.55812	4.90985	5.88851	6.3176	6.16201
0.1	-2.1	2.14445	3.47072	4.64469	5.43036	5.69285	5.43148
0.1	-2.05	2.16636	3.36518	4.37062	4.98243	5.10328	4.76137
0.1	-2.	2.17189	3.24313	4.09083	4.54779	4.55034	4.15029
0.1	-1.95	2.16025	3.10668	3.80845	4.12913	4.03492	3.59631
0.1	-1.9	2.13183	2.95829	3.52646	3.72871	3.55746	3.09715
0.1	-1.85	2.08808	2.80044	3.24755	3.34836	3.11786	2.65017
0.1	-1.8	2.03038	2.6356	2.97416	2.98951	2.7157	2.25249
0.1	-1.75	1.96046	2.46618	2.70841	2.65318	2.35011	1.90101
0.1	-1.7	1.88024	2.2944	2.45212	2.34007	2.01998	1.59253
0.1	-1.65	1.79161	2.12229	2.20679	2.05048	1.72386	1.32373
0.1	-1.6	1.69664	1.95167	1.97364	1.78449	1.46015	1.09127
0.1	-1.55	1.59734	1.78404	1.75362	1.54187	1.22701	0.89184
0.1	-1.5	1.49508	1.62067	1.54747	1.32215	1.02248	0.72215
0.1	-1.45	1.39111	1.46268	1.3557	1.12468	0.84451	0.57905
0.1	-1.4	1.2864	1.31102	1.17864	0.9486	0.69096	0.45949
0.1	-1.35	1.18173	1.16657	1.01644	0.79288	0.55968	0.36058
0.1	-1.3	1.07804	1.0301	0.86905	0.65637	0.44848	0.2796
0.1	-1.25	0.97645	0.90223	0.73626	0.5378	0.35527	0.21406
0.1	-1.2	0.8777	0.78339	0.61768	0.43581	0.27795	0.16163
0.1	-1.15	0.78246	0.67392	0.51279	0.34899	0.21458	0.12024
0.1	-1.1	0.69142	0.57403	0.42094	0.27589	0.16326	0.08802
0.1	-1.05	0.60521	0.48379	0.34135	0.21508	0.12227	0.06331
0.1	-1.	0.52447	0.40312	0.27317	0.16513	0.09001	0.04467
0.1	-0.95	0.44975	0.33178	0.21545	0.12467	0.06501	0.03086
0.1	-0.9	0.38132	0.2694	0.16722	0.09239	0.04598	0.02084
0.1	-0.85	0.31942	0.2155	0.1275	0.06708	0.03178	0.01371
0.1	-0.8	0.26399	0.16952	0.09528	0.04759	0.02141	0.00877
0.1	-0.75	0.21488	0.13084	0.06962	0.03291	0.01401	0.00544
0.1	-0.7	0.17188	0.09883	0.04959	0.0221	0.00888	0.00326
0.1	-0.65	0.1348	0.07283	0.0343	0.01437	0.00543	0.00188
0.1	-0.6	0.10332	0.05214	0.02295	0.009	0.00319	0.00104
0.1	-0.55	0.07704	0.03608	0.01477	0.0054	0.00179	0.00054
0.1	-0.5	0.05554	0.02399	0.0091	0.00309	0.00096	0.00027
0.1	-0.45	0.03839	0.01523	0.00533	0.00168	0.00048	0.00013
0.1	-0.4	0.02524	0.00916	0.00295	0.00085	0.00023	0.00005
0.1	-0.35	0.0157	0.00518	0.00152	0.0004	0.0001	0.00002
0.1	-0.3	0.00913	0.00273	0.00073	0.00018	0.00004	0.00000
0.1	-0.25	0.0049	0.00131	0.00032	0.00007	0.00001	0.00000
0.1	-0.2	0.00238	0.00057	0.00012	0.00002	0.00000	0.00000
0.1	-0.15	0.00103	0.00022	0.00004	0.00000	0.00000	0.00000
0.1	-0.1	0.0004	0.00007	0.00001	0.00000	0.00000	0.00000
0.1	-0.05	0.00014	0.00002	0.00000	0.00000	0.00000	0.00000
0.1	0.00	0.00000	0.00000	0.00000	0.00000	0.00000	0.00000
0.07	-8.9	0.00000	0.00011	0.00143	0.01251	0.08461	0.46972
0.07	-8.85	0.00000	0.00013	0.00158	0.01367	0.09174	0.50551
0.07	-8.8	0.00000	0.00014	0.00174	0.01494	0.09944	0.54386
0.07	-8.75	0.00000	0.00016	0.00191	0.01632	0.10776	0.58492
0.07	-8.7	0.00000	0.00017	0.00211	0.01782	0.11675	0.62888
0.07	-8.65	0.00000	0.00019	0.00232	0.01945	0.12645	0.67593
0.07	-8.6	0.00000	0.00021	0.00255	0.02123	0.13691	0.72626
0.07	-8.55	0.00001	0.00024	0.00281	0.02317	0.1482	0.78006
0.07	-8.5	0.00001	0.00026	0.00309	0.02527	0.16037	0.83757
0.07	-8.45	0.00001	0.00029	0.0034	0.02757	0.1735	0.89901
0.07	-8.4	0.00002	0.00032	0.00374	0.03006	0.18763	0.96462
0.07	-8.35	0.00002	0.00036	0.00411	0.03277	0.20286	1.03464
0.07	-8.3	0.00002	0.0004	0.00452	0.03572	0.21926	1.10934
0.07	-8.25	0.00002	0.00044	0.00497	0.03892	0.2369	1.18901
0.07	-8.2	0.00002	0.00049	0.00546	0.0424	0.25589	1.27392
0.07	-8.15	0.00003	0.00055	0.006	0.04617	0.2763	1.36438
0.07	-8.1	0.00003	0.00061	0.00659	0.05027	0.29825	1.4607
0.07	-8.05	0.00003	0.00067	0.00724	0.05471	0.32183	1.56321
0.07	-8.	0.00004	0.00074	0.00795	0.05954	0.34716	1.67226
0.07	-7.95	0.00004	0.00083	0.00873	0.06477	0.37434	1.78819
0.07	-7.9	0.00005	0.00091	0.00959	0.07043	0.40352	1.91139
0.07	-7.85	0.00005	0.00101	0.01052	0.07658	0.43482	2.04224
0.07	-7.8	0.00006	0.00112	0.01155	0.08323	0.46837	2.18112
0.07	-7.75	0.00007	0.00124	0.01267	0.09043	0.50432	2.32846
0.07	-7.7	0.00007	0.00138	0.01389	0.09822	0.54283	2.48468
0.07	-7.65	0.00008	0.00153	0.01523	0.10666	0.58406	2.65023
0.07	-7.6	0.00009	0.00169	0.0167	0.11578	0.62818	2.82554
0.07	-7.55	0.0001	0.00188	0.0183	0.12563	0.67536	3.01108
0.07	-7.5	0.00012	0.00208	0.02005	0.13629	0.7258	3.20734
0.07	-7.45	0.00013	0.0023	0.02197	0.14779	0.77968	3.4148
0.07	-7.4	0.00015	0.00255	0.02405	0.16021	0.83722	3.63395
0.07	-7.35	0.00016	0.00282	0.02633	0.17361	0.89862	3.86531
0.07	-7.3	0.00018	0.00312	0.02882	0.18807	0.96412	4.10939
0.07	-7.25	0.00021	0.00346	0.03154	0.20365	1.03394	4.36672
0.07	-7.2	0.00023	0.00383	0.0345	0.22045	1.10832	4.63782
0.07	-7.15	0.00026	0.00423	0.03772	0.23854	1.18752	4.92322
0.07	-7.1	0.00029	0.00468	0.04124	0.25801	1.27179	5.22347
0.07	-7.05	0.00033	0.00518	0.04507	0.27896	1.36142	5.53909
0.07	-7.	0.00037	0.00573	0.04924	0.30149	1.45666	5.87063
0.07	-6.95	0.00041	0.00633	0.05378	0.32571	1.55782	6.21861
0.07	-6.9	0.00046	0.00699	0.05872	0.35173	1.66518	6.58356
0.07	-6.85	0.00052	0.00773	0.06409	0.37966	1.77905	6.96599
0.07	-6.8	0.00058	0.00854	0.06993	0.40963	1.89975	7.3664
0.07	-6.75	0.00065	0.00943	0.07627	0.44178	2.02758	7.78528
0.07	-6.7	0.00073	0.01041	0.08316	0.47623	2.16287	8.22309
0.07	-6.65	0.00082	0.01149	0.09063	0.51313	2.30596	8.68029
0.07	-6.6	0.00092	0.01269	0.09874	0.55263	2.45716	9.15728
0.07	-6.55	0.00103	0.014	0.10754	0.59489	2.61683	9.65445
0.07	-6.5	0.00115	0.01544	0.11707	0.64007	2.78529	10.17215
0.07	-6.45	0.00129	0.01703	0.1274	0.68834	2.96289	10.71069
0.07	-6.4	0.00145	0.01877	0.13858	0.73987	3.14997	11.27033
0.07	-6.35	0.00162	0.02069	0.15068	0.79484	3.34685	11.85129
0.07	-6.3	0.00181	0.02279	0.16376	0.85345	3.55388	12.45373
0.07	-6.25	0.00203	0.02511	0.17791	0.91588	3.77137	13.07773
0.07	-6.2	0.00228	0.02764	0.19318	0.98234	3.99965	13.72333
0.07	-6.15	0.00255	0.03043	0.20967	1.05303	4.23901	14.39048
0.07	-6.1	0.00286	0.03349	0.22746	1.12816	4.48976	15.07907
0.07	-6.05	0.0032	0.03683	0.24664	1.20795	4.75216	15.78887
0.07	-6.	0.00358	0.0405	0.26731	1.2926	5.02648	16.51959
0.07	-5.95	0.00401	0.04452	0.28956	1.38234	5.31294	17.27084
0.07	-5.9	0.00448	0.04892	0.31349	1.47739	5.61176	18.04211
0.07	-5.85	0.00502	0.05373	0.33922	1.57796	5.92312	18.8328
0.07	-5.8	0.00562	0.05899	0.36687	1.68429	6.24717	19.64217
0.07	-5.75	0.00628	0.06474	0.39654	1.7966	6.58402	20.46938
0.07	-5.7	0.00703	0.07102	0.42837	1.91509	6.93374	21.31345
0.07	-5.65	0.00786	0.07787	0.46248	2.03998	7.29637	22.17329
0.07	-5.6	0.00879	0.08535	0.499	2.17149	7.67187	23.04765
0.07	-5.55	0.00982	0.0935	0.53807	2.3098	8.06019	23.93514
0.07	-5.5	0.01098	0.10237	0.57983	2.45511	8.46118	24.83423
0.07	-5.45	0.01226	0.11203	0.62443	2.6076	8.87467	25.74326
0.07	-5.4	0.0137	0.12254	0.67201	2.76743	9.30039	26.66038
0.07	-5.35	0.0153	0.13396	0.72271	2.93475	9.73801	27.58363
0.07	-5.3	0.01708	0.14636	0.77669	3.10969	10.18715	28.51087
0.07	-5.25	0.01906	0.15982	0.83411	3.29236	10.64732	29.4398
0.07	-5.2	0.02126	0.17441	0.8951	3.48284	11.11796	30.36798
0.07	-5.15	0.02371	0.19021	0.95983	3.68119	11.59843	31.29284
0.07	-5.1	0.02643	0.20731	1.02844	3.88744	12.08798	32.21161
0.07	-5.05	0.02945	0.2258	1.10108	4.10159	12.58579	33.12143
0.07	-5.	0.03281	0.24577	1.17788	4.32358	13.09093	34.01926
0.07	-4.95	0.03653	0.26731	1.25898	4.55336	13.60238	34.90195
0.07	-4.9	0.04065	0.29052	1.34451	4.79078	14.119	35.76623
0.07	-4.85	0.04521	0.31551	1.4346	5.0357	14.63958	36.60872
0.07	-4.8	0.05025	0.34238	1.52934	5.28788	15.16277	37.42592
0.07	-4.75	0.05582	0.37123	1.62883	5.54707	15.68714	38.21426
0.07	-4.7	0.06198	0.40218	1.73316	5.81295	16.21114	38.97009
0.07	-4.65	0.06876	0.43532	1.84239	6.08513	16.73314	39.68973
0.07	-4.6	0.07623	0.47077	1.95656	6.36318	17.25138	40.36941
0.07	-4.55	0.08444	0.50862	2.07571	6.64659	17.76402	41.00541
0.07	-4.5	0.09346	0.549	2.19983	6.93481	18.26911	41.59395
0.07	-4.45	0.10336	0.592	2.3289	7.22719	18.76463	42.13132
0.07	-4.4	0.1142	0.63771	2.46288	7.52304	19.24846	42.61387
0.07	-4.35	0.12606	0.68623	2.60169	7.82158	19.71841	43.03799
0.07	-4.3	0.139	0.73765	2.74521	8.12196	20.1722	43.40022
0.07	-4.25	0.15311	0.79204	2.8933	8.42327	20.60752	43.69722
0.07	-4.2	0.16845	0.84947	3.04579	8.72452	21.02198	43.92581
0.07	-4.15	0.18512	0.91	3.20245	9.02464	21.41318	44.08305
0.07	-4.1	0.20317	0.97368	3.36304	9.3225	21.77867	44.16617
0.07	-4.05	0.22269	1.04053	3.52724	9.6169	22.116	44.17272
0.07	-4.	0.24376	1.11059	3.69473	9.90655	22.42271	44.10054
0.07	-3.95	0.26644	1.18386	3.86511	10.19011	22.69639	43.94779
0.07	-3.9	0.29079	1.26032	4.03795	10.46618	22.93465	43.71301
0.07	-3.85	0.31689	1.33994	4.21277	10.73328	23.13515	43.39513
0.07	-3.8	0.34479	1.42268	4.38904	10.9899	23.29566	42.99355
0.07	-3.75	0.37453	1.50847	4.56618	11.23447	23.41404	42.50807
0.07	-3.7	0.40617	1.59722	4.74356	11.46536	23.48829	41.93904
0.07	-3.65	0.43975	1.68882	4.92048	11.68091	23.51654	41.28728
0.07	-3.6	0.47529	1.78316	5.09621	11.87946	23.49714	40.55418
0.07	-3.55	0.51282	1.88006	5.26995	12.0593	23.42863	39.74167
0.07	-3.5	0.55236	1.97936	5.44084	12.21874	23.3098	38.85227
0.07	-3.45	0.59392	2.08085	5.60797	12.35607	23.13968	37.88903
0.07	-3.4	0.63751	2.18431	5.77036	12.46962	22.91763	36.8556
0.07	-3.35	0.68317	2.28946	5.92699	12.55778	22.64334	35.75624
0.07	-3.3	0.73087	2.39603	6.07676	12.61897	22.31682	34.59569
0.07	-3.25	0.78062	2.50366	6.21852	12.6517	21.93849	33.37931
0.07	-3.2	0.8324	2.612	6.35108	12.65461	21.50916	32.11288
0.07	-3.15	0.88622	2.72062	6.47319	12.62644	21.03006	30.80272
0.07	-3.1	0.94208	2.82907	6.58354	12.5661	20.50288	29.45552
0.07	-3.05	1.	2.93682	6.6808	12.47271	19.92975	28.07836
0.07	-3.	1.05996	3.04328	6.76361	12.34558	19.31323	26.67857
0.07	-2.95	1.12198	3.14779	6.83059	12.1843	18.65637	25.26372
0.07	-2.9	1.18607	3.24961	6.88037	11.98873	17.96267	23.84153
0.07	-2.85	1.25222	3.3479	6.91159	11.75906	17.236	22.4197
0.07	-2.8	1.32041	3.44172	6.92297	11.49582	16.4807	21.00594
0.07	-2.75	1.39062	3.53003	6.91328	11.19992	15.70139	19.60773
0.07	-2.7	1.46276	3.61168	6.88142	10.87268	14.90304	18.23237
0.07	-2.65	1.53667	3.68539	6.82647	10.5158	14.09083	16.88673
0.07	-2.6	1.6121	3.74978	6.7477	10.13143	13.27014	15.5773
0.07	-2.55	1.68864	3.80338	6.64465	9.7221	12.4464	14.30996
0.07	-2.5	1.76568	3.84467	6.51717	9.29077	11.62505	13.08999
0.07	-2.45	1.8424	3.8721	6.36547	8.84072	10.81146	11.92206
0.07	-2.4	1.91774	3.88418	6.19016	8.37556	10.01075	10.81
0.07	-2.35	1.99037	3.8795	5.99227	7.89914	9.22782	9.75696
0.07	-2.3	2.05871	3.85685	5.77331	7.41546	8.46715	8.76526
0.07	-2.25	2.1208	3.81529	5.53522	6.92863	7.73281	7.83651
0.07	-2.2	2.17437	3.7543	5.28037	6.44269	7.02834	6.9715
0.07	-2.15	2.21708	3.67385	5.01151	5.96159	6.35674	6.17037
0.07	-2.1	2.24671	3.57447	4.73165	5.48902	5.72042	5.43254
0.07	-2.05	2.2613	3.45728	4.44398	5.02839	5.12122	4.75688
0.07	-2.	2.25938	3.32397	4.15177	4.58272	4.56041	4.14174
0.07	-1.95	2.23997	3.17675	3.85816	4.1546	4.03871	3.58494
0.07	-1.9	2.20354	3.0182	3.56615	3.74619	3.55634	3.08403
0.07	-1.85	2.15185	2.85091	3.27841	3.35921	3.11306	2.63613
0.07	-1.8	2.08628	2.67745	2.99735	2.99496	2.70825	2.23823
0.07	-1.75	2.00885	2.50023	2.72502	2.65435	2.3409	1.88705
0.07	-1.7	1.92165	2.32149	2.46316	2.33792	2.00974	1.57925
0.07	-1.65	1.82659	2.14323	2.21321	2.04588	1.71318	1.31139
0.07	-1.6	1.72578	1.96722	1.9763	1.77817	1.4495	1.08006
0.07	-1.55	1.62121	1.79492	1.75331	1.53446	1.21674	0.88183
0.07	-1.5	1.51409	1.62755	1.5449	1.31417	1.01285	0.71338
0.07	-1.45	1.40552	1.46623	1.3515	1.11655	0.83568	0.5715
0.07	-1.4	1.29668	1.31193	1.17335	0.94063	0.68304	0.45308
0.07	-1.35	1.18858	1.16546	1.01051	0.78532	0.5527	0.35523
0.07	-1.3	1.08213	1.02749	0.86284	0.64938	0.44245	0.27521
0.07	-1.25	0.97827	0.89854	0.73006	0.53148	0.35015	0.21051
0.07	-1.2	0.87766	0.77901	0.61171	0.43022	0.27369	0.15882
0.07	-1.15	0.781	0.66918	0.50721	0.34414	0.21108	0.11805
0.07	-1.1	0.68893	0.56919	0.41586	0.27177	0.16045	0.08634
0.07	-1.05	0.602	0.47906	0.33683	0.21164	0.12005	0.06205
0.07	-1.	0.52083	0.39865	0.26924	0.16232	0.08829	0.04374
0.07	-0.95	0.44597	0.32768	0.2121	0.12242	0.06371	0.0302
0.07	-0.9	0.37762	0.26572	0.16442	0.09063	0.04502	0.02037
0.07	-0.85	0.31586	0.21227	0.12521	0.06573	0.03109	0.0134
0.07	-0.8	0.26065	0.16674	0.09346	0.04659	0.02093	0.00857
0.07	-0.75	0.2118	0.12851	0.06821	0.03218	0.01369	0.00531
0.07	-0.7	0.16913	0.09695	0.04853	0.0216	0.00867	0.00318
0.07	-0.65	0.13245	0.07134	0.03354	0.01403	0.0053	0.00183
0.07	-0.6	0.10134	0.05101	0.02242	0.00878	0.00311	0.00101
0.07	-0.55	0.07543	0.03526	0.01442	0.00527	0.00174	0.00053
0.07	-0.5	0.0543	0.02343	0.00887	0.00301	0.00093	0.00026
0.07	-0.45	0.0375	0.01486	0.00519	0.00163	0.00047	0.00012
0.07	-0.4	0.02464	0.00893	0.00287	0.00083	0.00022	0.00005
0.07	-0.35	0.01531	0.00504	0.00148	0.00039	0.0001	0.00002
0.07	-0.3	0.00889	0.00265	0.00071	0.00017	0.00004	0.00000
0.07	-0.25	0.00476	0.00127	0.00031	0.00007	0.00001	0.00000
0.07	-0.2	0.00231	0.00056	0.00012	0.00002	0.00000	0.00000
0.07	-0.15	0.00101	0.00022	0.00004	0.00000	0.00000	0.00000
0.07	-0.1	0.00039	0.00007	0.00001	0.00000	0.00000	0.00000
0.07	-0.05	0.00014	0.00002	0.00000	0.00000	0.00000	0.00000
0.07	0.00	0.00000	0.00000	0.00000	0.00000	0.00000	0.00000
0.05	-8.9	0.00000	0.00017	0.00205	0.01737	0.11419	0.61712
0.05	-8.85	0.00000	0.00019	0.00225	0.01897	0.12369	0.66338
0.05	-8.8	0.00000	0.00021	0.00248	0.02071	0.13394	0.71287
0.05	-8.75	0.00001	0.00023	0.00273	0.0226	0.145	0.7658
0.05	-8.7	0.00001	0.00025	0.003	0.02466	0.15693	0.82238
0.05	-8.65	0.00001	0.00028	0.00331	0.0269	0.16979	0.88284
0.05	-8.6	0.00001	0.00031	0.00364	0.02933	0.18365	0.94741
0.05	-8.55	0.00002	0.00035	0.004	0.03198	0.19857	1.01635
0.05	-8.5	0.00002	0.00039	0.0044	0.03486	0.21465	1.08991
0.05	-8.45	0.00002	0.00043	0.00483	0.03798	0.23195	1.16837
0.05	-8.4	0.00002	0.00048	0.00531	0.04138	0.25057	1.25201
0.05	-8.35	0.00003	0.00053	0.00584	0.04507	0.27059	1.34115
0.05	-8.3	0.00003	0.00059	0.00642	0.04908	0.29212	1.43608
0.05	-8.25	0.00003	0.00065	0.00705	0.05342	0.31526	1.53714
0.05	-8.2	0.00004	0.00072	0.00774	0.05814	0.34011	1.64467
0.05	-8.15	0.00004	0.0008	0.0085	0.06325	0.3668	1.75902
0.05	-8.1	0.00005	0.00089	0.00933	0.06879	0.39544	1.88057
0.05	-8.05	0.00005	0.00098	0.01024	0.0748	0.42617	2.0097
0.05	-8.	0.00006	0.00109	0.01124	0.0813	0.45912	2.1468
0.05	-7.95	0.00006	0.00121	0.01233	0.08835	0.49443	2.2923
0.05	-7.9	0.00007	0.00134	0.01353	0.09597	0.53226	2.44661
0.05	-7.85	0.00008	0.00148	0.01484	0.10422	0.57277	2.61017
0.05	-7.8	0.00009	0.00164	0.01626	0.11315	0.61613	2.78345
0.05	-7.75	0.0001	0.00182	0.01783	0.1228	0.66251	2.9669
0.05	-7.7	0.00011	0.00202	0.01953	0.13322	0.7121	3.16101
0.05	-7.65	0.00013	0.00223	0.0214	0.14449	0.76509	3.36628
0.05	-7.6	0.00014	0.00247	0.02344	0.15665	0.82169	3.58319
0.05	-7.55	0.00016	0.00274	0.02566	0.16977	0.8821	3.81228
0.05	-7.5	0.00018	0.00303	0.02809	0.18393	0.94655	4.05406
0.05	-7.45	0.0002	0.00336	0.03074	0.1992	1.01528	4.30906
0.05	-7.4	0.00022	0.00371	0.03363	0.21565	1.08851	4.57782
0.05	-7.35	0.00025	0.00411	0.03678	0.23338	1.16651	4.86089
0.05	-7.3	0.00028	0.00455	0.04021	0.25246	1.24953	5.15883
0.05	-7.25	0.00032	0.00503	0.04395	0.273	1.33785	5.47217
0.05	-7.2	0.00035	0.00556	0.04802	0.29509	1.43172	5.80147
0.05	-7.15	0.0004	0.00615	0.05245	0.31884	1.53146	6.14729
0.05	-7.1	0.00045	0.00679	0.05727	0.34435	1.63735	6.51016
0.05	-7.05	0.0005	0.00751	0.06252	0.37176	1.74969	6.89063
0.05	-7.	0.00056	0.00829	0.06822	0.40117	1.8688	7.28922
0.05	-6.95	0.00063	0.00916	0.07442	0.43271	1.995	7.70645
0.05	-6.9	0.0007	0.01012	0.08115	0.46653	2.12861	8.14283
0.05	-6.85	0.00079	0.01117	0.08845	0.50276	2.26997	8.59882
0.05	-6.8	0.00089	0.01233	0.09638	0.54155	2.4194	9.0749
0.05	-6.75	0.00099	0.0136	0.10498	0.58306	2.57726	9.57148
0.05	-6.7	0.00111	0.01501	0.1143	0.62744	2.74389	10.08896
0.05	-6.65	0.00125	0.01655	0.1244	0.67487	2.91963	10.62772
0.05	-6.6	0.0014	0.01825	0.13534	0.72552	3.10483	11.18806
0.05	-6.55	0.00156	0.02012	0.14717	0.77956	3.29982	11.77026
0.05	-6.5	0.00175	0.02217	0.15998	0.8372	3.50497	12.37455
0.05	-6.45	0.00196	0.02442	0.17382	0.89861	3.72059	13.0011
0.05	-6.4	0.0022	0.02689	0.18877	0.964	3.94702	13.65002
0.05	-6.35	0.00246	0.02961	0.20491	1.03358	4.18459	14.32134
0.05	-6.3	0.00276	0.03258	0.22233	1.10754	4.43359	15.01503
0.05	-6.25	0.00309	0.03585	0.24112	1.18611	4.69433	15.73099
0.05	-6.2	0.00346	0.03943	0.26136	1.2695	4.96709	16.46901
0.05	-6.15	0.00387	0.04334	0.28315	1.35793	5.25212	17.22882
0.05	-6.1	0.00433	0.04763	0.30661	1.45162	5.54965	18.01004
0.05	-6.05	0.00485	0.05233	0.33183	1.5508	5.85991	18.81217
0.05	-6.	0.00543	0.05746	0.35893	1.65569	6.18307	19.63465
0.05	-5.95	0.00607	0.06307	0.38803	1.76651	6.51928	20.47674
0.05	-5.9	0.0068	0.0692	0.41925	1.88348	6.86865	21.33766
0.05	-5.85	0.0076	0.07589	0.45271	2.00683	7.23126	22.21643
0.05	-5.8	0.0085	0.08319	0.48854	2.13676	7.60712	23.112
0.05	-5.75	0.0095	0.09114	0.52689	2.27348	7.99624	24.02316
0.05	-5.7	0.01062	0.09981	0.56789	2.41719	8.39852	24.94856
0.05	-5.65	0.01187	0.10925	0.61168	2.56807	8.81384	25.88673
0.05	-5.6	0.01326	0.11952	0.6584	2.72629	9.24201	26.83604
0.05	-5.55	0.01481	0.13069	0.70822	2.89203	9.68279	27.79472
0.05	-5.5	0.01654	0.14282	0.76126	3.06541	10.13584	28.76086
0.05	-5.45	0.01846	0.15598	0.81769	3.24657	10.60078	29.7324
0.05	-5.4	0.0206	0.17026	0.87766	3.4356	11.07714	30.70711
0.05	-5.35	0.02298	0.18573	0.94132	3.63258	11.56437	31.68265
0.05	-5.3	0.02562	0.20247	1.00881	3.83757	12.06184	32.65652
0.05	-5.25	0.02856	0.22057	1.08027	4.05057	12.56883	33.62607
0.05	-5.2	0.03182	0.24013	1.15586	4.27158	13.08453	34.58852
0.05	-5.15	0.03543	0.26124	1.23571	4.50054	13.60805	35.54097
0.05	-5.1	0.03944	0.284	1.31995	4.73738	14.1384	36.48038
0.05	-5.05	0.04389	0.3085	1.40868	4.98195	14.6745	37.40361
0.05	-5.	0.0488	0.33484	1.50204	5.23408	15.21515	38.30738
0.05	-4.95	0.05424	0.36315	1.60011	5.49356	15.7591	39.18835
0.05	-4.9	0.06024	0.39351	1.70298	5.76011	16.30495	40.04307
0.05	-4.85	0.06686	0.42604	1.81072	6.03342	16.85125	40.86802
0.05	-4.8	0.07416	0.46083	1.92338	6.31309	17.39643	41.65964
0.05	-4.75	0.08219	0.49801	2.04099	6.59871	17.93883	42.4143
0.05	-4.7	0.09103	0.53766	2.16356	6.88977	18.47671	43.12836
0.05	-4.65	0.10072	0.57989	2.29107	7.18573	19.00825	43.79819
0.05	-4.6	0.11135	0.6248	2.42349	7.48597	19.53152	44.42013
0.05	-4.55	0.12299	0.67247	2.56075	7.78982	20.04455	44.99059
0.05	-4.5	0.13571	0.72298	2.70275	8.09654	20.54528	45.50603
0.05	-4.45	0.14958	0.77641	2.84937	8.40533	21.03157	45.96298
0.05	-4.4	0.16469	0.83283	3.00044	8.71532	21.50127	46.35808
0.05	-4.35	0.18111	0.89228	3.15577	9.0256	21.95213	46.68809
0.05	-4.3	0.19892	0.9548	3.31513	9.33517	22.38191	46.94993
0.05	-4.25	0.2182	1.02043	3.47825	9.64299	22.78832	47.14072
0.05	-4.2	0.23901	1.08916	3.64483	9.94795	23.16905	47.25777
0.05	-4.15	0.26143	1.16101	3.81454	10.24889	23.5218	47.29863
0.05	-4.1	0.28553	1.23593	3.98698	10.5446	23.84426	47.26113
0.05	-4.05	0.31137	1.3139	4.16174	10.83379	24.13417	47.14336
0.05	-4.	0.33898	1.39484	4.33837	11.11517	24.38929	46.9438
0.05	-3.95	0.36844	1.47869	4.51637	11.38738	24.60744	46.66122
0.05	-3.9	0.39976	1.56534	4.6952	11.64901	24.78651	46.2948
0.05	-3.85	0.43297	1.65467	4.87429	11.89862	24.92449	45.84411
0.05	-3.8	0.4681	1.74654	5.05303	12.13477	25.01946	45.30919
0.05	-3.75	0.50514	1.84079	5.23077	12.35595	25.06964	44.69048
0.05	-3.7	0.54409	1.93724	5.40682	12.56066	25.07342	43.98896
0.05	-3.65	0.58492	2.0357	5.58046	12.74739	25.02931	43.20605
0.05	-3.6	0.62762	2.13595	5.75092	12.91461	24.93608	42.34373
0.05	-3.55	0.67214	2.23776	5.9174	13.06081	24.79266	41.40448
0.05	-3.5	0.71844	2.34086	6.07906	13.18449	24.59828	40.39134
0.05	-3.45	0.76644	2.44499	6.23503	13.28417	24.35237	39.30783
0.05	-3.4	0.81609	2.54987	6.38438	13.35844	24.05471	38.15805
0.05	-3.35	0.86733	2.65519	6.52615	13.40591	23.70538	36.94665
0.05	-3.3	0.92007	2.76062	6.65936	13.42528	23.30478	35.67871
0.05	-3.25	0.97426	2.86581	6.78297	13.41534	22.85369	34.35989
0.05	-3.2	1.02981	2.97038	6.89589	13.37497	22.35327	32.99619
0.05	-3.15	1.08665	3.07394	6.99703	13.30322	21.80507	31.59414
0.05	-3.1	1.14474	3.17605	7.08524	13.19926	21.21106	30.16057
0.05	-3.05	1.20407	3.27623	7.15935	13.06247	20.57362	28.70262
0.05	-3.	1.26461	3.37393	7.21817	12.89242	19.89557	27.22768
0.05	-2.95	1.32634	3.46857	7.26051	12.68894	19.18013	25.74328
0.05	-2.9	1.38924	3.55948	7.28517	12.45214	18.43095	24.25712
0.05	-2.85	1.45331	3.64592	7.29099	12.18239	17.65204	22.77677
0.05	-2.8	1.51853	3.72706	7.27687	11.88045	16.84781	21.30982
0.05	-2.75	1.58492	3.80195	7.24176	11.54737	16.02294	19.86358
0.05	-2.7	1.65241	3.86958	7.18474	11.18462	15.18242	18.44514
0.05	-2.65	1.72084	3.92878	7.10506	10.79403	14.33141	17.06115
0.05	-2.6	1.78999	3.97833	7.00215	10.37786	13.47527	15.71785
0.05	-2.55	1.85955	4.01689	6.87567	9.9387	12.61934	14.42085
0.05	-2.5	1.92904	4.04309	6.72561	9.47954	11.76897	13.17518
0.05	-2.45	1.99774	4.0555	6.55227	9.00373	10.92943	11.98518
0.05	-2.4	2.06472	4.05272	6.35634	8.51486	10.10571	10.8544
0.05	-2.35	2.12875	4.03346	6.13895	8.01678	9.30256	9.78572
0.05	-2.3	2.18826	3.99658	5.90164	7.51346	8.5243	8.78114
0.05	-2.25	2.24141	3.94125	5.64641	7.00897	7.77482	7.84197
0.05	-2.2	2.28604	3.86699	5.37566	6.50728	7.0575	6.96876
0.05	-2.15	2.31986	3.77384	5.09215	6.01228	6.37514	6.16133
0.05	-2.1	2.34071	3.66239	4.79891	5.52758	5.72998	5.41888
0.05	-2.05	2.34669	3.53379	4.49912	5.05648	5.12364	4.74001
0.05	-2.	2.33636	3.38977	4.19602	4.60191	4.55723	4.12285
0.05	-1.95	2.30889	3.23256	3.89276	4.16633	4.03125	3.56502
0.05	-1.9	2.26462	3.06475	3.59229	3.75181	3.54579	3.06385
0.05	-1.85	2.20516	2.889	3.29725	3.35991	3.1004	2.61634
0.05	-1.8	2.13218	2.7079	3.00998	2.99182	2.69431	2.21928
0.05	-1.75	2.04769	2.5239	2.73246	2.6483	2.32636	1.86928
0.05	-1.7	1.95388	2.33925	2.46636	2.32978	1.99514	1.5629
0.05	-1.65	1.85286	2.1559	2.213	2.03635	1.69897	1.2966
0.05	-1.6	1.74677	1.97557	1.97344	1.76783	1.43599	1.06688
0.05	-1.55	1.6375	1.79965	1.74846	1.52378	1.20416	0.87027
0.05	-1.5	1.52624	1.62932	1.53862	1.30354	1.00136	0.70338
0.05	-1.45	1.41416	1.46563	1.34429	1.10627	0.82537	0.56296
0.05	-1.4	1.3023	1.30947	1.16562	0.93093	0.67393	0.44591
0.05	-1.35	1.19164	1.1616	1.00261	0.77636	0.54479	0.34929
0.05	-1.3	1.0831	1.02264	0.85504	0.64126	0.43568	0.27036
0.05	-1.25	0.97758	0.89306	0.72256	0.52427	0.34445	0.20662
0.05	-1.2	0.87567	0.77317	0.60469	0.42391	0.26896	0.15574
0.05	-1.15	0.77795	0.66324	0.50078	0.33873	0.20723	0.11566
0.05	-1.1	0.68507	0.56337	0.41009	0.2672	0.15737	0.08451
0.05	-1.05	0.59764	0.47353	0.33177	0.20785	0.11763	0.06068
0.05	-1.	0.51628	0.39354	0.26486	0.15924	0.08642	0.04275
0.05	-0.95	0.44149	0.32306	0.20839	0.11996	0.0623	0.02948
0.05	-0.9	0.37334	0.26162	0.16135	0.08871	0.04399	0.01987
0.05	-0.85	0.31186	0.20868	0.12271	0.06427	0.03035	0.01306
0.05	-0.8	0.25694	0.16367	0.09148	0.04551	0.02041	0.00834
0.05	-0.75	0.20839	0.12595	0.06668	0.03141	0.01334	0.00517
0.05	-0.7	0.16607	0.09487	0.04739	0.02106	0.00844	0.00309
0.05	-0.65	0.1298	0.06972	0.03272	0.01367	0.00516	0.00178
0.05	-0.6	0.09913	0.04979	0.02185	0.00854	0.00302	0.00098
0.05	-0.55	0.07366	0.03439	0.01405	0.00512	0.00169	0.00051
0.05	-0.5	0.05297	0.02283	0.00864	0.00293	0.0009	0.00026
0.05	-0.45	0.03658	0.01447	0.00505	0.00158	0.00045	0.00012
0.05	-0.4	0.02403	0.00869	0.00278	0.0008	0.00021	0.00005
0.05	-0.35	0.01491	0.0049	0.00143	0.00038	0.00009	0.00002
0.05	-0.3	0.00865	0.00257	0.00068	0.00016	0.00004	0.00000
0.05	-0.25	0.00462	0.00123	0.0003	0.00006	0.00001	0.00000
0.05	-0.2	0.00223	0.00053	0.00011	0.00002	0.00000	0.00000
0.05	-0.15	0.00096	0.00021	0.00004	0.00000	0.00000	0.00000
0.05	-0.1	0.00037	0.00007	0.00001	0.00000	0.00000	0.00000
0.05	-0.05	0.00013	0.00002	0.00000	0.00000	0.00000	0.00000
0.05	0.00	0.00000	0.00000	0.00000	0.00000	0.00000	0.00000
0.03	-8.9	0.00001	0.0003	0.00355	0.02894	0.18265	0.94936
0.03	-8.85	0.00002	0.00034	0.00391	0.03156	0.19755	1.01878
0.03	-8.8	0.00002	0.00037	0.0043	0.03441	0.21361	1.09289
0.03	-8.75	0.00002	0.00041	0.00473	0.03751	0.2309	1.17197
0.03	-8.7	0.00002	0.00046	0.0052	0.04087	0.24951	1.25631
0.03	-8.65	0.00002	0.00051	0.00572	0.04453	0.26953	1.34623
0.03	-8.6	0.00003	0.00057	0.00628	0.0485	0.29107	1.44204
0.03	-8.55	0.00003	0.00063	0.0069	0.05281	0.31422	1.54409
0.03	-8.5	0.00003	0.0007	0.00758	0.05749	0.3391	1.65272
0.03	-8.45	0.00004	0.00077	0.00833	0.06256	0.36583	1.7683
0.03	-8.4	0.00004	0.00086	0.00915	0.06806	0.39453	1.89121
0.03	-8.35	0.00005	0.00095	0.01004	0.07402	0.42533	2.02185
0.03	-8.3	0.00005	0.00106	0.01102	0.08049	0.45837	2.16063
0.03	-8.25	0.00006	0.00117	0.0121	0.08749	0.4938	2.30798
0.03	-8.2	0.00007	0.0013	0.01327	0.09507	0.53177	2.46435
0.03	-8.15	0.00008	0.00144	0.01456	0.10327	0.57244	2.63018
0.03	-8.1	0.00009	0.00159	0.01597	0.11215	0.616	2.80596
0.03	-8.05	0.0001	0.00177	0.0175	0.12176	0.66261	2.99217
0.03	-8.	0.00011	0.00196	0.01919	0.13214	0.71247	3.18931
0.03	-7.95	0.00012	0.00217	0.02102	0.14336	0.76578	3.39791
0.03	-7.9	0.00014	0.0024	0.02303	0.15547	0.82274	3.61847
0.03	-7.85	0.00015	0.00266	0.02523	0.16856	0.88357	3.85156
0.03	-7.8	0.00017	0.00295	0.02762	0.18268	0.94851	4.09772
0.03	-7.75	0.00019	0.00326	0.03023	0.19791	1.01778	4.35751
0.03	-7.7	0.00021	0.00361	0.03309	0.21434	1.09165	4.6315
0.03	-7.65	0.00024	0.004	0.0362	0.23204	1.17035	4.92028
0.03	-7.6	0.00027	0.00442	0.03959	0.25111	1.25417	5.22444
0.03	-7.55	0.0003	0.00489	0.04328	0.27164	1.34338	5.54455
0.03	-7.5	0.00034	0.00541	0.04731	0.29373	1.43827	5.88122
0.03	-7.45	0.00038	0.00598	0.05169	0.31749	1.53914	6.23504
0.03	-7.4	0.00043	0.00661	0.05646	0.34304	1.64629	6.6066
0.03	-7.35	0.00048	0.00731	0.06166	0.37048	1.76004	6.99649
0.03	-7.3	0.00054	0.00808	0.06731	0.39995	1.88072	7.4053
0.03	-7.25	0.0006	0.00892	0.07345	0.43158	2.00866	7.83358
0.03	-7.2	0.00067	0.00986	0.08012	0.4655	2.14421	8.28191
0.03	-7.15	0.00076	0.01089	0.08736	0.50187	2.28771	8.75082
0.03	-7.1	0.00085	0.01202	0.09523	0.54082	2.43951	9.24084
0.03	-7.05	0.00095	0.01327	0.10377	0.58253	2.59998	9.75245
0.03	-7.	0.00106	0.01464	0.11303	0.62716	2.76948	10.28614
0.03	-6.95	0.00119	0.01615	0.12306	0.67487	2.94838	10.84233
0.03	-6.9	0.00134	0.01782	0.13394	0.72585	3.13705	11.42144
0.03	-6.85	0.0015	0.01965	0.14571	0.78029	3.33586	12.0238
0.03	-6.8	0.00168	0.02166	0.15846	0.83838	3.54517	12.64974
0.03	-6.75	0.00188	0.02387	0.17224	0.90031	3.76536	13.29952
0.03	-6.7	0.00211	0.02629	0.18714	0.9663	3.99677	13.97333
0.03	-6.65	0.00236	0.02896	0.20324	1.03656	4.23977	14.67131
0.03	-6.6	0.00264	0.03188	0.22062	1.1113	4.4947	15.39353
0.03	-6.55	0.00296	0.03509	0.23938	1.19075	4.76187	16.13999
0.03	-6.5	0.00332	0.03861	0.2596	1.27514	5.04163	16.9106
0.03	-6.45	0.00371	0.04246	0.28139	1.36469	5.33425	17.70518
0.03	-6.4	0.00416	0.04668	0.30486	1.45964	5.64001	18.52349
0.03	-6.35	0.00465	0.05131	0.33011	1.56022	5.95918	19.36515
0.03	-6.3	0.00521	0.05637	0.35725	1.66668	6.29197	20.2297
0.03	-6.25	0.00583	0.0619	0.38642	1.77924	6.63859	21.11657
0.03	-6.2	0.00652	0.06795	0.41774	1.89816	6.99918	22.02507
0.03	-6.15	0.0073	0.07456	0.45133	2.02365	7.37389	22.9544
0.03	-6.1	0.00816	0.08177	0.48733	2.15596	7.76278	23.90362
0.03	-6.05	0.00913	0.08964	0.52589	2.2953	8.16589	24.87167
0.03	-6.	0.01021	0.09822	0.56714	2.44188	8.58321	25.85736
0.03	-5.95	0.01141	0.10758	0.61124	2.59593	9.01467	26.85937
0.03	-5.9	0.01275	0.11776	0.65833	2.75762	9.46014	27.87622
0.03	-5.85	0.01425	0.12884	0.70858	2.92715	9.91944	28.9063
0.03	-5.8	0.01592	0.14089	0.76213	3.10468	10.39231	29.94787
0.03	-5.75	0.01778	0.15397	0.81916	3.29035	10.87843	30.99904
0.03	-5.7	0.01985	0.16818	0.8798	3.4843	11.3774	32.05774
0.03	-5.65	0.02215	0.18358	0.94424	3.68661	11.88874	33.12181
0.03	-5.6	0.02471	0.20028	1.01261	3.89738	12.41191	34.18892
0.03	-5.55	0.02756	0.21835	1.08509	4.11664	12.94627	35.2566
0.03	-5.5	0.03073	0.23789	1.16181	4.34441	13.49109	36.32227
0.03	-5.45	0.03424	0.259	1.24294	4.58066	14.04556	37.38317
0.03	-5.4	0.03814	0.28179	1.3286	4.82535	14.6088	38.43646
0.03	-5.35	0.04247	0.30635	1.41893	5.07836	15.17979	39.47918
0.03	-5.3	0.04726	0.3328	1.51406	5.33956	15.75747	40.50823
0.03	-5.25	0.05257	0.36124	1.61408	5.60875	16.34067	41.52043
0.03	-5.2	0.05845	0.39179	1.71911	5.8857	16.9281	42.51251
0.03	-5.15	0.06494	0.42456	1.82921	6.17011	17.51842	43.48113
0.03	-5.1	0.0721	0.45967	1.94446	6.46166	18.11019	44.42285
0.03	-5.05	0.08	0.49722	2.06488	6.75992	18.70187	45.33421
0.03	-5.	0.0887	0.53733	2.19051	7.06447	19.29185	46.21171
0.03	-4.95	0.09827	0.58011	2.32134	7.37477	19.87843	47.05179
0.03	-4.9	0.10879	0.62565	2.45734	7.69027	20.45986	47.85093
0.03	-4.85	0.12033	0.67406	2.59844	8.01033	21.03428	48.60559
0.03	-4.8	0.13297	0.72543	2.74456	8.33427	21.5998	49.31227
0.03	-4.75	0.14679	0.77984	2.89557	8.66134	22.15447	49.9675
0.03	-4.7	0.16189	0.83736	3.05132	8.99073	22.69626	50.56789
0.03	-4.65	0.17833	0.89805	3.21161	9.32159	23.22315	51.11013
0.03	-4.6	0.19622	0.96196	3.37622	9.65301	23.73303	51.59101
0.03	-4.55	0.21564	1.0291	3.54488	9.98403	24.22381	52.00744
0.03	-4.5	0.23668	1.0995	3.71729	10.31362	24.69335	52.35647
0.03	-4.45	0.25941	1.17315	3.8931	10.64074	25.13954	52.63533
0.03	-4.4	0.28391	1.25001	4.07194	10.96429	25.56025	52.84141
0.03	-4.35	0.31026	1.33004	4.2534	11.28313	25.95336	52.97232
0.03	-4.3	0.33853	1.41316	4.43701	11.59609	26.31679	53.02587
0.03	-4.25	0.36877	1.49927	4.62231	11.90198	26.6485	53.00015
0.03	-4.2	0.40103	1.58825	4.80876	12.19957	26.94647	52.89347
0.03	-4.15	0.43533	1.67995	4.99583	12.48764	27.20877	52.70448
0.03	-4.1	0.4717	1.7742	5.18294	12.76493	27.4335	52.43206
0.03	-4.05	0.51014	1.87079	5.36949	13.03017	27.61886	52.07545
0.03	-4.	0.55063	1.96951	5.55485	13.28211	27.76316	51.63425
0.03	-3.95	0.59316	2.07012	5.7384	13.51947	27.86478	51.10838
0.03	-3.9	0.63767	2.17236	5.91947	13.741	27.92223	50.49814
0.03	-3.85	0.68411	2.27593	6.09738	13.94545	27.93413	49.80424
0.03	-3.8	0.73236	2.38054	6.27147	14.13157	27.89926	49.02779
0.03	-3.75	0.78233	2.48589	6.44104	14.29815	27.81653	48.1703
0.03	-3.7	0.8339	2.59165	6.60538	14.44399	27.68506	47.23375
0.03	-3.65	0.88694	2.69749	6.76381	14.56791	27.50408	46.22051
0.03	-3.6	0.94128	2.80309	6.91561	14.66876	27.27308	45.13347
0.03	-3.55	0.99676	2.90811	7.06007	14.74545	26.99173	43.97593
0.03	-3.5	1.05319	3.01222	7.19647	14.79689	26.65994	42.75167
0.03	-3.45	1.11036	3.1151	7.32408	14.82206	26.27785	41.46489
0.03	-3.4	1.16813	3.21643	7.44218	14.81999	25.84589	40.12028
0.03	-3.35	1.22631	3.3159	7.55002	14.78979	25.36476	38.72297
0.03	-3.3	1.28473	3.41319	7.64682	14.7306	24.83544	37.27847
0.03	-3.25	1.34323	3.50801	7.73182	14.6417	24.25927	35.79275
0.03	-3.2	1.40166	3.60004	7.80421	14.52242	23.63788	34.27206
0.03	-3.15	1.45989	3.68898	7.86317	14.37227	22.97328	32.72306
0.03	-3.1	1.51789	3.77451	7.90786	14.19084	22.26782	31.15265
0.03	-3.05	1.57564	3.85626	7.93741	13.97793	21.52421	29.56796
0.03	-3.	1.63311	3.93384	7.95094	13.7335	20.74553	27.97628
0.03	-2.95	1.69026	4.00682	7.94757	13.45773	19.93522	26.38498
0.03	-2.9	1.74711	4.07471	7.92642	13.15105	19.09708	24.80151
0.03	-2.85	1.80369	4.13696	7.88662	12.81413	18.23523	23.23318
0.03	-2.8	1.86005	4.19294	7.82736	12.44796	17.3541	21.68721
0.03	-2.75	1.91628	4.24194	7.74785	12.05383	16.45837	20.17053
0.03	-2.7	1.97238	4.28312	7.64745	11.63338	15.55299	18.68981
0.03	-2.65	2.02838	4.31557	7.52561	11.18856	14.64298	17.25121
0.03	-2.6	2.08421	4.33826	7.38198	10.72173	13.73357	15.8605
0.03	-2.55	2.13974	4.35003	7.21641	10.23556	12.82991	14.52277
0.03	-2.5	2.19461	4.34968	7.02903	9.73307	11.93713	13.24253
0.03	-2.45	2.24817	4.33594	6.8203	9.21759	11.06025	12.02361
0.03	-2.4	2.29961	4.30758	6.59102	8.69267	10.20397	10.86903
0.03	-2.35	2.34784	4.26347	6.34241	8.1621	9.37274	9.78114
0.03	-2.3	2.39144	4.2026	6.07609	7.62976	8.57058	8.76144
0.03	-2.25	2.42871	4.12425	5.79409	7.09957	7.80105	7.81076
0.03	-2.2	2.45758	4.02806	5.49883	6.5754	7.06718	6.92915
0.03	-2.15	2.47584	3.91415	5.19309	6.06092	6.37145	6.11602
0.03	-2.1	2.48142	3.78319	4.87985	5.55959	5.71575	5.37014
0.03	-2.05	2.4725	3.63641	4.56228	5.07449	5.10138	4.68973
0.03	-2.	2.44769	3.47561	4.24355	4.60835	4.52913	4.07257
0.03	-1.95	2.40624	3.30307	3.9267	4.1634	3.9992	3.51596
0.03	-1.9	2.3487	3.12142	3.61459	3.74148	3.51138	3.01697
0.03	-1.85	2.27678	2.93331	3.30973	3.34395	3.06497	2.57231
0.03	-1.8	2.19231	2.7413	3.01431	2.97176	2.65894	2.17859
0.03	-1.75	2.09731	2.54778	2.73018	2.62547	2.29193	1.83222
0.03	-1.7	1.99387	2.35491	2.45886	2.30531	1.96231	1.52961
0.03	-1.65	1.88413	2.16463	2.20151	2.01119	1.66823	1.26708
0.03	-1.6	1.77031	1.97855	1.95905	1.74276	1.40767	1.04105
0.03	-1.55	1.65431	1.79796	1.73211	1.49942	1.17848	0.84795
0.03	-1.5	1.53734	1.62393	1.52111	1.28036	0.97841	0.68435
0.03	-1.45	1.42045	1.4574	1.32629	1.08463	0.80515	0.54695
0.03	-1.4	1.3046	1.29914	1.14768	0.91107	0.65637	0.43261
0.03	-1.35	1.19061	1.14982	0.98518	0.75843	0.52974	0.33841
0.03	-1.3	1.07936	1.00998	0.83848	0.62533	0.42299	0.26159
0.03	-1.25	0.97166	0.88001	0.70715	0.51033	0.3339	0.19965
0.03	-1.2	0.86808	0.76018	0.5906	0.41192	0.26034	0.1503
0.03	-1.15	0.76931	0.65065	0.48813	0.32857	0.2003	0.11148
0.03	-1.1	0.67591	0.55143	0.39892	0.25875	0.15189	0.08137
0.03	-1.05	0.58831	0.4624	0.32208	0.20096	0.11339	0.05836
0.03	-1.	0.50695	0.38335	0.25662	0.15372	0.0832	0.04107
0.03	-0.95	0.43222	0.31391	0.20154	0.11564	0.05991	0.0283
0.03	-0.9	0.36426	0.25361	0.15578	0.08541	0.04225	0.01905
0.03	-0.85	0.30328	0.20188	0.1183	0.0618	0.02912	0.01251
0.03	-0.8	0.24919	0.15806	0.08807	0.0437	0.01956	0.00798
0.03	-0.75	0.20165	0.12145	0.06412	0.03013	0.01277	0.00494
0.03	-0.7	0.16043	0.09135	0.04551	0.02017	0.00807	0.00295
0.03	-0.65	0.12521	0.06704	0.03138	0.01307	0.00492	0.0017
0.03	-0.6	0.09549	0.04781	0.02092	0.00816	0.00288	0.00093
0.03	-0.55	0.07085	0.03297	0.01343	0.00489	0.00161	0.00049
0.03	-0.5	0.05087	0.02185	0.00824	0.00279	0.00086	0.00024
0.03	-0.45	0.03505	0.01382	0.00481	0.00151	0.00043	0.00011
0.03	-0.4	0.02295	0.00828	0.00265	0.00077	0.0002	0.00005
0.03	-0.35	0.01421	0.00467	0.00136	0.00036	0.00009	0.00002
0.03	-0.3	0.00823	0.00244	0.00065	0.00016	0.00003	0.00000
0.03	-0.25	0.00439	0.00117	0.00028	0.00006	0.00001	0.00000
0.03	-0.2	0.00212	0.00051	0.00011	0.00002	0.00000	0.00000
0.03	-0.15	0.00092	0.0002	0.00004	0.00000	0.00000	0.00000
0.03	-0.1	0.00036	0.00006	0.00000	0.00000	0.00000	0.00000
0.03	-0.05	0.00012	0.00001	0.00000	0.00000	0.00000	0.00000
0.03	0.00	0.00000	0.00000	0.00000	0.00000	0.00000	0.00000
0.01	-8.9	0.00005	0.00108	0.01158	0.08675	0.50532	2.43103
0.01	-8.85	0.00006	0.0012	0.01272	0.09437	0.54487	2.59941
0.01	-8.8	0.00007	0.00133	0.01397	0.10263	0.58732	2.77832
0.01	-8.75	0.00008	0.00147	0.01533	0.11158	0.63284	2.96831
0.01	-8.7	0.00008	0.00163	0.01682	0.12128	0.68163	3.16997
0.01	-8.65	0.00009	0.00181	0.01845	0.13177	0.73392	3.38388
0.01	-8.6	0.00011	0.002	0.02024	0.14313	0.78992	3.61066
0.01	-8.55	0.00012	0.00222	0.0222	0.15542	0.84986	3.85095
0.01	-8.5	0.00013	0.00246	0.02433	0.16871	0.914	4.10539
0.01	-8.45	0.00015	0.00273	0.02667	0.18308	0.98258	4.37467
0.01	-8.4	0.00017	0.00302	0.02923	0.1986	1.05589	4.65946
0.01	-8.35	0.00019	0.00335	0.03202	0.21536	1.13419	4.96048
0.01	-8.3	0.00021	0.00371	0.03506	0.23345	1.2178	5.27844
0.01	-8.25	0.00024	0.0041	0.03839	0.25298	1.30701	5.61407
0.01	-8.2	0.00027	0.00454	0.04202	0.27404	1.40215	5.96813
0.01	-8.15	0.0003	0.00503	0.04598	0.29674	1.50356	6.34137
0.01	-8.1	0.00033	0.00556	0.0503	0.32121	1.61158	6.73455
0.01	-8.05	0.00038	0.00616	0.05501	0.34755	1.72657	7.14845
0.01	-8.	0.00042	0.00681	0.06014	0.37591	1.84892	7.58383
0.01	-7.95	0.00047	0.00753	0.06573	0.40642	1.979	8.04149
0.01	-7.9	0.00053	0.00833	0.07182	0.43923	2.11722	8.52219
0.01	-7.85	0.00059	0.00921	0.07845	0.47449	2.26399	9.0267
0.01	-7.8	0.00067	0.01018	0.08565	0.51237	2.41974	9.55579
0.01	-7.75	0.00075	0.01125	0.09349	0.55303	2.58489	10.11019
0.01	-7.7	0.00084	0.01243	0.10202	0.59666	2.7599	10.69066
0.01	-7.65	0.00094	0.01373	0.11128	0.64343	2.94522	11.29789
0.01	-7.6	0.00105	0.01516	0.12133	0.69356	3.14132	11.93257
0.01	-7.55	0.00118	0.01674	0.13225	0.74725	3.34866	12.59536
0.01	-7.5	0.00132	0.01848	0.14409	0.8047	3.56771	13.28687
0.01	-7.45	0.00148	0.02039	0.15693	0.86616	3.79897	14.00768
0.01	-7.4	0.00166	0.0225	0.17085	0.93185	4.0429	14.75833
0.01	-7.35	0.00186	0.02481	0.18593	1.00201	4.3	15.53928
0.01	-7.3	0.00209	0.02736	0.20226	1.0769	4.57074	16.35096
0.01	-7.25	0.00234	0.03016	0.21993	1.15677	4.85561	17.1937
0.01	-7.2	0.00262	0.03324	0.23903	1.2419	5.15506	18.06778
0.01	-7.15	0.00293	0.03662	0.25968	1.33257	5.46957	18.97341
0.01	-7.1	0.00329	0.04033	0.28199	1.42905	5.79958	19.91067
0.01	-7.05	0.00368	0.0444	0.30606	1.53164	6.14551	20.87959
0.01	-7.	0.00412	0.04886	0.33204	1.64064	6.50779	21.88007
0.01	-6.95	0.00462	0.05376	0.36004	1.75635	6.8868	22.9119
0.01	-6.9	0.00517	0.05913	0.3902	1.87907	7.28291	23.97477
0.01	-6.85	0.00579	0.06501	0.42268	2.00912	7.69644	25.06822
0.01	-6.8	0.00648	0.07145	0.45761	2.1468	8.12769	26.19169
0.01	-6.75	0.00726	0.07849	0.49516	2.29242	8.57692	27.34445
0.01	-6.7	0.00812	0.0862	0.53549	2.4463	9.04433	28.52565
0.01	-6.65	0.00909	0.09462	0.57878	2.60874	9.53009	29.73428
0.01	-6.6	0.01017	0.10382	0.6252	2.78005	10.03429	30.96915
0.01	-6.55	0.01137	0.11387	0.67493	2.9605	10.55699	32.22896
0.01	-6.5	0.01272	0.12483	0.72817	3.1504	11.09816	33.51219
0.01	-6.45	0.01422	0.13678	0.78512	3.35	11.65771	34.81718
0.01	-6.4	0.0159	0.1498	0.84596	3.55956	12.23547	36.14209
0.01	-6.35	0.01777	0.16397	0.91091	3.77932	12.8312	37.4849
0.01	-6.3	0.01986	0.1794	0.98016	4.00949	13.44456	38.84344
0.01	-6.25	0.02219	0.19617	1.05394	4.25026	14.07512	40.21532
0.01	-6.2	0.02478	0.21438	1.13246	4.50179	14.72236	41.59802
0.01	-6.15	0.02767	0.23415	1.21591	4.76421	15.38567	42.98882
0.01	-6.1	0.03088	0.25559	1.30452	5.03762	16.06431	44.38485
0.01	-6.05	0.03446	0.27882	1.39849	5.32207	16.75746	45.78305
0.01	-6.	0.03844	0.30396	1.49802	5.61756	17.46419	47.18025
0.01	-5.95	0.04286	0.33115	1.6033	5.92406	18.18342	48.57309
0.01	-5.9	0.04777	0.36051	1.71453	6.24148	18.914	49.9581
0.01	-5.85	0.05322	0.3922	1.83187	6.56967	19.65466	51.33168
0.01	-5.8	0.05927	0.42635	1.95548	6.90843	20.40398	52.6901
0.01	-5.75	0.06597	0.46312	2.08552	7.2575	21.16047	54.02955
0.01	-5.7	0.07339	0.50265	2.22211	7.61653	21.9225	55.34613
0.01	-5.65	0.0816	0.5451	2.36534	7.98513	22.68834	56.63586
0.01	-5.6	0.09067	0.59062	2.51531	8.36282	23.45618	57.89475
0.01	-5.55	0.10069	0.63937	2.67206	8.74906	24.22406	59.11873
0.01	-5.5	0.11175	0.6915	2.8356	9.14322	24.98996	60.30376
0.01	-5.45	0.12393	0.74715	3.00593	9.5446	25.75178	61.4458
0.01	-5.4	0.13733	0.80648	3.18298	9.95242	26.50733	62.54084
0.01	-5.35	0.15207	0.86961	3.36667	10.36583	27.25435	63.58492
0.01	-5.3	0.16824	0.93667	3.55686	10.78389	27.99053	64.57417
0.01	-5.25	0.18596	1.00779	3.75335	11.20559	28.71351	65.50482
0.01	-5.2	0.20535	1.08305	3.95592	11.62986	29.4209	66.3732
0.01	-5.15	0.22653	1.16255	4.16428	12.05554	30.11029	67.17582
0.01	-5.1	0.24963	1.24634	4.37808	12.48143	30.77928	67.90931
0.01	-5.05	0.27476	1.33447	4.59694	12.90625	31.42545	68.57054
0.01	-5.	0.30206	1.42696	4.8204	13.32868	32.04643	69.15651
0.01	-4.95	0.33165	1.52378	5.04796	13.74736	32.63986	69.66449
0.01	-4.9	0.36365	1.6249	5.27905	14.16087	33.20349	70.09199
0.01	-4.85	0.39816	1.73023	5.51307	14.5678	33.73506	70.43672
0.01	-4.8	0.4353	1.83966	5.74933	14.96668	34.23247	70.69671
0.01	-4.75	0.47516	1.95304	5.98714	15.35605	34.69366	70.8702
0.01	-4.7	0.51782	2.07017	6.22573	15.73447	35.1167	70.95574
0.01	-4.65	0.56333	2.19081	6.4643	16.10049	35.4998	70.95218
0.01	-4.6	0.61176	2.31468	6.70201	16.4527	35.84127	70.85861
0.01	-4.55	0.66312	2.44147	6.938	16.7897	36.13958	70.67447
0.01	-4.5	0.71742	2.5708	7.17138	17.11016	36.39333	70.39942
0.01	-4.45	0.77463	2.70227	7.40126	17.4128	36.60129	70.03344
0.01	-4.4	0.83468	2.83544	7.62672	17.6964	36.76238	69.57683
0.01	-4.35	0.89747	2.96981	7.84687	17.95983	36.87567	69.0301
0.01	-4.3	0.96289	3.10488	8.06081	18.20202	36.9404	68.39408
0.01	-4.25	1.03078	3.24011	8.26768	18.422	36.95597	67.6699
0.01	-4.2	1.10095	3.37492	8.46664	18.61888	36.92192	66.85886
0.01	-4.15	1.17315	3.50873	8.65687	18.79189	36.83797	65.96264
0.01	-4.1	1.24711	3.64095	8.83764	18.94031	36.70395	64.98305
0.01	-4.05	1.3225	3.77099	9.00823	19.06357	36.51985	63.92224
0.01	-4.	1.39899	3.89827	9.16801	19.16115	36.28582	62.78261
0.01	-3.95	1.47626	4.02221	9.31639	19.23264	36.00208	61.56672
0.01	-3.9	1.55389	4.14227	9.45287	19.27772	35.66902	60.27746
0.01	-3.85	1.63148	4.25791	9.577	19.29612	35.28713	58.91791
0.01	-3.8	1.70857	4.36867	9.68841	19.28767	34.85705	57.49145
0.01	-3.75	1.78471	4.47411	9.78679	19.25224	34.37946	56.00162
0.01	-3.7	1.85951	4.57387	9.87191	19.18977	33.85522	54.45232
0.01	-3.65	1.93262	4.66762	9.94357	19.10024	33.28526	52.84758
0.01	-3.6	2.00363	4.75508	10.00164	18.98367	32.67067	51.19178
0.01	-3.55	2.07216	4.83604	10.04603	18.84009	32.01261	49.48952
0.01	-3.5	2.13785	4.91036	10.07667	18.66959	31.31242	47.74567
0.01	-3.45	2.20041	4.97796	10.09354	18.47225	30.57154	45.96532
0.01	-3.4	2.25946	5.03883	10.09661	18.24818	29.79157	44.15381
0.01	-3.35	2.31493	5.09302	10.08583	17.99751	28.97433	42.3168
0.01	-3.3	2.36694	5.14058	10.06115	17.7204	28.12174	40.46007
0.01	-3.25	2.41532	5.18156	10.02251	17.41705	27.23599	38.5897
0.01	-3.2	2.45995	5.21608	9.96978	17.08768	26.31941	36.71187
0.01	-3.15	2.50087	5.24426	9.90284	16.7326	25.37464	34.833
0.01	-3.1	2.53826	5.26622	9.8215	16.35218	24.40449	32.95956
0.01	-3.05	2.5724	5.28204	9.7255	15.94689	23.41204	31.09814
0.01	-3.	2.60347	5.29174	9.61456	15.51731	22.4006	29.25529
0.01	-2.95	2.63171	5.29531	9.48837	15.06419	21.37374	27.43755
0.01	-2.9	2.65741	5.29267	9.34658	14.58843	20.33528	25.65142
0.01	-2.85	2.68087	5.28365	9.18881	14.09114	19.28922	23.90311
0.01	-2.8	2.70246	5.26798	9.01473	13.57365	18.23981	22.1987
0.01	-2.75	2.72251	5.24526	8.82399	13.03754	17.19139	20.54385
0.01	-2.7	2.74125	5.215	8.61637	12.48465	16.14851	18.94393
0.01	-2.65	2.75882	5.17658	8.39171	11.9171	15.11569	17.40373
0.01	-2.6	2.77535	5.12927	8.15001	11.33729	14.09755	15.92763
0.01	-2.55	2.79083	5.07225	7.89147	10.74787	13.09857	14.51933
0.01	-2.5	2.80503	5.00459	7.6165	10.15178	12.12314	13.18191
0.01	-2.45	2.8175	4.92537	7.32582	9.55217	11.17546	11.91782
0.01	-2.4	2.82751	4.83368	7.02045	8.95234	10.25939	10.72873
0.01	-2.35	2.83413	4.72868	6.70174	8.35576	9.37851	9.61568
0.01	-2.3	2.83612	4.60972	6.37142	7.76589	8.5359	8.57892
0.01	-2.25	2.83197	4.47638	6.03154	7.1862	7.73423	7.61811
0.01	-2.2	2.81984	4.32862	5.68447	6.62003	6.97563	6.7322
0.01	-2.15	2.7979	4.16683	5.33286	6.07052	6.2617	5.9196
0.01	-2.1	2.7645	3.9919	4.97949	5.5405	5.59347	5.17815
0.01	-2.05	2.71828	3.80518	4.62725	5.03247	4.97146	4.50525
0.01	-2.	2.65823	3.6085	4.27898	4.54854	4.39569	3.89791
0.01	-1.95	2.58394	3.40409	3.93737	4.09037	3.86567	3.35282
0.01	-1.9	2.49622	3.19447	3.60486	3.65922	3.38055	2.86645
0.01	-1.85	2.39685	2.98209	3.28357	3.25588	2.93906	2.43505
0.01	-1.8	2.2876	2.7693	2.97531	2.88082	2.53965	2.05479
0.01	-1.75	2.17051	2.55824	2.6815	2.53412	2.18049	1.72177
0.01	-1.7	2.0477	2.35084	2.4033	2.21556	1.85956	1.43211
0.01	-1.65	1.92107	2.14871	2.14151	1.92465	1.57465	1.18193
0.01	-1.6	1.79259	1.95325	1.8967	1.66068	1.32346	0.96746
0.01	-1.55	1.66409	1.7655	1.66917	1.42272	1.10357	0.78504
0.01	-1.5	1.53661	1.58629	1.45905	1.20969	0.91254	0.63116
0.01	-1.45	1.41113	1.41631	1.2663	1.02036	0.7479	0.5025
0.01	-1.4	1.28842	1.25609	1.0907	0.85337	0.6072	0.39591
0.01	-1.35	1.16911	1.1061	0.93191	0.70729	0.48803	0.30848
0.01	-1.3	1.05383	0.96666	0.78942	0.58058	0.38804	0.2375
0.01	-1.25	0.94335	0.838	0.66261	0.47168	0.305	0.18053
0.01	-1.2	0.83817	0.72018	0.55073	0.37898	0.23678	0.13535
0.01	-1.15	0.73871	0.61321	0.45294	0.30089	0.18137	0.09997
0.01	-1.1	0.64535	0.51693	0.36832	0.23584	0.13692	0.07266
0.01	-1.05	0.55839	0.43114	0.29586	0.18228	0.10175	0.05189
0.01	-1.	0.47827	0.3555	0.23452	0.13874	0.07432	0.03636
0.01	-0.95	0.40541	0.28951	0.1832	0.10385	0.05326	0.02495
0.01	-0.9	0.33974	0.23257	0.14083	0.0763	0.03739	0.01673
0.01	-0.85	0.28119	0.18403	0.10633	0.05492	0.02564	0.01093
0.01	-0.8	0.22957	0.14318	0.0787	0.03864	0.01714	0.00695
0.01	-0.75	0.18455	0.1093	0.05696	0.02649	0.01114	0.00428
0.01	-0.7	0.14576	0.08165	0.04019	0.01765	0.00701	0.00255
0.01	-0.65	0.11284	0.05951	0.02755	0.01138	0.00426	0.00146
0.01	-0.6	0.08535	0.04216	0.01826	0.00707	0.00248	0.0008
0.01	-0.55	0.06283	0.02888	0.01166	0.00421	0.00138	0.00042
0.01	-0.5	0.04476	0.01902	0.00712	0.00239	0.00073	0.00021
0.01	-0.45	0.03061	0.01196	0.00413	0.00129	0.00037	0.0001
0.01	-0.4	0.01992	0.00712	0.00226	0.00065	0.00017	0.00004
0.01	-0.35	0.01224	0.00399	0.00116	0.00031	0.00007	0.00002
0.01	-0.3	0.00704	0.00208	0.00055	0.00013	0.00003	0.00000
0.01	-0.25	0.00374	0.00099	0.00024	0.00005	0.00001	0.00000
0.01	-0.2	0.00179	0.00043	0.00009	0.00002	0.00000	0.00000
0.01	-0.15	0.00078	0.00016	0.00003	0.00000	0.00000	0.00000
0.01	-0.1	0.0003	0.00005	0.00000	0.00000	0.00000	0.00000
0.01	-0.05	0.0001	0.00001	0.00000	0.00000	0.00000	0.00000
0.01	0.00	0.00000	0.00000	0.00000	0.00000	0.00000	0.00000
