EpsF	Log[10,x]	n=1	n=2	n=3	n=4	n=5	n=6
0.5	-8.9	0.00079	0.01221	0.1055	0.66035	3.32923	14.30272
0.5	-8.85	0.00089	0.0135	0.11524	0.714	3.56765	15.2053
0.5	-8.8	0.00099	0.01491	0.12584	0.77171	3.82157	16.15783
0.5	-8.75	0.00111	0.01648	0.13737	0.83376	4.09184	17.16251
0.5	-8.7	0.00125	0.0182	0.1499	0.90044	4.37937	18.22161
0.5	-8.65	0.0014	0.0201	0.16352	0.97207	4.68508	19.33741
0.5	-8.6	0.00157	0.02219	0.17832	1.04897	5.00995	20.51227
0.5	-8.55	0.00176	0.02449	0.19439	1.13148	5.35499	21.74859
0.5	-8.5	0.00197	0.02703	0.21182	1.21998	5.72124	23.04881
0.5	-8.45	0.00221	0.02982	0.23074	1.31483	6.10977	24.4154
0.5	-8.4	0.00248	0.03288	0.25125	1.41645	6.52171	25.85086
0.5	-8.35	0.00278	0.03626	0.27348	1.52525	6.95821	27.35773
0.5	-8.3	0.00311	0.03996	0.29756	1.64167	7.42045	28.93858
0.5	-8.25	0.00348	0.04404	0.32362	1.76617	7.90965	30.59597
0.5	-8.2	0.0039	0.04851	0.35183	1.89924	8.42706	32.3325
0.5	-8.15	0.00437	0.05342	0.38233	2.04138	8.97398	34.15076
0.5	-8.1	0.0049	0.05881	0.41529	2.19311	9.55172	36.05334
0.5	-8.05	0.00549	0.06472	0.4509	2.35499	10.16163	38.04281
0.5	-8.	0.00614	0.0712	0.48935	2.52757	10.80508	40.12174
0.5	-7.95	0.00688	0.07831	0.53082	2.71145	11.48347	42.29265
0.5	-7.9	0.0077	0.08609	0.57555	2.90724	12.19823	44.55804
0.5	-7.85	0.00862	0.0946	0.62374	3.11557	12.95081	46.92036
0.5	-7.8	0.00964	0.10392	0.67564	3.3371	13.74267	49.382
0.5	-7.75	0.01079	0.11411	0.73149	3.5725	14.57529	51.94526
0.5	-7.7	0.01207	0.12525	0.79155	3.82247	15.45017	54.61239
0.5	-7.65	0.0135	0.13742	0.8561	4.08771	16.3688	57.38552
0.5	-7.6	0.01509	0.15071	0.92541	4.36897	17.33271	60.26668
0.5	-7.55	0.01688	0.16521	0.9998	4.66699	18.34341	63.25779
0.5	-7.5	0.01887	0.18101	1.07956	4.98254	19.4024	66.36061
0.5	-7.45	0.02109	0.19823	1.16503	5.31641	20.51119	69.57674
0.5	-7.4	0.02356	0.21698	1.25653	5.6694	21.67128	72.90765
0.5	-7.35	0.02632	0.23738	1.35442	6.04231	22.88414	76.35457
0.5	-7.3	0.02939	0.25956	1.45906	6.43597	24.15124	79.91855
0.5	-7.25	0.03281	0.28366	1.57082	6.85122	25.47401	83.60041
0.5	-7.2	0.03662	0.30981	1.69008	7.28891	26.85385	87.40072
0.5	-7.15	0.04085	0.33818	1.81724	7.74988	28.29213	91.31977
0.5	-7.1	0.04556	0.36892	1.9527	8.23501	29.79017	95.35756
0.5	-7.05	0.05079	0.4022	2.09687	8.74514	31.34924	99.51378
0.5	-7.	0.0566	0.43819	2.25018	9.28116	32.97055	103.78776
0.5	-6.95	0.06304	0.47708	2.41304	9.84392	34.65526	108.17847
0.5	-6.9	0.07018	0.51906	2.58591	10.43431	36.40443	112.68448
0.5	-6.85	0.0781	0.56433	2.76921	11.05319	38.21906	117.30391
0.5	-6.8	0.08687	0.61309	2.96339	11.70143	40.10006	122.03446
0.5	-6.75	0.09657	0.66555	3.1689	12.37988	42.04822	126.87329
0.5	-6.7	0.1073	0.72192	3.3862	13.08941	44.06422	131.81705
0.5	-6.65	0.11912	0.78241	3.61573	13.83087	46.14863	136.86185
0.5	-6.6	0.13215	0.84726	3.85796	14.6051	48.30186	142.00316
0.5	-6.55	0.14649	0.91669	4.11333	15.41294	50.52417	147.23583
0.5	-6.5	0.16227	0.99091	4.38231	16.2552	52.81567	152.55407
0.5	-6.45	0.1796	1.07015	4.66536	17.13271	55.17624	157.9513
0.5	-6.4	0.19861	1.15462	4.96293	18.04625	57.60559	163.42028
0.5	-6.35	0.2194	1.24455	5.27549	18.99662	60.10317	168.9529
0.5	-6.3	0.24213	1.34014	5.60351	19.98456	62.66819	174.54027
0.5	-6.25	0.26693	1.44159	5.94747	21.01084	65.29958	180.17265
0.5	-6.2	0.29391	1.5491	6.30784	22.07614	67.99595	185.83934
0.5	-6.15	0.3232	1.66286	6.68512	23.18117	70.75557	191.5288
0.5	-6.1	0.35491	1.78306	7.07982	24.32656	73.57633	197.22848
0.5	-6.05	0.38916	1.90986	7.49247	25.51289	76.45574	202.92488
0.5	-6.	0.42608	2.04345	7.92362	26.74071	79.39084	208.60355
0.5	-5.95	0.46578	2.18397	8.37385	28.01047	82.37817	214.24896
0.5	-5.9	0.50833	2.33159	8.84375	29.32255	85.4138	219.84471
0.5	-5.85	0.55378	2.48646	9.33398	30.6772	88.49319	225.37333
0.5	-5.8	0.60219	2.64876	9.84521	32.07456	91.61121	230.81641
0.5	-5.75	0.65358	2.81866	10.37817	33.51462	94.76209	236.15471
0.5	-5.7	0.70789	2.99635	10.93362	34.99716	97.93939	241.36799
0.5	-5.65	0.7651	3.18209	11.51237	36.52176	101.13592	246.43529
0.5	-5.6	0.82518	3.37614	12.11526	38.08775	104.34381	251.33497
0.5	-5.55	0.88805	3.57881	12.74315	39.69416	107.55435	256.04462
0.5	-5.5	0.95357	3.79049	13.39695	41.33968	110.7581	260.54151
0.5	-5.45	1.02161	4.01164	14.07755	43.02264	113.94479	264.80236
0.5	-5.4	1.09201	4.24283	14.78585	44.74092	117.10338	268.80376
0.5	-5.35	1.16464	4.48469	15.52269	46.49194	120.22202	272.52219
0.5	-5.3	1.2394	4.73801	16.28885	48.27261	123.28816	275.93435
0.5	-5.25	1.31618	5.00367	17.085	50.07928	126.28847	279.0171
0.5	-5.2	1.39505	5.28268	17.91168	51.90768	129.20899	281.74789
0.5	-5.15	1.47625	5.57613	18.7692	53.75296	132.03517	284.10503
0.5	-5.1	1.55997	5.88518	19.65767	55.60957	134.75193	286.06757
0.5	-5.05	1.6466	6.2111	20.5769	57.47132	137.34382	287.61601
0.5	-5.	1.73665	6.55515	21.52636	59.33134	139.79504	288.73207
0.5	-4.95	1.83068	6.91867	22.50514	61.18207	142.08966	289.39924
0.5	-4.9	1.92955	7.30297	23.51191	63.01534	144.21174	289.60302
0.5	-4.85	2.03449	7.70925	24.54485	64.82232	146.14543	289.33078
0.5	-4.8	2.14664	8.1386	25.60164	66.59363	147.87524	288.57251
0.5	-4.75	2.26722	8.59192	26.67941	68.31935	149.38607	287.32049
0.5	-4.7	2.39755	9.06993	27.77477	69.98913	150.66349	285.56977
0.5	-4.65	2.53905	9.57311	28.88374	71.59226	151.69396	283.31842
0.5	-4.6	2.69322	10.10161	30.00179	73.11771	152.46483	280.56717
0.5	-4.55	2.86151	10.65526	31.12381	74.55436	152.96475	277.32017
0.5	-4.5	3.04531	11.23351	32.24418	75.89095	153.18363	273.58443
0.5	-4.45	3.24595	11.83541	33.35675	77.11636	153.11293	269.37022
0.5	-4.4	3.46463	12.45957	34.4549	78.21965	152.74586	264.69118
0.5	-4.35	3.7023	13.10419	35.53159	79.1902	152.07731	259.56376
0.5	-4.3	3.95971	13.76701	36.57942	80.01786	151.10421	254.00761
0.5	-4.25	4.2375	14.44533	37.59069	80.69313	149.82555	248.0455
0.5	-4.2	4.53615	15.13599	38.55746	81.20722	148.24235	241.70259
0.5	-4.15	4.85574	15.83535	39.47166	81.55229	146.35795	235.00709
0.5	-4.1	5.19618	16.53935	40.32516	81.72147	144.17778	227.98916
0.5	-4.05	5.5571	17.24346	41.1099	81.70906	141.70958	220.68129
0.5	-4.	5.93755	17.94277	41.81799	81.51068	138.96333	213.11793
0.5	-3.95	6.33617	18.63203	42.44182	81.12324	135.95104	205.33472
0.5	-3.9	6.75143	19.30572	42.97416	80.54517	132.68689	197.36869
0.5	-3.85	7.18131	19.95807	43.40829	79.77637	129.18693	189.25759
0.5	-3.8	7.62353	20.58312	43.73811	78.81839	125.46917	181.0399
0.5	-3.75	8.07532	21.1748	43.95824	77.6743	121.55304	172.75371
0.5	-3.7	8.53345	21.72704	44.06415	76.34888	117.45966	164.4374
0.5	-3.65	8.99442	22.23383	44.05222	74.84838	113.21113	156.12812
0.5	-3.6	9.45436	22.68934	43.91988	73.18071	108.83077	147.86254
0.5	-3.55	9.90912	23.08802	43.66563	71.35519	104.34251	139.67569
0.5	-3.5	10.35417	23.42469	43.28911	69.38257	99.77083	131.6011
0.5	-3.45	10.7848	23.69466	42.79113	67.27481	95.14032	123.67015
0.5	-3.4	11.19666	23.89383	42.17369	65.04503	90.47557	115.91213
0.5	-3.35	11.58537	24.01861	41.44002	62.70741	85.80094	108.35413
0.5	-3.3	11.94601	24.06615	40.59448	60.27679	81.13997	101.02012
0.5	-3.25	12.27392	24.03442	39.64266	57.76877	76.51561	93.93188
0.5	-3.2	12.56451	23.92228	38.59114	55.19923	71.94948	87.10776
0.5	-3.15	12.81334	23.72956	37.44758	52.58437	67.46213	80.56366
0.5	-3.1	13.0171	23.45708	36.22042	49.94035	63.07253	74.31226
0.5	-3.05	13.17326	23.10642	34.91891	47.28317	58.79806	68.36342
0.5	-3.	13.2789	22.68005	33.5529	44.62836	54.65423	62.72397
0.5	-2.95	13.33201	22.18138	32.13273	41.99094	50.65477	57.3981
0.5	-2.9	13.33109	21.61464	30.66915	39.38524	46.81156	52.38745
0.5	-2.85	13.27478	20.98492	29.17299	36.82451	43.13429	47.69084
0.5	-2.8	13.16333	20.29821	27.65513	34.32117	39.63095	43.30517
0.5	-2.75	12.99869	19.56082	26.12621	31.88628	36.30732	39.22482
0.5	-2.7	12.78232	18.77951	24.59663	29.52988	33.16754	35.44264
0.5	-2.65	12.51651	17.96135	23.07628	27.26054	30.21371	31.94946
0.5	-2.6	12.20398	17.11373	21.5746	25.08566	27.44644	28.73495
0.5	-2.55	11.84793	16.24415	20.10024	23.01118	24.86455	25.78732
0.5	-2.5	11.45311	15.36018	18.66111	21.04177	22.46549	23.09388
0.5	-2.45	11.02518	14.46893	17.26429	19.18089	20.24546	20.64124
0.5	-2.4	10.56859	13.57715	15.91596	17.43063	18.19931	18.41527
0.5	-2.35	10.08801	12.69132	14.62149	15.79205	16.32107	16.40168
0.5	-2.3	9.58839	11.8175	13.3853	14.265	14.60373	14.58581
0.5	-2.25	9.07466	10.96133	12.21095	12.84844	13.03969	12.95319
0.5	-2.2	8.55223	10.12784	11.1011	11.54035	11.62072	11.48938
0.5	-2.15	8.02644	9.32133	10.05757	10.33792	10.33821	10.18034
0.5	-2.1	7.5013	8.54547	9.08142	9.23762	9.18321	9.01237
0.5	-2.05	6.98072	7.80341	8.17298	8.23533	8.14664	7.97238
0.5	-2.	6.46835	7.09777	7.33196	7.32643	7.21944	7.04794
0.5	-1.95	5.96725	6.43061	6.55737	6.50583	6.39251	6.22723
0.5	-1.9	5.4807	5.80357	5.84773	5.76818	5.65704	5.49931
0.5	-1.85	5.01195	5.21753	5.20097	5.10785	5.00439	4.85395
0.5	-1.8	4.56292	4.67297	4.61466	4.51911	4.42634	4.28182
0.5	-1.75	4.13527	4.16987	4.08598	3.99615	3.91502	3.77438
0.5	-1.7	3.73032	3.70794	3.61183	3.53318	3.46308	3.32397
0.5	-1.65	3.34916	3.28647	3.1888	3.1245	3.06364	2.92372
0.5	-1.6	2.99302	2.90446	2.81331	2.76458	2.7104	2.56756
0.5	-1.55	2.66289	2.56044	2.48164	2.44808	2.3976	2.25016
0.5	-1.5	2.35894	2.25264	2.18996	2.16997	2.12006	1.9669
0.5	-1.45	2.08096	1.97909	1.93452	1.92554	1.87319	1.7138
0.5	-1.4	1.82856	1.7376	1.71153	1.71038	1.65293	1.48745
0.5	-1.35	1.60119	1.52588	1.51734	1.52053	1.45581	1.28499
0.5	-1.3	1.39827	1.34148	1.34841	1.35237	1.27881	1.10396
0.5	-1.25	1.219	1.18181	1.20141	1.20272	1.11944	0.94235
0.5	-1.2	1.06175	1.04424	1.07322	1.06879	0.9756	0.79841
0.5	-1.15	0.92474	0.92625	0.96099	0.94822	0.84559	0.67069
0.5	-1.1	0.8064	0.82545	0.86212	0.83897	0.72805	0.55793
0.5	-1.05	0.70543	0.73949	0.77428	0.73943	0.6219	0.459
0.5	-1.	0.6204	0.66608	0.69542	0.6483	0.5263	0.3729
0.5	-0.95	0.54955	0.603	0.62379	0.56459	0.44058	0.29868
0.5	-0.9	0.49114	0.54824	0.55796	0.4876	0.36422	0.23543
0.5	-0.85	0.44331	0.49995	0.49681	0.41684	0.29675	0.18222
0.5	-0.8	0.40427	0.45653	0.4395	0.35202	0.23777	0.13816
0.5	-0.75	0.37227	0.41659	0.38545	0.29301	0.18688	0.10232
0.5	-0.7	0.34565	0.37902	0.33433	0.23974	0.14364	0.07376
0.5	-0.65	0.3229	0.34295	0.28602	0.19221	0.10757	0.05154
0.5	-0.6	0.30279	0.30776	0.24056	0.15043	0.07815	0.03474
0.5	-0.55	0.28426	0.27302	0.19813	0.11439	0.05478	0.02244
0.5	-0.5	0.26639	0.2385	0.15903	0.08402	0.03678	0.01377
0.5	-0.45	0.24832	0.20416	0.12361	0.05914	0.02344	0.00796
0.5	-0.4	0.22922	0.17015	0.09227	0.03949	0.01401	0.00426
0.5	-0.35	0.20831	0.13687	0.06538	0.02466	0.00772	0.00208
0.5	-0.3	0.18485	0.10492	0.04325	0.01411	0.00383	0.0009
0.5	-0.25	0.15808	0.07518	0.02605	0.00718	0.00165	0.00033
0.5	-0.2	0.12757	0.04877	0.01371	0.00309	0.00058	0.0001
0.5	-0.15	0.09321	0.02705	0.00587	0.00103	0.00015	0.00002
0.5	-0.1	0.05639	0.01144	0.00177	0.00022	0.00002	0.00000
0.5	-0.05	0.02327	0.00275	0.00025	0.00002	0.00000	0.00000
0.5	0.00	0.00088	0.00002	0.00000	0.00000	0.00000	0.00000
0.4	-8.9	0.00083	0.01291	0.11192	0.70176	3.53823	15.17705
0.4	-8.85	0.00093	0.01427	0.12226	0.75881	3.79163	16.13342
0.4	-8.8	0.00105	0.01577	0.13352	0.8202	4.06149	17.14252
0.4	-8.75	0.00117	0.01743	0.14576	0.8862	4.34871	18.20666
0.4	-8.7	0.00131	0.01925	0.15908	0.95714	4.65425	19.32819
0.4	-8.65	0.00147	0.02126	0.17355	1.03335	4.9791	20.5095
0.4	-8.6	0.00165	0.02347	0.18927	1.11516	5.32428	21.75304
0.4	-8.55	0.00185	0.02591	0.20635	1.20296	5.69087	23.0613
0.4	-8.5	0.00207	0.02859	0.22488	1.29712	6.07995	24.43681
0.4	-8.45	0.00233	0.03155	0.24499	1.39806	6.49267	25.88213
0.4	-8.4	0.00261	0.0348	0.26679	1.5062	6.93021	27.39984
0.4	-8.35	0.00292	0.03837	0.29043	1.62198	7.39377	28.99256
0.4	-8.3	0.00327	0.0423	0.31603	1.74588	7.88461	30.66292
0.4	-8.25	0.00367	0.04661	0.34375	1.87839	8.40402	32.41355
0.4	-8.2	0.00411	0.05135	0.37375	2.02002	8.9533	34.24711
0.4	-8.15	0.0046	0.05656	0.4062	2.17131	9.53381	36.16623
0.4	-8.1	0.00515	0.06227	0.44128	2.33281	10.14692	38.17354
0.4	-8.05	0.00577	0.06854	0.47917	2.50511	10.79405	40.27164
0.4	-8.	0.00646	0.07541	0.52008	2.68881	11.47664	42.46311
0.4	-7.95	0.00724	0.08294	0.56423	2.88453	12.19613	44.75048
0.4	-7.9	0.0081	0.0912	0.61185	3.09293	12.95402	47.13623
0.4	-7.85	0.00907	0.10023	0.66316	3.31468	13.75181	49.62279
0.4	-7.8	0.01015	0.11012	0.71842	3.55047	14.59101	52.21249
0.4	-7.75	0.01136	0.12094	0.7779	3.80102	15.47315	54.9076
0.4	-7.7	0.0127	0.13277	0.84188	4.06706	16.39977	57.71027
0.4	-7.65	0.01421	0.14569	0.91064	4.34935	17.37243	60.62253
0.4	-7.6	0.01589	0.1598	0.9845	4.64866	18.39265	63.64629
0.4	-7.55	0.01777	0.1752	1.06376	4.96578	19.46198	66.78332
0.4	-7.5	0.01987	0.192	1.14877	5.30153	20.58196	70.03522
0.4	-7.45	0.02221	0.2103	1.23987	5.65673	21.7541	73.40341
0.4	-7.4	0.02482	0.23023	1.33742	6.03222	22.97991	76.88912
0.4	-7.35	0.02773	0.25192	1.44179	6.42886	24.26086	80.49334
0.4	-7.3	0.03098	0.27551	1.55338	6.8475	25.59839	84.21685
0.4	-7.25	0.03459	0.30115	1.67256	7.28903	26.99392	88.06017
0.4	-7.2	0.03861	0.32898	1.79977	7.75431	28.4488	92.02353
0.4	-7.15	0.04309	0.35916	1.93541	8.24425	29.96436	96.10686
0.4	-7.1	0.04806	0.39189	2.07993	8.75972	31.54184	100.30978
0.4	-7.05	0.05359	0.42732	2.23376	9.30162	33.18246	104.63154
0.4	-7.	0.05974	0.46566	2.39735	9.87084	34.88731	109.07104
0.4	-6.95	0.06655	0.50709	2.57116	10.46826	36.65744	113.62675
0.4	-6.9	0.07411	0.55183	2.75566	11.09478	38.49381	118.29673
0.4	-6.85	0.08248	0.60008	2.95132	11.75126	40.39724	123.07856
0.4	-6.8	0.09174	0.65208	3.1586	12.43857	42.36848	127.96937
0.4	-6.75	0.102	0.70804	3.37799	13.15758	44.40814	132.96573
0.4	-6.7	0.11333	0.76819	3.60997	13.90911	46.51671	138.06366
0.4	-6.65	0.12584	0.83278	3.85501	14.69401	48.69451	143.25863
0.4	-6.6	0.13964	0.90205	4.1136	15.51307	50.94171	148.54544
0.4	-6.55	0.15485	0.97622	4.38621	16.36711	53.2583	153.91827
0.4	-6.5	0.17157	1.05556	4.67333	17.25688	55.64411	159.37061
0.4	-6.45	0.18994	1.14029	4.97543	18.18314	58.0987	164.89519
0.4	-6.4	0.21008	1.23067	5.29299	19.1466	60.62145	170.48403
0.4	-6.35	0.23214	1.32693	5.62649	20.14797	63.21145	176.12832
0.4	-6.3	0.25627	1.4293	5.97639	21.18791	65.86754	181.81843
0.4	-6.25	0.28259	1.538	6.34319	22.26704	68.58826	187.54391
0.4	-6.2	0.31125	1.65325	6.72735	23.38595	71.37179	193.29337
0.4	-6.15	0.3424	1.77526	7.12938	24.54517	74.21599	199.05458
0.4	-6.1	0.37616	1.90424	7.54976	25.74519	77.11831	204.81432
0.4	-6.05	0.41267	2.04038	7.98901	26.98642	80.07577	210.55846
0.4	-6.	0.45207	2.18386	8.44766	28.26921	83.08496	216.27195
0.4	-5.95	0.49445	2.33485	8.92624	29.59381	86.14195	221.93872
0.4	-5.9	0.5399	2.49353	9.42533	30.96036	89.24231	227.54186
0.4	-5.85	0.58848	2.66008	9.94552	32.36889	92.38101	233.06345
0.4	-5.8	0.64026	2.83469	10.48744	33.81926	95.55245	238.48472
0.4	-5.75	0.69527	3.01754	11.05174	35.3112	98.75037	243.78612
0.4	-5.7	0.75353	3.20886	11.63911	36.84419	101.96786	248.94718
0.4	-5.65	0.815	3.40886	12.25025	38.41751	105.1973	253.9468
0.4	-5.6	0.87963	3.61784	12.88591	40.03017	108.43036	258.76329
0.4	-5.55	0.94731	3.83613	13.54684	41.68086	111.65793	263.3743
0.4	-5.5	1.01797	4.06412	14.23379	43.36796	114.87022	267.75724
0.4	-5.45	1.09153	4.30226	14.94752	45.08942	118.05661	271.88909
0.4	-5.4	1.1679	4.55111	15.68875	46.84279	121.20576	275.74681
0.4	-5.35	1.24701	4.81127	16.45812	48.62513	124.30562	279.30735
0.4	-5.3	1.32877	5.08348	17.25624	50.43303	127.34342	282.54799
0.4	-5.25	1.41308	5.36855	18.08355	52.26248	130.30572	285.44629
0.4	-5.2	1.49999	5.66744	18.94037	54.10891	133.17851	287.98052
0.4	-5.15	1.58972	5.98117	19.82679	55.96714	135.94727	290.12986
0.4	-5.1	1.68252	6.31082	20.74266	57.83134	138.59698	291.87439
0.4	-5.05	1.7787	6.65757	21.68756	59.69507	141.11239	293.1957
0.4	-5.	1.87875	7.02261	22.66069	61.55122	143.47793	294.07668
0.4	-4.95	1.98335	7.40715	23.66088	63.39204	145.67801	294.50209
0.4	-4.9	2.09343	7.81238	24.68651	65.2092	147.69714	294.45873
0.4	-4.85	2.21009	8.23934	25.73549	66.99378	149.51993	293.93534
0.4	-4.8	2.33446	8.68896	26.80525	68.73634	151.13149	292.9233
0.4	-4.75	2.46778	9.16197	27.89266	70.42699	152.51738	291.4163
0.4	-4.7	2.61138	9.65889	28.99407	72.05542	153.66392	289.41082
0.4	-4.65	2.76666	10.17997	30.10531	73.61108	154.55835	286.90631
0.4	-4.6	2.93503	10.72512	31.22163	75.08314	155.18887	283.90489
0.4	-4.55	3.11786	11.29394	32.33779	76.46075	155.54504	280.41204
0.4	-4.5	3.31638	11.88561	33.44804	77.733	155.6177	276.436
0.4	-4.45	3.53167	12.49895	34.54617	78.88917	155.39926	271.98825
0.4	-4.4	3.7648	13.13239	35.62554	79.91878	154.88392	267.08352
0.4	-4.35	4.01669	13.78388	36.67914	80.81173	154.06753	261.73923
0.4	-4.3	4.28791	14.45096	37.69965	81.55846	152.94796	255.9759
0.4	-4.25	4.57879	15.13075	38.67951	82.15007	151.52513	249.81707
0.4	-4.2	4.88953	15.81995	39.611	82.57843	149.80094	243.28847
0.4	-4.15	5.22012	16.51482	40.4863	82.83636	147.77956	236.41882
0.4	-4.1	5.57019	17.21122	41.29759	82.91768	145.46718	229.23863
0.4	-4.05	5.93912	17.90461	42.03718	82.81738	142.8722	221.78055
0.4	-4.	6.32583	18.59011	42.69757	82.53175	140.00524	214.07914
0.4	-3.95	6.72876	19.26256	43.27159	82.05836	136.87879	206.16996
0.4	-3.9	7.14619	19.91655	43.7525	81.39625	133.50744	198.08986
0.4	-3.85	7.57605	20.54649	44.13404	80.54593	129.90758	189.8763
0.4	-3.8	8.01592	21.14666	44.41063	79.50946	126.09742	181.56737
0.4	-3.75	8.463	21.71125	44.57739	78.2904	122.09651	173.20066
0.4	-3.7	8.91407	22.2345	44.63028	76.89393	117.92598	164.81398
0.4	-3.65	9.3657	22.71076	44.56615	75.32664	113.60788	156.44386
0.4	-3.6	9.81416	23.13454	44.38287	73.59672	109.16536	148.12629
0.4	-3.55	10.25541	23.50065	44.07934	71.71369	104.62214	139.89559
0.4	-3.5	10.68525	23.80428	43.65559	69.68842	100.00238	131.78453
0.4	-3.45	11.09924	24.04108	43.11274	67.53293	95.3303	123.82374
0.4	-3.4	11.49305	24.20726	42.45309	65.26033	90.6301	116.04179
0.4	-3.35	11.86247	24.29961	41.6801	62.88472	85.92569	108.465
0.4	-3.3	12.20282	24.31559	40.79832	60.42078	81.24011	101.11667
0.4	-3.25	12.50959	24.25354	39.81345	57.88394	76.59584	94.01786
0.4	-3.2	12.77858	24.11262	38.73214	55.28981	72.01397	87.18633
0.4	-3.15	13.00595	23.89291	37.56201	52.65434	67.51456	80.63735
0.4	-3.1	13.1888	23.59536	36.31148	49.99336	63.11609	74.38309
0.4	-3.05	13.32475	23.22163	34.98967	47.32255	58.83546	68.43292
0.4	-3.	13.41085	22.77426	33.60632	44.65711	54.68773	62.79324
0.4	-2.95	13.44507	22.25675	32.17163	42.01171	50.68621	57.46784
0.4	-2.9	13.42614	21.67342	30.69614	39.40033	46.8424	52.45808
0.4	-2.85	13.35324	21.02938	29.19043	36.8359	43.16563	47.76248
0.4	-2.8	13.22708	20.33046	27.66515	34.3305	39.66357	43.37773
0.4	-2.75	13.04953	19.58279	26.13068	31.89493	36.34173	39.29805
0.4	-2.7	12.82175	18.79294	24.59721	29.53894	33.204	35.51614
0.4	-2.65	12.54588	17.96786	23.07442	27.27085	30.25227	32.02275
0.4	-2.6	12.2247	17.11479	21.57153	25.09784	27.48699	28.80751
0.4	-2.55	11.86136	16.24107	20.09701	23.02563	24.90681	25.85858
0.4	-2.5	11.46034	15.35411	18.65858	21.05873	22.50909	23.16331
0.4	-2.45	11.02717	14.46094	17.26317	19.20039	20.28995	20.70834
0.4	-2.4	10.56631	13.56817	15.91679	17.45258	18.24417	18.47958
0.4	-2.35	10.08238	12.68218	14.62466	15.81623	16.36578	16.46283
0.4	-2.3	9.58012	11.80894	13.39105	14.29108	14.64774	14.64352
0.4	-2.25	9.06434	10.95398	12.21938	12.87601	13.0825	13.00725
0.4	-2.2	8.54046	10.12229	11.11218	11.56891	11.66187	11.53971
0.4	-2.15	8.01408	9.31808	10.07113	10.36698	10.37731	10.22692
0.4	-2.1	7.48949	8.54482	9.09715	9.26666	9.21993	9.05529
0.4	-2.05	6.97039	7.80543	8.19049	8.26385	8.18077	8.0118
0.4	-2.	6.45984	7.10238	7.35083	7.35398	7.25082	7.08409
0.4	-1.95	5.9607	6.43767	6.57715	6.532	6.42111	6.26039
0.4	-1.9	5.47626	5.81286	5.86794	5.79264	5.68288	5.5298
0.4	-1.85	5.00967	5.22883	5.22114	5.13032	5.02759	4.8821
0.4	-1.8	4.563	4.68594	4.63434	4.53942	4.44709	4.30798
0.4	-1.75	4.13785	4.18414	4.10473	4.01419	3.93356	3.79889
0.4	-1.7	3.73542	3.72304	3.62926	3.54896	3.4797	3.34714
0.4	-1.65	3.35656	3.30191	3.2046	3.1381	3.07865	2.94581
0.4	-1.6	3.00236	2.91975	2.82726	2.77615	2.72413	2.58881
0.4	-1.55	2.67395	2.57512	2.49358	2.45786	2.41035	2.27075
0.4	-1.5	2.37134	2.26625	2.19987	2.17824	2.13214	1.98695
0.4	-1.45	2.09425	1.9912	1.94245	1.93259	1.88485	1.73338
0.4	-1.4	1.84214	1.74788	1.71765	1.71655	1.66439	1.50658
0.4	-1.35	1.61412	1.53413	1.5219	1.52612	1.46722	1.30364
0.4	-1.3	1.40957	1.34773	1.35172	1.35767	1.29028	1.12209
0.4	-1.25	1.22825	1.18626	1.2038	1.20796	1.13102	0.95986
0.4	-1.2	1.06893	1.04718	1.07497	1.07416	0.98729	0.8152
0.4	-1.15	0.93015	0.928	0.96237	0.95385	0.85736	0.68665
0.4	-1.1	0.81046	0.82624	0.86335	0.84498	0.73984	0.57294
0.4	-1.05	0.70839	0.7395	0.77555	0.74587	0.63361	0.47296
0.4	-1.	0.62231	0.66547	0.69691	0.65519	0.53781	0.38571
0.4	-0.95	0.55051	0.60196	0.62566	0.57192	0.45176	0.31026
0.4	-0.9	0.49114	0.54694	0.56036	0.4953	0.37492	0.24572
0.4	-0.85	0.44236	0.49859	0.49983	0.42483	0.30683	0.19122
0.4	-0.8	0.40239	0.45534	0.4432	0.36017	0.2471	0.14586
0.4	-0.75	0.36965	0.4158	0.38986	0.30117	0.19534	0.10876
0.4	-0.7	0.34257	0.37883	0.33941	0.24774	0.15114	0.07901
0.4	-0.65	0.31958	0.34353	0.29168	0.19987	0.11406	0.0557
0.4	-0.6	0.29948	0.30922	0.24668	0.15759	0.0836	0.03792
0.4	-0.55	0.28125	0.27545	0.20454	0.12088	0.05921	0.02477
0.4	-0.5	0.26396	0.24191	0.16552	0.08971	0.04024	0.01542
0.4	-0.45	0.24678	0.20849	0.12996	0.06395	0.02602	0.00905
0.4	-0.4	0.22871	0.17528	0.09824	0.04336	0.01583	0.00494
0.4	-0.35	0.20881	0.14264	0.07075	0.0276	0.00891	0.00246
0.4	-0.3	0.18675	0.11113	0.0478	0.01618	0.00454	0.00109
0.4	-0.25	0.16192	0.08148	0.02961	0.00849	0.00202	0.00041
0.4	-0.2	0.13374	0.05465	0.01619	0.0038	0.00074	0.00013
0.4	-0.15	0.10167	0.03188	0.00731	0.00133	0.0002	0.00003
0.4	-0.1	0.06635	0.01459	0.00237	0.00031	0.00003	0.00000
0.4	-0.05	0.03151	0.00392	0.00037	0.00003	0.00000	0.00000
0.4	0.00	0.00139	0.00002	0.00000	0.00000	0.00000	0.00000
0.3	-8.9	0.00092	0.01425	0.12323	0.77071	3.87266	16.53845
0.3	-8.85	0.00103	0.01575	0.13461	0.83329	4.14936	17.57636
0.3	-8.8	0.00116	0.0174	0.147	0.90061	4.44395	18.67108
0.3	-8.75	0.0013	0.01923	0.16047	0.97299	4.75743	19.82505
0.3	-8.7	0.00146	0.02124	0.17511	1.05076	5.09081	21.04076
0.3	-8.65	0.00163	0.02346	0.19103	1.1343	5.44516	22.32073
0.3	-8.6	0.00183	0.0259	0.20833	1.22398	5.8216	23.66754
0.3	-8.55	0.00205	0.02858	0.2271	1.3202	6.22125	25.0838
0.3	-8.5	0.0023	0.03154	0.24748	1.42337	6.64532	26.57217
0.3	-8.45	0.00257	0.0348	0.26959	1.53395	7.09501	28.13532
0.3	-8.4	0.00288	0.03838	0.29357	1.6524	7.57158	29.77594
0.3	-8.35	0.00323	0.04232	0.31955	1.7792	8.07635	31.49676
0.3	-8.3	0.00362	0.04665	0.34769	1.91487	8.61063	33.30049
0.3	-8.25	0.00406	0.0514	0.37816	2.05993	9.17581	35.18986
0.3	-8.2	0.00454	0.05663	0.41114	2.21495	9.77327	37.16759
0.3	-8.15	0.00509	0.06237	0.44679	2.3805	10.40446	39.23637
0.3	-8.1	0.0057	0.06866	0.48533	2.5572	11.07084	41.39889
0.3	-8.05	0.00638	0.07557	0.52697	2.74567	11.7739	43.65778
0.3	-8.	0.00715	0.08314	0.57191	2.94656	12.51517	46.01563
0.3	-7.95	0.008	0.09144	0.62041	3.16055	13.29617	48.47498
0.3	-7.9	0.00896	0.10053	0.6727	3.38834	14.11846	51.03829
0.3	-7.85	0.01003	0.11049	0.72905	3.63066	14.98362	53.70794
0.3	-7.8	0.01122	0.12138	0.78973	3.88826	15.89324	56.48622
0.3	-7.75	0.01256	0.1333	0.85503	4.1619	16.8489	59.37528
0.3	-7.7	0.01405	0.14632	0.92526	4.45237	17.8522	62.37719
0.3	-7.65	0.01571	0.16055	1.00074	4.76049	18.90474	65.49384
0.3	-7.6	0.01758	0.17609	1.08179	5.08709	20.0081	68.72697
0.3	-7.55	0.01965	0.19304	1.16876	5.43301	21.16386	72.07816
0.3	-7.5	0.02197	0.21152	1.26202	5.79911	22.37357	75.54878
0.3	-7.45	0.02456	0.23166	1.36196	6.18629	23.63877	79.13998
0.3	-7.4	0.02744	0.2536	1.46894	6.59542	24.96096	82.85272
0.3	-7.35	0.03065	0.27747	1.5834	7.02742	26.3416	86.68766
0.3	-7.3	0.03423	0.30342	1.70574	7.4832	27.78213	90.64522
0.3	-7.25	0.03822	0.33162	1.83639	7.96367	29.28391	94.72551
0.3	-7.2	0.04265	0.36223	1.97581	8.46976	30.84826	98.92832
0.3	-7.15	0.04759	0.39544	2.12445	9.00239	32.47641	103.25312
0.3	-7.1	0.05307	0.43143	2.28278	9.5625	34.16955	107.699
0.3	-7.05	0.05917	0.4704	2.45128	10.15099	35.92876	112.26466
0.3	-7.	0.06594	0.51256	2.63043	10.7688	37.75502	116.9484
0.3	-6.95	0.07345	0.55812	2.82074	11.41682	39.64924	121.74806
0.3	-6.9	0.08178	0.60731	3.02269	12.09595	41.6122	126.66104
0.3	-6.85	0.09101	0.66036	3.2368	12.80708	43.64453	131.68419
0.3	-6.8	0.10123	0.71751	3.46357	13.55106	45.74677	136.81389
0.3	-6.75	0.11252	0.77902	3.70352	14.32876	47.91929	142.04592
0.3	-6.7	0.125	0.84513	3.95716	15.14098	50.16229	147.37551
0.3	-6.65	0.13877	0.91611	4.225	15.98852	52.47583	152.79725
0.3	-6.6	0.15395	0.99222	4.50755	16.87217	54.85975	158.30508
0.3	-6.55	0.17066	1.07373	4.80532	17.79265	57.31369	163.89226
0.3	-6.5	0.18905	1.1609	5.11881	18.75066	59.83709	169.55136
0.3	-6.45	0.20924	1.25401	5.44852	19.74689	62.42913	175.27416
0.3	-6.4	0.23138	1.35331	5.79494	20.78195	65.08874	181.05173
0.3	-6.35	0.25562	1.45907	6.15856	21.85643	67.81458	186.87429
0.3	-6.3	0.28211	1.57154	6.53988	22.97087	70.60497	192.73123
0.3	-6.25	0.31101	1.69099	6.93937	24.12574	73.45796	198.61116
0.3	-6.2	0.34247	1.81763	7.35751	25.32146	76.37119	204.5017
0.3	-6.15	0.37664	1.95172	7.79479	26.5584	79.34197	210.3897
0.3	-6.1	0.41368	2.09348	8.25169	27.83683	82.36714	216.26102
0.3	-6.05	0.45374	2.24312	8.72869	29.15694	85.44316	222.10065
0.3	-6.	0.49694	2.40084	9.22631	30.51883	88.56598	227.89271
0.3	-5.95	0.54341	2.56686	9.74503	31.92249	91.73105	233.62034
0.3	-5.9	0.59325	2.74137	10.28539	33.36777	94.9333	239.26589
0.3	-5.85	0.64655	2.92457	10.84791	34.85439	98.16706	244.81078
0.3	-5.8	0.70336	3.11666	11.43315	36.38189	101.42608	250.23566
0.3	-5.75	0.76374	3.31785	12.04167	37.94963	104.70349	255.52047
0.3	-5.7	0.82773	3.52839	12.67405	39.55674	107.99172	260.64435
0.3	-5.65	0.89535	3.74852	13.33089	41.20209	111.28257	265.58588
0.3	-5.6	0.96657	3.97852	14.01279	42.88429	114.5671	270.32318
0.3	-5.55	1.04133	4.21872	14.72034	44.60162	117.83568	274.83382
0.3	-5.5	1.11959	4.46951	15.45413	46.35201	121.07796	279.09526
0.3	-5.45	1.20131	4.7313	16.21473	48.13299	124.28287	283.08466
0.3	-5.4	1.28634	5.00463	17.00263	49.94164	127.43865	286.77928
0.3	-5.35	1.37464	5.29008	17.8183	51.77461	130.53286	290.15651
0.3	-5.3	1.46616	5.58834	18.66206	53.628	133.55245	293.19421
0.3	-5.25	1.56086	5.90018	19.53411	55.49739	136.48375	295.87067
0.3	-5.2	1.65879	6.22649	20.43448	57.37777	139.31258	298.16498
0.3	-5.15	1.76015	6.5682	21.36298	59.26355	142.02437	300.05733
0.3	-5.1	1.86527	6.92634	22.31915	61.14853	144.60413	301.5289
0.3	-5.05	1.97457	7.30193	23.30221	63.02591	147.0367	302.5625
0.3	-5.	2.08854	7.69603	24.31107	64.88825	149.30676	303.14238
0.3	-4.95	2.20778	8.10969	25.34419	66.72755	151.39902	303.25472
0.3	-4.9	2.3332	8.54391	26.39965	68.53526	153.29838	302.88787
0.3	-4.85	2.46589	8.99956	27.47501	70.30227	154.98999	302.03213
0.3	-4.8	2.60695	9.47737	28.56736	72.01905	156.45957	300.6806
0.3	-4.75	2.75758	9.97784	29.67329	73.67566	157.69338	298.82862
0.3	-4.7	2.91909	10.50125	30.78884	75.26182	158.67852	296.47441
0.3	-4.65	3.09281	11.0476	31.90956	76.76708	159.40311	293.61919
0.3	-4.6	3.28002	11.61654	33.03047	78.18079	159.8563	290.26676
0.3	-4.55	3.48196	12.20738	34.14613	79.49235	160.02867	286.42432
0.3	-4.5	3.69974	12.81906	35.25062	80.69118	159.91211	282.10176
0.3	-4.45	3.93435	13.45013	36.33762	81.76696	159.50016	277.31214
0.3	-4.4	4.18664	14.09871	37.40043	82.70969	158.78812	272.07168
0.3	-4.35	4.45731	14.76253	38.43202	83.50981	157.77303	266.39922
0.3	-4.3	4.74676	15.4389	39.42515	84.15837	156.45387	260.31657
0.3	-4.25	5.05508	16.1247	40.37235	84.64713	154.83173	253.84842
0.3	-4.2	5.38226	16.81648	41.26609	84.96866	152.90958	247.02157
0.3	-4.15	5.72799	17.51034	42.09878	85.11651	150.69268	239.86562
0.3	-4.1	6.09163	18.20206	42.86291	85.08529	148.18823	232.41183
0.3	-4.05	6.4723	18.88706	43.55113	84.87075	145.40556	224.69345
0.3	-4.	6.86874	19.56048	44.15634	84.46996	142.35616	216.74551
0.3	-3.95	7.27927	20.2172	44.67182	83.88129	139.05331	208.60384
0.3	-3.9	7.70213	20.85193	45.09128	83.10452	135.51228	200.30548
0.3	-3.85	8.13519	21.45916	45.40898	82.1409	131.75003	191.88789
0.3	-3.8	8.57581	22.03332	45.61987	80.99319	127.78528	183.38906
0.3	-3.75	9.02093	22.56884	45.71963	79.66559	123.63793	174.84635
0.3	-3.7	9.46723	23.06025	45.7048	78.16387	119.32941	166.29722
0.3	-3.65	9.91141	23.50224	45.57276	76.49515	114.88189	157.77779
0.3	-3.6	10.3499	23.88969	45.32193	74.66805	110.31861	149.32351
0.3	-3.55	10.77885	24.21773	44.95172	72.69249	105.66325	140.96812
0.3	-3.5	11.19405	24.48192	44.46265	70.57962	100.93986	132.74377
0.3	-3.45	11.59091	24.67831	43.85631	68.34168	96.17245	124.68039
0.3	-3.4	11.96524	24.80364	43.1354	65.99193	91.38495	116.80586
0.3	-3.35	12.31341	24.85512	42.3037	63.54452	86.60094	109.14578
0.3	-3.3	12.63124	24.83062	41.36605	61.01413	81.8431	101.72273
0.3	-3.25	12.9145	24.72878	40.32837	58.4161	77.13348	94.55708
0.3	-3.2	13.15921	24.54907	39.19746	55.76595	72.49275	87.66586
0.3	-3.15	13.36171	24.29187	37.98106	53.07944	67.94052	81.06371
0.3	-3.1	13.51922	23.95841	36.68765	50.37218	63.49478	74.76214
0.3	-3.05	13.62981	23.55063	35.32636	47.65959	59.17198	68.76993
0.3	-3.	13.69116	23.07122	33.90685	44.95662	54.98673	63.09292
0.3	-2.95	13.70147	22.52374	32.43922	42.27762	50.95188	57.73438
0.3	-2.9	13.65961	21.91257	30.9339	39.6363	47.07853	52.6952
0.3	-2.85	13.56488	21.24278	29.40133	37.04526	43.37559	47.97348
0.3	-2.8	13.41787	20.52022	27.852	34.5163	39.85036	43.5655
0.3	-2.75	13.22038	19.75106	26.29612	32.05991	36.50801	39.46514
0.3	-2.7	12.97397	18.94185	24.74367	29.68554	33.35211	35.66482
0.3	-2.65	12.68093	18.09946	23.20412	27.40124	30.38427	32.155
0.3	-2.6	12.34421	17.23101	21.68645	25.21394	27.60466	28.92508
0.3	-2.55	11.967	16.34367	20.19893	23.12914	25.01174	25.96302
0.3	-2.5	11.55366	15.44466	18.74909	21.15111	22.60265	23.25599
0.3	-2.45	11.10946	14.54085	17.34368	19.28294	20.37333	20.79049
0.3	-2.4	10.63865	13.63873	15.98854	17.52641	18.31844	18.55229
0.3	-2.35	10.14578	12.74458	14.68876	15.8823	16.43184	16.52709
0.3	-2.3	9.63559	11.86426	13.44843	14.35023	14.70641	14.70022
0.3	-2.25	9.11293	11.00321	12.27087	12.92894	13.13449	13.05721
0.3	-2.2	8.58333	10.16624	11.15845	11.61624	11.70784	11.58366
0.3	-2.15	8.0522	9.3574	10.11277	10.40924	10.41782	10.26555
0.3	-2.1	7.52324	8.58005	9.13467	9.30431	9.25553	9.08924
0.3	-2.05	6.99994	7.83714	8.22434	8.29729	8.21193	8.04164
0.3	-2.	6.48573	7.13112	7.38135	7.38356	7.278	7.11036
0.3	-1.95	5.98377	6.46389	6.60462	6.55803	6.44473	6.28359
0.3	-1.9	5.49722	5.83685	5.89258	5.81541	5.70335	5.55038
0.3	-1.85	5.02899	5.25078	5.24312	5.15011	5.0453	4.90047
0.3	-1.8	4.58097	4.70599	4.65382	4.55651	4.4624	4.32452
0.3	-1.75	4.15458	4.20236	4.12186	4.02884	3.94681	3.81391
0.3	-1.7	3.751	3.7395	3.6442	3.56144	3.49122	3.36093
0.3	-1.65	3.37109	3.31667	3.2175	3.14865	3.08872	2.95862
0.3	-1.6	3.01592	2.93285	2.8383	2.78503	2.73302	2.60085
0.3	-1.55	2.68636	2.58661	2.50293	2.4653	2.41832	2.28217
0.3	-1.5	2.38239	2.27623	2.20771	2.18446	2.13938	1.99789
0.3	-1.45	2.10391	1.99984	1.94894	1.93779	1.89157	1.74394
0.3	-1.4	1.85054	1.75535	1.72294	1.72093	1.67075	1.51683
0.3	-1.35	1.62159	1.54056	1.52612	1.52985	1.47335	1.31361
0.3	-1.3	1.4165	1.35317	1.35499	1.36092	1.2963	1.13178
0.3	-1.25	1.23463	1.19072	1.20623	1.2109	1.137	0.96926
0.3	-1.2	1.07465	1.0507	1.07671	1.07695	0.9933	0.82428
0.3	-1.15	0.93526	0.9306	0.96356	0.95661	0.86343	0.69536
0.3	-1.1	0.81496	0.82797	0.86413	0.84783	0.74596	0.58121
0.3	-1.05	0.71216	0.74041	0.7761	0.74891	0.63976	0.48073
0.3	-1.	0.62524	0.66566	0.69738	0.65848	0.54394	0.39292
0.3	-0.95	0.55252	0.60155	0.62621	0.57548	0.4578	0.31685
0.3	-0.9	0.49215	0.54609	0.56112	0.49915	0.38079	0.25165
0.3	-0.85	0.44238	0.49751	0.50092	0.42892	0.31245	0.19645
0.3	-0.8	0.40155	0.45421	0.44471	0.36446	0.25238	0.15039
0.3	-0.75	0.36812	0.41482	0.39181	0.30556	0.2002	0.11258
0.3	-0.7	0.34055	0.37816	0.34181	0.25214	0.15551	0.08216
0.3	-0.65	0.31738	0.3433	0.2945	0.20417	0.1179	0.05822
0.3	-0.6	0.2974	0.3095	0.24984	0.16168	0.08687	0.03987
0.3	-0.55	0.27942	0.27624	0.20796	0.12467	0.0619	0.02622
0.3	-0.5	0.2622	0.24323	0.1691	0.09311	0.04237	0.01644
0.3	-0.45	0.24497	0.21041	0.13359	0.06687	0.02763	0.00973
0.3	-0.4	0.22718	0.17786	0.10177	0.04576	0.01697	0.00537
0.3	-0.35	0.20808	0.14583	0.07401	0.02945	0.00966	0.00271
0.3	-0.3	0.1871	0.11478	0.05063	0.01749	0.00499	0.00122
0.3	-0.25	0.16369	0.08534	0.03186	0.00932	0.00226	0.00047
0.3	-0.2	0.13725	0.05837	0.01778	0.00426	0.00085	0.00014
0.3	-0.15	0.10705	0.03499	0.00823	0.00153	0.00024	0.00003
0.3	-0.1	0.0728	0.01661	0.00275	0.00036	0.00004	0.00000
0.3	-0.05	0.0367	0.00468	0.00044	0.00003	0.00000	0.00000
0.3	0.00	0.00176	0.00003	0.00000	0.00000	0.00000	0.00000
0.2	-8.9	0.00117	0.01751	0.14841	0.91368	4.53095	19.1207
0.2	-8.85	0.00131	0.01935	0.16202	0.98729	4.8517	20.30741
0.2	-8.8	0.00146	0.02137	0.17683	1.06641	5.19293	21.55799
0.2	-8.75	0.00164	0.0236	0.19292	1.15142	5.55575	22.87511
0.2	-8.7	0.00184	0.02606	0.21041	1.2427	5.9413	24.26145
0.2	-8.65	0.00206	0.02876	0.2294	1.34067	6.35078	25.71976
0.2	-8.6	0.00231	0.03174	0.25001	1.44576	6.78542	27.2528
0.2	-8.55	0.00259	0.03501	0.27238	1.55842	7.24649	28.8634
0.2	-8.5	0.0029	0.03862	0.29664	1.67914	7.7353	30.55438
0.2	-8.45	0.00325	0.04258	0.32294	1.80842	8.25321	32.32859
0.2	-8.4	0.00365	0.04693	0.35143	1.94678	8.80162	34.1889
0.2	-8.35	0.00408	0.05172	0.38228	2.09478	9.38195	36.13818
0.2	-8.3	0.00458	0.05698	0.41567	2.253	9.99567	38.17929
0.2	-8.25	0.00512	0.06275	0.4518	2.42203	10.64429	40.31507
0.2	-8.2	0.00574	0.06908	0.49085	2.60251	11.32934	42.54835
0.2	-8.15	0.00642	0.07603	0.53305	2.79509	12.05239	44.88191
0.2	-8.1	0.00719	0.08365	0.57862	3.00046	12.81502	47.3185
0.2	-8.05	0.00805	0.092	0.6278	3.21931	13.61886	49.86079
0.2	-8.	0.00901	0.10115	0.68085	3.45237	14.46555	52.51138
0.2	-7.95	0.01008	0.11116	0.73804	3.70042	15.35674	55.27281
0.2	-7.9	0.01129	0.12212	0.79964	3.96422	16.2941	58.14748
0.2	-7.85	0.01263	0.13411	0.86597	4.24459	17.27931	61.13771
0.2	-7.8	0.01412	0.14722	0.93732	4.54235	18.31406	64.24566
0.2	-7.75	0.01579	0.16154	1.01403	4.85836	19.40002	67.47336
0.2	-7.7	0.01766	0.17718	1.09645	5.19349	20.53889	70.82267
0.2	-7.65	0.01974	0.19424	1.18494	5.54863	21.73231	74.29527
0.2	-7.6	0.02206	0.21285	1.27987	5.9247	22.98194	77.89262
0.2	-7.55	0.02465	0.23313	1.38163	6.32262	24.2894	81.61598
0.2	-7.5	0.02754	0.25522	1.49064	6.74335	25.65629	85.46635
0.2	-7.45	0.03075	0.27927	1.60733	7.18784	27.08414	89.44449
0.2	-7.4	0.03433	0.30542	1.73212	7.65705	28.57446	93.55085
0.2	-7.35	0.03831	0.33383	1.86549	8.15197	30.12871	97.78558
0.2	-7.3	0.04275	0.3647	2.00789	8.67358	31.74826	102.14852
0.2	-7.25	0.04767	0.39818	2.15981	9.22286	33.43443	106.63912
0.2	-7.2	0.05315	0.43448	2.32175	9.8008	35.18845	111.25649
0.2	-7.15	0.05923	0.47381	2.49421	10.40839	37.01145	115.99932
0.2	-7.1	0.06598	0.51637	2.67772	11.04661	38.90447	120.86585
0.2	-7.05	0.07347	0.56239	2.87281	11.71641	40.86843	125.85391
0.2	-7.	0.08177	0.61209	3.08002	12.41876	42.90413	130.96083
0.2	-6.95	0.09096	0.66573	3.29988	13.15459	45.01223	136.1834
0.2	-6.9	0.10113	0.72356	3.53296	13.92483	47.19325	141.51794
0.2	-6.85	0.11236	0.78584	3.77981	14.73036	49.44755	146.96014
0.2	-6.8	0.12477	0.85283	4.041	15.57206	51.77531	152.50515
0.2	-6.75	0.13845	0.92481	4.31707	16.45075	54.17652	158.14747
0.2	-6.7	0.15352	1.00208	4.6086	17.36724	56.65098	163.88096
0.2	-6.65	0.1701	1.08491	4.91614	18.32229	59.19828	169.69883
0.2	-6.6	0.18833	1.1736	5.24024	19.3166	61.81774	175.59353
0.2	-6.55	0.20835	1.26845	5.58147	20.35085	64.50848	181.55683
0.2	-6.5	0.23028	1.36975	5.94036	21.42564	67.26931	187.57975
0.2	-6.45	0.2543	1.47781	6.31745	22.54154	70.09878	193.65247
0.2	-6.4	0.28054	1.59293	6.71327	23.69903	72.99512	199.76444
0.2	-6.35	0.30916	1.71539	7.12835	24.89852	75.95623	205.90424
0.2	-6.3	0.34033	1.8455	7.5632	26.14037	78.97966	212.05961
0.2	-6.25	0.3742	1.98355	8.01832	27.42484	82.06261	218.21749
0.2	-6.2	0.41097	2.12982	8.49421	28.75209	85.20183	224.36387
0.2	-6.15	0.45078	2.28458	8.99134	30.1222	88.39371	230.48397
0.2	-6.1	0.4938	2.44812	9.51021	31.53513	91.63413	236.56206
0.2	-6.05	0.54018	2.62069	10.05128	32.99072	94.91853	242.58158
0.2	-6.	0.59009	2.80255	10.61502	34.48867	98.24183	248.52516
0.2	-5.95	0.64367	2.99396	11.20188	36.02855	101.59842	254.37453
0.2	-5.9	0.70108	3.19517	11.8123	37.60973	104.98216	260.11075
0.2	-5.85	0.76245	3.40641	12.44675	39.23144	108.38627	265.714
0.2	-5.8	0.82785	3.62793	13.10566	40.89266	111.80341	271.16384
0.2	-5.75	0.89738	3.85998	13.78946	42.59218	115.22561	276.43928
0.2	-5.7	0.9711	4.10282	14.49859	44.3285	118.64422	281.51863
0.2	-5.65	1.04905	4.35675	15.23344	46.09987	122.04996	286.37986
0.2	-5.6	1.13125	4.62207	15.99441	47.90419	125.43289	291.00062
0.2	-5.55	1.21772	4.89912	16.78184	49.73904	128.78238	295.35823
0.2	-5.5	1.30849	5.18829	17.59606	51.60161	132.08716	299.43007
0.2	-5.45	1.40358	5.49001	18.4373	53.48869	135.33531	303.19347
0.2	-5.4	1.50293	5.80473	19.30573	55.39662	138.51428	306.62604
0.2	-5.35	1.6065	6.13302	20.20143	57.32124	141.61095	309.70578
0.2	-5.3	1.71428	6.47548	21.12433	59.25791	144.6117	312.4114
0.2	-5.25	1.82632	6.83282	22.07419	61.20146	147.50238	314.72221
0.2	-5.2	1.94274	7.2058	23.05056	63.14613	150.2685	316.61861
0.2	-5.15	2.0638	7.59521	24.05276	65.08564	152.89527	318.08231
0.2	-5.1	2.18978	8.0019	25.07983	67.0131	155.36764	319.0962
0.2	-5.05	2.32112	8.42672	26.13045	68.92109	157.67058	319.64505
0.2	-5.	2.45837	8.87051	27.20296	70.80161	159.789	319.71524
0.2	-4.95	2.60217	9.33408	28.29528	72.64616	161.70804	319.29524
0.2	-4.9	2.75335	9.81813	29.40491	74.44575	163.41321	318.3759
0.2	-4.85	2.91296	10.32325	30.52886	76.19094	164.89039	316.95012
0.2	-4.8	3.08212	10.84983	31.66366	77.87198	166.12624	315.01374
0.2	-4.75	3.26199	11.39799	32.80534	79.47878	167.10808	312.56491
0.2	-4.7	3.4537	11.96764	33.94946	81.00104	167.82426	309.60473
0.2	-4.65	3.65847	12.55836	35.09108	82.42841	168.26428	306.13733
0.2	-4.6	3.87756	13.16937	36.22479	83.75047	168.41878	302.16942
0.2	-4.55	4.11205	13.79952	37.34477	84.95696	168.27997	297.71112
0.2	-4.5	4.36281	14.44726	38.4448	86.03779	167.84146	292.77511
0.2	-4.45	4.63051	15.11066	39.51834	86.98323	167.09857	287.37721
0.2	-4.4	4.91568	15.78743	40.55854	87.784	166.0485	281.53631
0.2	-4.35	5.21863	16.47486	41.55835	88.43139	164.69013	275.2737
0.2	-4.3	5.53941	17.16989	42.51054	88.91737	163.02439	268.61353
0.2	-4.25	5.87787	17.86908	43.4078	89.23475	161.05426	261.58268
0.2	-4.2	6.23357	18.56862	44.24281	89.37718	158.78458	254.20984
0.2	-4.15	6.60582	19.26442	45.00833	89.33944	156.22244	246.52639
0.2	-4.1	6.9937	19.95204	45.69727	89.11732	153.37676	238.56506
0.2	-4.05	7.39597	20.62677	46.3028	88.70787	150.25854	230.36038
0.2	-4.	7.81093	21.28368	46.81843	88.10945	146.88081	221.94842
0.2	-3.95	8.23668	21.9177	47.2381	87.3217	143.25826	213.36579
0.2	-3.9	8.67106	22.5236	47.55631	86.34569	139.40742	204.65009
0.2	-3.85	9.11155	23.0961	47.76812	85.18388	135.34638	195.83911
0.2	-3.8	9.55537	23.62992	47.86935	83.84022	131.0948	186.97095
0.2	-3.75	9.99949	24.11985	47.85653	82.32001	126.67337	178.08287
0.2	-3.7	10.4406	24.56081	47.72711	80.63004	122.10416	169.21208
0.2	-3.65	10.87532	24.94792	47.47937	78.77835	117.4098	160.39422
0.2	-3.6	11.29998	25.27658	47.11263	76.77442	112.61382	151.66416
0.2	-3.55	11.71059	25.54255	46.62717	74.62883	107.74003	143.05493
0.2	-3.5	12.10311	25.74207	46.0243	72.35334	102.81251	134.59782
0.2	-3.45	12.47346	25.87191	45.30638	69.96064	97.85514	126.32186
0.2	-3.4	12.81789	25.92941	44.47675	67.46433	92.8916	118.2539
0.2	-3.35	13.1331	25.91249	43.5398	64.8788	87.94515	110.41854
0.2	-3.3	13.41537	25.81962	42.50084	62.21886	83.038	102.83726
0.2	-3.25	13.66103	25.65002	41.36622	59.49988	78.19174	95.52933
0.2	-3.2	13.86665	25.40369	40.14306	56.7373	73.42645	88.5107
0.2	-3.15	14.02909	25.08145	38.83935	53.94675	68.76114	81.79492
0.2	-3.1	14.14592	24.68491	37.46373	51.14364	64.21318	75.3924
0.2	-3.05	14.21536	24.2164	36.02543	48.34314	59.79834	69.31092
0.2	-3.	14.23569	23.67895	34.53413	45.55985	55.53058	63.55528
0.2	-2.95	14.20572	23.07635	32.9999	42.8078	51.42207	58.12781
0.2	-2.9	14.12459	22.4131	31.43305	40.1003	47.48325	53.02846
0.2	-2.85	13.99177	21.69441	29.84388	37.44958	43.72238	48.25447
0.2	-2.8	13.80823	20.92617	28.24271	34.86703	40.14615	43.80131
0.2	-2.75	13.57625	20.11448	26.63952	32.36273	36.75909	39.66208
0.2	-2.7	13.29735	19.26583	25.0441	29.94576	33.56421	35.82849
0.2	-2.65	12.97384	18.38693	23.46568	27.62376	30.56254	32.29033
0.2	-2.6	12.60831	17.48481	21.91307	25.40327	27.75374	29.03641
0.2	-2.55	12.20368	16.56661	20.3943	23.28939	25.13577	26.05413
0.2	-2.5	11.76447	15.63954	18.91667	21.28603	22.70529	23.33015
0.2	-2.45	11.29623	14.7104	17.48666	19.39591	20.45781	20.85053
0.2	-2.4	10.80334	13.78556	16.10986	17.62047	18.3876	18.60064
0.2	-2.35	10.29049	12.87111	14.79108	15.96017	16.48815	16.5658
0.2	-2.3	9.76242	11.97268	13.53418	14.41432	14.75201	14.73102
0.2	-2.25	9.22378	11.09548	12.34225	12.9814	13.17123	13.08157
0.2	-2.2	8.67963	10.24417	11.21748	11.65896	11.73727	11.60279
0.2	-2.15	8.13507	9.42267	10.16128	10.44385	10.44127	10.28047
0.2	-2.1	7.59383	8.63431	9.1743	9.33223	9.27409	9.10077
0.2	-2.05	7.0597	7.88189	8.25654	8.31972	8.22651	8.05047
0.2	-2.	6.53591	7.16772	7.40741	7.40151	7.28936	7.11705
0.2	-1.95	6.02532	6.49358	6.62565	6.57234	6.45348	6.2886
0.2	-1.9	5.53118	5.86082	5.90952	5.82677	5.70999	5.55409
0.2	-1.85	5.05652	5.27006	5.25677	5.15907	5.05023	4.9032
0.2	-1.8	4.60302	4.72147	4.66483	4.5635	4.46595	4.32652
0.2	-1.75	4.17209	4.21482	4.13076	4.03422	3.94926	3.81541
0.2	-1.7	3.76482	3.7496	3.65139	3.56548	3.49279	3.36212
0.2	-1.65	3.38204	3.32494	3.22331	3.15157	3.08962	2.95964
0.2	-1.6	3.02463	2.93969	2.84294	2.78702	2.73342	2.60183
0.2	-1.55	2.69333	2.59234	2.50659	2.4665	2.41837	2.28322
0.2	-1.5	2.38813	2.2811	2.2105	2.185	2.13922	1.99907
0.2	-1.45	2.10882	2.00399	1.95096	1.9378	1.89131	1.74532
0.2	-1.4	1.85488	1.75887	1.72425	1.72052	1.6705	1.51844
0.2	-1.35	1.62554	1.54349	1.52679	1.52914	1.47321	1.31547
0.2	-1.3	1.42017	1.35552	1.35509	1.36002	1.29634	1.13388
0.2	-1.25	1.23811	1.19247	1.20583	1.20992	1.13728	0.97158
0.2	-1.2	1.07793	1.05183	1.0759	1.07599	0.99386	0.82679
0.2	-1.15	0.93817	0.9311	0.96244	0.95577	0.86428	0.69801
0.2	-1.1	0.8173	0.82787	0.86283	0.84719	0.7471	0.58395
0.2	-1.05	0.71381	0.7398	0.77471	0.74851	0.64117	0.48349
0.2	-1.	0.62618	0.66465	0.69602	0.65837	0.54559	0.39565
0.2	-0.95	0.55279	0.60026	0.62496	0.57569	0.45964	0.31949
0.2	-0.9	0.49183	0.54464	0.56006	0.49967	0.38277	0.25414
0.2	-0.85	0.44167	0.49601	0.5001	0.42974	0.31451	0.19875
0.2	-0.8	0.40067	0.45272	0.44415	0.36555	0.25446	0.15246
0.2	-0.75	0.36726	0.41337	0.39154	0.30689	0.20224	0.1144
0.2	-0.7	0.33961	0.37675	0.34186	0.25366	0.15745	0.08371
0.2	-0.65	0.31607	0.34198	0.2949	0.20583	0.11968	0.0595
0.2	-0.6	0.29565	0.30839	0.25059	0.16341	0.08846	0.04088
0.2	-0.55	0.27728	0.27547	0.20904	0.12639	0.06326	0.027
0.2	-0.5	0.25997	0.2429	0.17046	0.09473	0.04348	0.01701
0.2	-0.45	0.2429	0.21058	0.13514	0.06834	0.02849	0.01012
0.2	-0.4	0.22535	0.17853	0.10342	0.04701	0.0176	0.00561
0.2	-0.35	0.20668	0.147	0.07564	0.03045	0.01009	0.00285
0.2	-0.3	0.18633	0.11637	0.05212	0.01823	0.00525	0.00129
0.2	-0.25	0.16378	0.08722	0.03311	0.00981	0.0024	0.0005
0.2	-0.2	0.13841	0.06034	0.0187	0.00453	0.00091	0.00016
0.2	-0.15	0.10955	0.03678	0.00879	0.00165	0.00026	0.00003
0.2	-0.1	0.07654	0.01786	0.00299	0.0004	0.00004	0.00000
0.2	-0.05	0.04006	0.00515	0.00049	0.00004	0.00000	0.00000
0.2	0.00	0.00196	0.00003	0.00000	0.00000	0.00000	0.00000
0.1	-8.9	0.00221	0.02974	0.23399	1.36365	6.48222	26.43155
0.1	-8.85	0.00247	0.0328	0.25492	1.47039	6.92707	28.0181
0.1	-8.8	0.00277	0.03617	0.27761	1.58481	7.3992	29.68613
0.1	-8.75	0.0031	0.03987	0.30222	1.70743	7.89996	31.43875
0.1	-8.7	0.00347	0.04393	0.32888	1.83875	8.43081	33.27908
0.1	-8.65	0.00389	0.0484	0.35775	1.97932	8.9932	35.21028
0.1	-8.6	0.00436	0.0533	0.389	2.1297	9.58867	37.23556
0.1	-8.55	0.00488	0.05868	0.42281	2.29048	10.21877	39.35808
0.1	-8.5	0.00546	0.06458	0.45938	2.46229	10.88512	41.58105
0.1	-8.45	0.00611	0.07105	0.49889	2.64577	11.58935	43.90765
0.1	-8.4	0.00684	0.07814	0.54157	2.8416	12.33316	46.34104
0.1	-8.35	0.00765	0.08591	0.58765	3.05049	13.11826	48.88436
0.1	-8.3	0.00856	0.09441	0.63736	3.27318	13.94641	51.54069
0.1	-8.25	0.00958	0.10373	0.69097	3.51041	14.8194	54.31307
0.1	-8.2	0.01071	0.11391	0.74874	3.76299	15.73904	57.20445
0.1	-8.15	0.01198	0.12504	0.81096	4.03174	16.70716	60.21771
0.1	-8.1	0.01339	0.13721	0.87793	4.3175	17.72563	63.35561
0.1	-8.05	0.01497	0.1505	0.94996	4.62115	18.79632	66.62081
0.1	-8.	0.01673	0.165	1.02739	4.94359	19.92111	70.01582
0.1	-7.95	0.01869	0.18082	1.11057	5.28576	21.10189	73.54299
0.1	-7.9	0.02087	0.19807	1.19986	5.64861	22.34054	77.20451
0.1	-7.85	0.02331	0.21686	1.29565	6.03312	23.63895	81.00235
0.1	-7.8	0.02602	0.23731	1.39834	6.4403	24.99898	84.93829
0.1	-7.75	0.02903	0.25956	1.50835	6.87118	26.42249	89.01385
0.1	-7.7	0.03238	0.28375	1.62611	7.32681	27.91127	93.23029
0.1	-7.65	0.03611	0.31003	1.75209	7.80824	29.46711	97.58859
0.1	-7.6	0.04024	0.33856	1.88674	8.31657	31.09174	102.08939
0.1	-7.55	0.04484	0.3695	2.03057	8.8529	32.78684	106.73304
0.1	-7.5	0.04993	0.40304	2.18407	9.41832	34.55401	111.51949
0.1	-7.45	0.05558	0.43937	2.34777	10.01398	36.39477	116.44829
0.1	-7.4	0.06184	0.47867	2.52221	10.64098	38.31058	121.51862
0.1	-7.35	0.06876	0.52117	2.70795	11.30046	40.30277	126.72916
0.1	-7.3	0.07642	0.56707	2.90556	11.99356	42.37256	132.07814
0.1	-7.25	0.08487	0.61661	3.11563	12.72138	44.52106	137.56329
0.1	-7.2	0.0942	0.67003	3.33876	13.48505	46.74922	143.18178
0.1	-7.15	0.10449	0.72757	3.57556	14.28568	49.05785	148.93028
0.1	-7.1	0.11582	0.7895	3.82666	15.12434	51.44757	154.80478
0.1	-7.05	0.12828	0.85608	4.0927	16.0021	53.91883	160.80074
0.1	-7.	0.14197	0.9276	4.37434	16.91999	56.47187	166.91292
0.1	-6.95	0.15699	1.00434	4.67222	17.87901	59.1067	173.13541
0.1	-6.9	0.17345	1.08661	4.98703	18.88012	61.82313	179.46163
0.1	-6.85	0.19145	1.17471	5.31944	19.92422	64.62065	185.88425
0.1	-6.8	0.21113	1.26896	5.67012	21.01217	67.49853	192.39522
0.1	-6.75	0.23258	1.36969	6.03976	22.14477	70.45572	198.98567
0.1	-6.7	0.25595	1.47725	6.42905	23.32273	73.49086	205.64599
0.1	-6.65	0.28136	1.59197	6.83867	24.54668	76.60226	212.36576
0.1	-6.6	0.30895	1.71423	7.26931	25.81719	79.78787	219.13372
0.1	-6.55	0.33885	1.84438	7.72165	27.13468	83.04526	225.93777
0.1	-6.5	0.37123	1.98281	8.19634	28.49951	86.37165	232.76503
0.1	-6.45	0.40624	2.1299	8.69405	29.91189	89.76378	239.6017
0.1	-6.4	0.44402	2.28606	9.21541	31.37189	93.218	246.43322
0.1	-6.35	0.48474	2.45167	9.76105	32.87947	96.73021	253.24412
0.1	-6.3	0.52858	2.62717	10.33156	34.4344	100.29581	260.01813
0.1	-6.25	0.57571	2.81297	10.9275	36.03629	103.90976	266.73824
0.1	-6.2	0.62634	3.0095	11.5494	37.68457	107.56646	273.38652
0.1	-6.15	0.68067	3.21718	12.19775	39.37848	111.25984	279.94444
0.1	-6.1	0.73892	3.43646	12.87299	41.11705	114.98326	286.39262
0.1	-6.05	0.80132	3.66774	13.57551	42.89908	118.72955	292.71105
0.1	-6.	0.86814	3.91146	14.30565	44.72314	122.49101	298.87918
0.1	-5.95	0.93961	4.16802	15.06368	46.58755	126.25932	304.87575
0.1	-5.9	1.01598	4.43782	15.84981	48.49036	130.02564	310.67917
0.1	-5.85	1.0975	4.72124	16.66417	50.42935	133.78052	316.26731
0.1	-5.8	1.18443	5.01865	17.50683	52.40198	137.51394	321.61776
0.1	-5.75	1.27701	5.33042	18.37777	54.40544	141.21537	326.70802
0.1	-5.7	1.37548	5.65687	19.27688	56.43653	144.87363	331.51529
0.1	-5.65	1.48005	5.99832	20.20396	58.49174	148.47706	336.01689
0.1	-5.6	1.59089	6.3551	21.1587	60.56718	152.01348	340.19039
0.1	-5.55	1.7081	6.72752	22.14067	62.65858	155.47016	344.01341
0.1	-5.5	1.83187	7.11592	23.14934	64.76124	158.834	347.46433
0.1	-5.45	1.9624	7.52059	24.184	66.87007	162.09142	350.52188
0.1	-5.4	2.09985	7.94186	25.2438	68.97953	165.22852	353.16571
0.1	-5.35	2.24434	8.38004	26.32769	71.08362	168.23109	355.37636
0.1	-5.3	2.39601	8.83544	27.43443	73.17593	171.08476	357.13567
0.1	-5.25	2.55498	9.3084	28.56254	75.24955	173.77494	358.42657
0.1	-5.2	2.72148	9.79925	29.71029	77.29713	176.28706	359.2336
0.1	-5.15	2.89585	10.30827	30.87565	79.31091	178.60665	359.54313
0.1	-5.1	3.07838	10.83573	32.05629	81.28266	180.71935	359.34307
0.1	-5.05	3.26949	11.38184	33.2495	83.20381	182.61122	358.62375
0.1	-5.	3.46967	11.9467	34.45225	85.06541	184.26862	357.37733
0.1	-4.95	3.67952	12.53032	35.66108	86.85821	185.67856	355.59846
0.1	-4.9	3.89977	13.13253	36.87215	88.57275	186.82882	353.28442
0.1	-4.85	4.13128	13.75297	38.0812	90.19936	187.70786	350.43468
0.1	-4.8	4.37484	14.391	39.28358	91.72833	188.30533	347.05183
0.1	-4.75	4.63126	15.04573	40.47424	93.1499	188.61182	343.14077
0.1	-4.7	4.90129	15.71595	41.64778	94.45441	188.61922	338.70938
0.1	-4.65	5.18558	16.40015	42.79847	95.63243	188.32087	333.76852
0.1	-4.6	5.48468	17.09646	43.92027	96.67473	187.71141	328.33142
0.1	-4.55	5.79897	17.80269	45.00694	97.57257	186.78726	322.41459
0.1	-4.5	6.12865	18.51629	46.05201	98.31759	185.54631	316.03676
0.1	-4.45	6.47368	19.23437	47.04889	98.90209	183.98825	309.21953
0.1	-4.4	6.83382	19.95375	47.99096	99.31903	182.11466	301.9872
0.1	-4.35	7.20849	20.67093	48.87157	99.56212	179.92876	294.36602
0.1	-4.3	7.59671	21.38216	49.68417	99.62593	177.43571	286.38468
0.1	-4.25	7.99738	22.08353	50.42235	99.50603	174.64266	278.07413
0.1	-4.2	8.40924	22.77089	51.07987	99.19889	171.55834	269.46659
0.1	-4.15	8.83076	23.43996	51.65081	98.70215	168.1936	260.59652
0.1	-4.1	9.26017	24.08632	52.12955	98.01452	164.5608	251.49916
0.1	-4.05	9.69535	24.70548	52.51091	97.13588	160.67413	242.21107
0.1	-4.	10.13403	25.29295	52.79018	96.06741	156.54951	232.76985
0.1	-3.95	10.57398	25.84425	52.96315	94.81142	152.20414	223.21314
0.1	-3.9	11.01273	26.35491	53.02621	93.37153	147.6568	213.5791
0.1	-3.85	11.44749	26.82056	52.9764	91.75261	142.92744	203.90566
0.1	-3.8	11.87539	27.237	52.81147	89.96081	138.03727	194.23067
0.1	-3.75	12.29351	27.60023	52.52986	88.00341	133.00818	184.59072
0.1	-3.7	12.69909	27.90647	52.13084	85.88902	127.86312	175.02206
0.1	-3.65	13.08937	28.15211	51.61444	83.62723	122.62528	165.559
0.1	-3.6	13.46122	28.33386	50.98158	81.22884	117.31852	156.2349
0.1	-3.55	13.81139	28.44879	50.23406	78.70558	111.96664	147.08096
0.1	-3.5	14.13662	28.49444	49.37457	76.07009	106.59351	138.12652
0.1	-3.45	14.43369	28.4688	48.40667	73.33577	101.22253	129.39844
0.1	-3.4	14.69984	28.37042	47.33478	70.51669	95.87673	120.92131
0.1	-3.35	14.93274	28.19826	46.16424	67.62754	90.57853	112.71737
0.1	-3.3	15.12951	27.95176	44.90113	64.68326	85.34916	104.80563
0.1	-3.25	15.28713	27.63107	43.55245	61.69919	80.20907	97.20294
0.1	-3.2	15.40286	27.23703	42.12585	58.69057	75.17709	89.92274
0.1	-3.15	15.4744	26.77125	40.6297	55.67272	70.27092	82.97609
0.1	-3.1	15.50039	26.23599	39.07287	52.66059	65.5065	76.37101
0.1	-3.05	15.47991	25.63403	37.46475	49.66881	60.89817	70.11286
0.1	-3.	15.41144	24.96881	35.81506	46.71135	56.45838	64.20414
0.1	-2.95	15.2941	24.24448	34.13382	43.80152	52.19783	58.64493
0.1	-2.9	15.12752	23.46591	32.43121	40.95186	48.12543	53.43307
0.1	-2.85	14.91192	22.63853	30.71731	38.17376	44.24796	48.56375
0.1	-2.8	14.64869	21.76831	29.00214	35.47773	40.57065	44.03055
0.1	-2.75	14.34	20.86145	27.29534	32.87295	37.09661	39.82477
0.1	-2.7	13.9877	19.92448	25.60628	30.36758	33.82747	35.93646
0.1	-2.65	13.59437	18.96414	23.94374	27.96834	30.76295	32.35387
0.1	-2.6	13.16308	17.98733	22.31599	25.68085	27.90147	29.06439
0.1	-2.55	12.69707	17.00101	20.73054	23.50932	25.2398	26.05417
0.1	-2.5	12.20069	16.0121	19.19412	21.45678	22.77351	23.30868
0.1	-2.45	11.67939	15.02717	17.71268	19.5251	20.49709	20.81294
0.1	-2.4	11.13763	14.0523	16.29122	17.7149	18.40385	18.55142
0.1	-2.35	10.57994	13.09328	14.93403	16.02588	16.48642	16.50863
0.1	-2.3	10.0109	12.15542	13.64441	14.45661	14.73658	14.66886
0.1	-2.25	9.43476	11.24365	12.42491	13.00486	13.14565	13.01677
0.1	-2.2	8.85651	10.3624	11.27718	11.66757	11.70449	11.5372
0.1	-2.15	8.28165	9.51526	10.20209	10.44098	10.40368	10.21548
0.1	-2.1	7.71388	8.70516	9.19979	9.32071	9.23361	9.03742
0.1	-2.05	7.1567	7.93448	8.2698	8.30192	8.18464	7.9895
0.1	-2.	6.61318	7.20511	7.41108	7.37936	7.24726	7.05896
0.1	-1.95	6.08575	6.51844	6.62199	6.54743	6.412	6.23371
0.1	-1.9	5.57711	5.87549	5.90046	5.80033	5.66975	5.50256
0.1	-1.85	5.09002	5.27663	5.24392	5.13207	5.01165	4.85508
0.1	-1.8	4.62604	4.72179	4.64951	4.53665	4.42928	4.2818
0.1	-1.75	4.18645	4.21051	4.11402	4.00803	3.91465	3.77401
0.1	-1.7	3.77221	3.74202	3.63405	3.54028	3.46028	3.32393
0.1	-1.65	3.38399	3.31523	3.20596	3.12757	3.05921	2.92455
0.1	-1.6	3.02259	2.92878	2.82601	2.7643	2.70505	2.5697
0.1	-1.55	2.68854	2.58092	2.49033	2.4451	2.39196	2.25392
0.1	-1.5	2.38158	2.26967	2.19507	2.16489	2.1147	1.97248
0.1	-1.45	2.10131	1.99289	1.93642	1.91893	1.86861	1.7213
0.1	-1.4	1.84698	1.7483	1.71061	1.70282	1.64953	1.49687
0.1	-1.35	1.61764	1.53358	1.51401	1.51253	1.45391	1.29623
0.1	-1.3	1.41246	1.34632	1.3431	1.34443	1.27864	1.11686
0.1	-1.25	1.2307	1.18402	1.19456	1.1953	1.12115	0.95666
0.1	-1.2	1.07102	1.04411	1.06524	1.06228	0.97924	0.81384
0.1	-1.15	0.93197	0.92407	0.9523	0.94295	0.85115	0.6869
0.1	-1.1	0.81204	0.82141	0.85311	0.83524	0.73542	0.57455
0.1	-1.05	0.7096	0.73373	0.76535	0.73745	0.63091	0.47566
0.1	-1.	0.62286	0.65876	0.68698	0.64823	0.53669	0.38923
0.1	-0.95	0.54999	0.59441	0.61626	0.56649	0.45205	0.31433
0.1	-0.9	0.48937	0.53872	0.55174	0.49143	0.3764	0.25008
0.1	-0.85	0.43923	0.48996	0.49223	0.4225	0.30928	0.19563
0.1	-0.8	0.39793	0.44656	0.43682	0.3593	0.25026	0.15012
0.1	-0.75	0.36396	0.40718	0.38483	0.30161	0.19896	0.11271
0.1	-0.7	0.33587	0.37067	0.33584	0.24931	0.15496	0.08253
0.1	-0.65	0.31211	0.33611	0.28961	0.20235	0.11786	0.05871
0.1	-0.6	0.29141	0.3028	0.24607	0.16072	0.08719	0.04038
0.1	-0.55	0.27273	0.27027	0.2053	0.12439	0.06241	0.0267
0.1	-0.5	0.25521	0.23822	0.16749	0.09333	0.04296	0.01684
0.1	-0.45	0.23807	0.2065	0.13289	0.06742	0.02819	0.01004
0.1	-0.4	0.22059	0.17514	0.10182	0.04646	0.01745	0.00558
0.1	-0.35	0.20215	0.14433	0.0746	0.03016	0.01003	0.00284
0.1	-0.3	0.18222	0.11445	0.05153	0.0181	0.00523	0.00129
0.1	-0.25	0.1603	0.08601	0.03284	0.00977	0.0024	0.0005
0.1	-0.2	0.1358	0.05975	0.01863	0.00453	0.00091	0.00016
0.1	-0.15	0.10803	0.03664	0.00881	0.00166	0.00026	0.00004
0.1	-0.1	0.0763	0.01794	0.00301	0.0004	0.00004	0.00000
0.1	-0.05	0.04047	0.0052	0.00049	0.00004	0.00000	0.00000
0.1	0.00	0.00194	0.00003	0.00000	0.00000	0.00000	0.00000
0.07	-8.9	0.00329	0.04155	0.31161	1.7516	8.09648	32.27412
0.07	-8.85	0.00369	0.04577	0.33898	1.88593	8.64014	34.16678
0.07	-8.8	0.00413	0.05041	0.36861	2.0297	9.21616	36.15347
0.07	-8.75	0.00463	0.05549	0.40068	2.18347	9.82611	38.23755
0.07	-8.7	0.00518	0.06107	0.43536	2.34785	10.4716	40.42242
0.07	-8.65	0.0058	0.06718	0.47284	2.52348	11.1543	42.71145
0.07	-8.6	0.00649	0.07389	0.51333	2.71102	11.87593	45.10805
0.07	-8.55	0.00726	0.08123	0.55705	2.91116	12.63823	47.6156
0.07	-8.5	0.00812	0.08927	0.60423	3.12462	13.44299	50.23746
0.07	-8.45	0.00908	0.09807	0.65511	3.35215	14.29206	52.97696
0.07	-8.4	0.01016	0.10769	0.70996	3.59453	15.18729	55.83737
0.07	-8.35	0.01136	0.11821	0.76904	3.85258	16.13058	58.82192
0.07	-8.3	0.0127	0.1297	0.83264	4.12713	17.12387	61.93375
0.07	-8.25	0.01419	0.14225	0.90106	4.41905	18.16911	65.1759
0.07	-8.2	0.01586	0.15595	0.97464	4.72925	19.26829	68.55132
0.07	-8.15	0.01771	0.17089	1.0537	5.05865	20.42339	72.0628
0.07	-8.1	0.01978	0.18718	1.13859	5.40821	21.63642	75.71301
0.07	-8.05	0.02208	0.20492	1.22969	5.77894	22.9094	79.50445
0.07	-8.	0.02465	0.22423	1.32738	6.17183	24.24434	83.4394
0.07	-7.95	0.0275	0.24524	1.43207	6.58793	25.64324	87.51997
0.07	-7.9	0.03067	0.26807	1.54419	7.02832	27.10811	91.74798
0.07	-7.85	0.0342	0.29288	1.66417	7.49408	28.6409	96.12505
0.07	-7.8	0.03812	0.31981	1.79248	7.98633	30.24356	100.65247
0.07	-7.75	0.04246	0.34902	1.92959	8.50621	31.91799	105.33124
0.07	-7.7	0.04728	0.38067	2.076	9.05488	33.66603	110.16199
0.07	-7.65	0.05262	0.41495	2.23223	9.63352	35.48949	115.14502
0.07	-7.6	0.05854	0.45203	2.3988	10.2433	37.39008	120.28021
0.07	-7.55	0.06508	0.49213	2.57628	10.88544	39.36943	125.56701
0.07	-7.5	0.07232	0.53543	2.76523	11.56113	41.42909	131.00443
0.07	-7.45	0.0803	0.58217	2.96623	12.27161	43.57048	136.59096
0.07	-7.4	0.08911	0.63256	3.17991	13.01809	45.79491	142.32462
0.07	-7.35	0.09882	0.68684	3.40687	13.80178	48.10354	148.20282
0.07	-7.3	0.1095	0.74526	3.64776	14.6239	50.49739	154.22244
0.07	-7.25	0.12125	0.80807	3.90323	15.48564	52.97728	160.37972
0.07	-7.2	0.13415	0.87554	4.17396	16.38819	55.54387	166.67026
0.07	-7.15	0.14829	0.94794	4.46064	17.33271	58.19759	173.08899
0.07	-7.1	0.16376	1.02557	4.76397	18.32033	60.93864	179.63014
0.07	-7.05	0.18068	1.10871	5.08466	19.35214	63.767	186.28722
0.07	-7.	0.19915	1.19768	5.42346	20.42919	66.68234	193.05296
0.07	-6.95	0.21926	1.2928	5.7811	21.55249	69.68407	199.91932
0.07	-6.9	0.24115	1.3944	6.15834	22.72297	72.77127	206.87751
0.07	-6.85	0.26493	1.50283	6.55594	23.94149	75.9427	213.91782
0.07	-6.8	0.2907	1.61843	6.97467	25.20884	79.19677	221.02982
0.07	-6.75	0.31859	1.74158	7.41531	26.52569	82.53149	228.20215
0.07	-6.7	0.34874	1.87268	7.87865	27.89263	85.94448	235.42262
0.07	-6.65	0.38125	2.01212	8.36544	29.31013	89.43296	242.67822
0.07	-6.6	0.41629	2.16032	8.87648	30.77849	92.99368	249.95501
0.07	-6.55	0.45397	2.31773	9.4125	32.29791	96.62295	257.23824
0.07	-6.5	0.49444	2.48479	9.97426	33.86839	100.31661	264.51235
0.07	-6.45	0.53786	2.66199	10.56248	35.48977	104.06998	271.76086
0.07	-6.4	0.5844	2.84982	11.17784	37.16169	107.87791	278.9666
0.07	-6.35	0.63426	3.04879	11.82098	38.88359	111.73469	286.11151
0.07	-6.3	0.68763	3.25943	12.49252	40.65468	115.63409	293.17685
0.07	-6.25	0.74473	3.48227	13.19299	42.47393	119.56937	300.14322
0.07	-6.2	0.80583	3.71785	13.92286	44.34007	123.53319	306.99043
0.07	-6.15	0.87118	3.96674	14.68255	46.25155	127.51771	313.69788
0.07	-6.1	0.94108	4.22946	15.47235	48.20656	131.5145	320.24425
0.07	-6.05	1.01589	4.50657	16.2925	50.20298	135.51459	326.60784
0.07	-6.	1.09592	4.79856	17.14311	52.23841	139.50851	332.76662
0.07	-5.95	1.18153	5.10595	18.02418	54.31012	143.48617	338.69809
0.07	-5.9	1.27306	5.42919	18.93561	56.41508	147.43705	344.37974
0.07	-5.85	1.3709	5.76874	19.87716	58.54992	151.35004	349.78878
0.07	-5.8	1.47543	6.12499	20.84846	60.71092	155.21359	354.90246
0.07	-5.75	1.587	6.4983	21.84899	62.89404	159.01569	359.69829
0.07	-5.7	1.70596	6.88898	22.87811	65.09485	162.74388	364.15378
0.07	-5.65	1.83263	7.29731	23.93501	67.30859	166.38528	368.24694
0.07	-5.6	1.96732	7.72351	25.01871	69.53012	169.92672	371.95639
0.07	-5.55	2.11032	8.16776	26.1281	71.75391	173.35464	375.26114
0.07	-5.5	2.26189	8.6302	27.26184	73.97411	176.65529	378.14134
0.07	-5.45	2.42227	9.11092	28.41845	76.18443	179.81468	380.57778
0.07	-5.4	2.59166	9.60995	29.59621	78.37824	182.8187	382.55257
0.07	-5.35	2.77026	10.12731	30.79321	80.54854	185.65319	384.04898
0.07	-5.3	2.95825	10.66295	32.00731	82.68797	188.30407	385.05194
0.07	-5.25	3.15579	11.21678	33.23611	84.78881	190.75728	385.54767
0.07	-5.2	3.36307	11.78865	34.47696	86.84303	192.99905	385.52429
0.07	-5.15	3.58041	12.37834	35.72692	88.84229	195.01596	384.97197
0.07	-5.1	3.80806	12.98553	36.98277	90.778	196.79492	383.88257
0.07	-5.05	4.04627	13.6098	38.24096	92.64134	198.32353	382.25054
0.07	-5.	4.29535	14.25061	39.49765	94.42329	199.58989	380.07224
0.07	-4.95	4.55566	14.90726	40.74867	96.11475	200.58298	377.34658
0.07	-4.9	4.82762	15.57889	41.98953	97.70656	201.29271	374.07517
0.07	-4.85	5.11173	16.26442	43.21541	99.18955	201.70988	370.26169
0.07	-4.8	5.40838	16.96252	44.42123	100.55467	201.82656	365.91299
0.07	-4.75	5.71795	17.67159	45.60162	101.79303	201.63593	361.03805
0.07	-4.7	6.04073	18.38978	46.75097	102.89601	201.13251	355.6487
0.07	-4.65	6.3769	19.11494	47.86349	103.85535	200.31237	349.75964
0.07	-4.6	6.72648	19.84461	48.93322	104.66317	199.17286	343.38764
0.07	-4.55	7.08928	20.57607	49.95415	105.31217	197.71312	336.5526
0.07	-4.5	7.46485	21.30635	50.92017	105.79558	195.93372	329.27634
0.07	-4.45	7.85251	22.03223	51.82523	106.10733	193.83694	321.58328
0.07	-4.4	8.25143	22.7503	52.66333	106.24212	191.42691	313.5003
0.07	-4.35	8.66044	23.45695	53.42862	106.19538	188.70922	305.05588
0.07	-4.3	9.07818	24.14847	54.11539	105.96348	185.69132	296.28066
0.07	-4.25	9.50317	24.82102	54.71821	105.5437	182.38243	287.20726
0.07	-4.2	9.9337	25.47068	55.2319	104.93425	178.79323	277.86925
0.07	-4.15	10.36783	26.09352	55.65164	104.13445	174.93632	268.30217
0.07	-4.1	10.80349	26.68558	55.97297	103.14457	170.82563	258.54203
0.07	-4.05	11.23852	27.24299	56.19185	101.96601	166.47671	248.62591
0.07	-4.	11.67086	27.76188	56.30472	100.60136	161.90668	238.5917
0.07	-3.95	12.09842	28.23844	56.3085	99.0542	157.13374	228.47705
0.07	-3.9	12.51885	28.66893	56.20068	97.32936	152.17747	218.31994
0.07	-3.85	12.9297	29.04974	55.97933	95.43274	147.05845	208.1579
0.07	-3.8	13.32851	29.37743	55.6432	93.37145	141.79837	198.02821
0.07	-3.75	13.71275	29.64874	55.19163	91.15358	136.41942	187.9667
0.07	-3.7	14.08008	29.86064	54.62476	88.78844	130.9447	178.00874
0.07	-3.65	14.42827	30.01024	53.94337	86.28621	125.39742	168.1876
0.07	-3.6	14.75469	30.09494	53.14909	83.65817	119.80132	158.53551
0.07	-3.55	15.05667	30.11244	52.24432	80.91641	114.17997	149.08242
0.07	-3.5	15.33152	30.06084	51.23231	78.07387	108.55688	139.85635
0.07	-3.45	15.57651	29.93866	50.11708	75.1441	102.95501	130.88277
0.07	-3.4	15.78931	29.74487	48.90346	72.14129	97.39685	122.18485
0.07	-3.35	15.9678	29.47887	47.59715	69.08015	91.90421	113.78334
0.07	-3.3	16.10934	29.14054	46.20453	65.97553	86.49762	105.69579
0.07	-3.25	16.21155	28.7304	44.73284	62.84266	81.1968	97.93753
0.07	-3.2	16.27196	28.24959	43.18987	59.69656	76.01976	90.52051
0.07	-3.15	16.28846	27.7	41.58415	56.55228	70.98337	83.45434
0.07	-3.1	16.25999	27.08415	39.92461	53.42445	66.10272	76.74558
0.07	-3.05	16.18584	26.40506	38.22065	50.32732	61.39125	70.39819
0.07	-3.	16.06483	25.66635	36.48196	47.27443	56.86051	64.41333
0.07	-2.95	15.89622	24.87234	34.71849	44.27864	52.5203	58.78978
0.07	-2.9	15.67989	24.02801	32.94031	41.352	48.37863	53.52413
0.07	-2.85	15.41603	23.13887	31.15732	38.50536	44.44142	48.61042
0.07	-2.8	15.10611	22.21106	29.37934	35.7487	40.71303	44.04111
0.07	-2.75	14.75295	21.25081	27.61575	33.09066	37.19575	39.8065
0.07	-2.7	14.35875	20.26458	25.87563	30.53884	33.89043	35.89566
0.07	-2.65	13.926	19.25896	24.16745	28.09943	30.79602	32.29599
0.07	-2.6	13.45743	18.24081	22.49918	25.77751	27.91024	28.99407
0.07	-2.55	12.95648	17.217	20.878	23.57676	25.22917	25.9753
0.07	-2.5	12.42809	16.1943	19.31028	21.49972	22.74777	23.22451
0.07	-2.45	11.87747	15.17901	17.80164	19.54779	20.45993	20.72613
0.07	-2.4	11.30877	14.177	16.35677	17.72113	18.35843	18.46409
0.07	-2.35	10.72661	13.19389	14.97962	16.019	16.43542	16.42244
0.07	-2.3	10.13548	12.23474	13.67322	14.43958	14.68219	14.58508
0.07	-2.25	9.53923	11.30428	12.43984	12.98024	13.08968	12.93631
0.07	-2.2	8.94263	10.4068	11.28086	11.63754	11.64836	11.46071
0.07	-2.15	8.35132	9.54576	10.19687	10.40739	10.34848	10.14335
0.07	-2.1	7.76867	8.72391	9.18776	9.28508	9.18017	8.96986
0.07	-2.05	7.19806	7.94355	8.25279	8.26546	8.13354	7.92658
0.07	-2.	6.64267	7.20646	7.39063	7.34303	7.19887	7.00062
0.07	-1.95	6.10503	6.51385	6.59939	6.51194	6.36655	6.1798
0.07	-1.9	5.5882	5.86654	5.87673	5.76619	5.62733	5.4529
0.07	-1.85	5.09503	5.26455	5.21986	5.09964	4.97225	4.80945
0.07	-1.8	4.6262	4.70756	4.62572	4.50616	4.39283	4.23995
0.07	-1.75	4.18276	4.19493	4.09098	3.97958	3.88101	3.7357
0.07	-1.7	3.76561	3.72579	3.61211	3.5139	3.4293	3.28891
0.07	-1.65	3.37522	3.29888	3.18535	3.10321	3.0307	2.89259
0.07	-1.6	3.01221	2.91278	2.80686	2.74187	2.67883	2.54058
0.07	-1.55	2.67722	2.56563	2.47271	2.42447	2.36785	2.22745
0.07	-1.5	2.36979	2.25535	2.17895	2.1459	2.09253	1.94849
0.07	-1.45	2.08946	1.97974	1.92173	1.90143	1.84822	1.69963
0.07	-1.4	1.83552	1.73642	1.69722	1.68664	1.63081	1.47737
0.07	-1.35	1.60703	1.52297	1.50176	1.49755	1.43674	1.27878
0.07	-1.3	1.40306	1.3369	1.33183	1.33052	1.26294	1.10134
0.07	-1.25	1.22259	1.17562	1.18411	1.18236	1.10684	0.94294
0.07	-1.2	1.06416	1.03653	1.0555	1.05024	0.96627	0.80181
0.07	-1.15	0.92612	0.91713	0.94315	0.93177	0.83945	0.67645
0.07	-1.1	0.80687	0.81498	0.84449	0.82489	0.72495	0.56556
0.07	-1.05	0.70492	0.72773	0.7572	0.7279	0.62161	0.46802
0.07	-1.	0.61867	0.65313	0.67927	0.63946	0.52852	0.38282
0.07	-0.95	0.54632	0.58906	0.60897	0.5585	0.44494	0.30902
0.07	-0.9	0.48612	0.53358	0.54484	0.48422	0.37031	0.24576
0.07	-0.85	0.43627	0.48495	0.48573	0.41606	0.30413	0.19218
0.07	-0.8	0.39511	0.44165	0.43075	0.35362	0.24598	0.14742
0.07	-0.75	0.36117	0.40236	0.37922	0.29668	0.19547	0.11064
0.07	-0.7	0.33298	0.36595	0.33072	0.2451	0.15218	0.08099
0.07	-0.65	0.30905	0.33154	0.285	0.19883	0.1157	0.05759
0.07	-0.6	0.28825	0.29844	0.242	0.15784	0.08555	0.0396
0.07	-0.55	0.26951	0.26616	0.20178	0.12211	0.06122	0.02618
0.07	-0.5	0.25194	0.23441	0.16451	0.09157	0.04212	0.01651
0.07	-0.45	0.23477	0.20303	0.13045	0.06612	0.02763	0.00984
0.07	-0.4	0.2173	0.17205	0.09989	0.04554	0.0171	0.00546
0.07	-0.35	0.19889	0.14168	0.07315	0.02955	0.00982	0.00278
0.07	-0.3	0.17906	0.11226	0.05051	0.01773	0.00512	0.00126
0.07	-0.25	0.15732	0.08431	0.03217	0.00957	0.00234	0.00049
0.07	-0.2	0.13314	0.05855	0.01824	0.00444	0.00089	0.00015
0.07	-0.15	0.10587	0.03589	0.00862	0.00162	0.00025	0.00003
0.07	-0.1	0.0748	0.01756	0.00295	0.00039	0.00004	0.00000
0.07	-0.05	0.03961	0.00507	0.00048	0.00004	0.00000	0.00000
0.07	0.00	0.00187	0.00003	0.00000	0.00000	0.00000	0.00000
0.05	-8.9	0.00491	0.05819	0.41673	2.2611	10.16343	39.59082
0.05	-8.85	0.0055	0.06403	0.45267	2.43088	10.83046	41.85571
0.05	-8.8	0.00616	0.07042	0.49151	2.61225	11.53596	44.22911
0.05	-8.75	0.00689	0.07743	0.53346	2.80588	12.28171	46.71464
0.05	-8.7	0.00771	0.0851	0.57873	3.01249	13.06955	49.31589
0.05	-8.65	0.00862	0.09349	0.62757	3.23282	13.90134	52.03646
0.05	-8.6	0.00964	0.10267	0.68022	3.46763	14.779	54.87991
0.05	-8.55	0.01078	0.11271	0.73695	3.71774	15.70447	57.84977
0.05	-8.5	0.01205	0.12369	0.79804	3.98398	16.67975	60.94951
0.05	-8.45	0.01347	0.13567	0.86378	4.26721	17.70687	64.18253
0.05	-8.4	0.01506	0.14875	0.93449	4.56834	18.78788	67.55215
0.05	-8.35	0.01682	0.16302	1.01049	4.88829	19.92487	71.06159
0.05	-8.3	0.01879	0.17857	1.09212	5.22803	21.11995	74.71395
0.05	-8.25	0.02098	0.19552	1.17974	5.58854	22.37523	78.51216
0.05	-8.2	0.02342	0.21397	1.27374	5.97085	23.69286	82.45903
0.05	-8.15	0.02613	0.23404	1.37451	6.37602	25.07497	86.55715
0.05	-8.1	0.02915	0.25586	1.48246	6.80512	26.52372	90.80892
0.05	-8.05	0.0325	0.27957	1.59802	7.25927	28.04124	95.21652
0.05	-8.	0.03623	0.30531	1.72165	7.73961	29.62965	99.78182
0.05	-7.95	0.04036	0.33324	1.85381	8.2473	31.29104	104.50647
0.05	-7.9	0.04495	0.36351	1.995	8.78354	33.02747	109.39175
0.05	-7.85	0.05004	0.39629	2.14571	9.34954	34.84098	114.43865
0.05	-7.8	0.05567	0.43176	2.30648	9.94652	36.73352	119.64773
0.05	-7.75	0.06191	0.47012	2.47785	10.57576	38.70699	125.01919
0.05	-7.7	0.06881	0.51155	2.66039	11.23852	40.76323	130.55277
0.05	-7.65	0.07642	0.55628	2.85469	11.93608	42.90395	136.24777
0.05	-7.6	0.08483	0.6045	3.06133	12.66975	45.13079	142.10294
0.05	-7.55	0.09409	0.65646	3.28096	13.44082	47.44526	148.11655
0.05	-7.5	0.10429	0.71238	3.51421	14.25062	49.84872	154.28625
0.05	-7.45	0.1155	0.77252	3.76174	15.10045	52.34238	160.60912
0.05	-7.4	0.12782	0.83712	4.02424	15.99161	54.92728	167.08161
0.05	-7.35	0.14133	0.90646	4.30241	16.9254	57.60428	173.69945
0.05	-7.3	0.15612	0.9808	4.59696	17.9031	60.37401	180.45773
0.05	-7.25	0.17228	1.06044	4.90864	18.92596	63.23686	187.35077
0.05	-7.2	0.18994	1.14567	5.23821	19.99521	66.19298	194.37211
0.05	-7.15	0.20917	1.2368	5.58644	21.11204	69.24225	201.51457
0.05	-7.1	0.23009	1.33415	5.95412	22.27758	72.38422	208.77006
0.05	-7.05	0.25282	1.43804	6.34208	23.49292	75.61812	216.12972
0.05	-7.	0.27745	1.54883	6.75113	24.75907	78.94285	223.58381
0.05	-6.95	0.3041	1.66688	7.18213	26.07695	82.35692	231.12168
0.05	-6.9	0.33288	1.79257	7.63592	27.44741	85.85842	238.73188
0.05	-6.85	0.36391	1.92628	8.11338	28.87117	89.44505	246.40195
0.05	-6.8	0.39731	2.06844	8.61537	30.34883	93.11405	254.11866
0.05	-6.75	0.43318	2.21948	9.14277	31.88084	96.86218	261.86777
0.05	-6.7	0.47164	2.37988	9.69645	33.46752	100.68572	269.6342
0.05	-6.65	0.51284	2.55011	10.27727	35.109	104.58043	277.40206
0.05	-6.6	0.55692	2.73068	10.88606	36.80519	108.54157	285.1545
0.05	-6.55	0.60402	2.92216	11.52365	38.55583	112.56381	292.87391
0.05	-6.5	0.65432	3.12509	12.19082	40.3604	116.64131	300.54192
0.05	-6.45	0.70799	3.34007	12.88829	42.21815	120.76765	308.13931
0.05	-6.4	0.76526	3.56773	13.61675	44.12805	124.93585	315.64631
0.05	-6.35	0.82638	3.8087	14.37678	46.0888	129.13834	323.04234
0.05	-6.3	0.8916	4.06364	15.16891	48.09878	133.367	330.30633
0.05	-6.25	0.96124	4.3332	15.99356	50.15609	137.61314	337.41673
0.05	-6.2	1.03563	4.61806	16.85102	52.25847	141.86749	344.3514
0.05	-6.15	1.11515	4.91887	17.74149	54.40337	146.1203	351.08803
0.05	-6.1	1.20021	5.23627	18.66499	56.58784	150.36123	357.60387
0.05	-6.05	1.29124	5.57089	19.62142	58.80863	154.57945	363.87605
0.05	-6.	1.38871	5.92331	20.61051	61.06211	158.7637	369.88171
0.05	-5.95	1.4931	6.29407	21.63182	63.34429	162.90219	375.5978
0.05	-5.9	1.6049	6.68366	22.68471	65.65084	166.9828	381.00166
0.05	-5.85	1.72464	7.09249	23.76839	67.97705	170.99296	386.07066
0.05	-5.8	1.85283	7.52092	24.88183	70.31788	174.91977	390.7826
0.05	-5.75	1.98997	7.9692	26.02384	72.66793	178.75009	395.1159
0.05	-5.7	2.13652	8.43751	27.193	75.02147	182.47047	399.04939
0.05	-5.65	2.29293	8.92593	28.3877	77.37241	186.06728	402.56272
0.05	-5.6	2.45958	9.43447	29.60613	79.71439	189.5268	405.63657
0.05	-5.55	2.63686	9.96301	30.84624	82.04067	192.83515	408.25234
0.05	-5.5	2.8251	10.51134	32.10579	84.34429	195.97854	410.39291
0.05	-5.45	3.02455	11.07918	33.38233	86.61794	198.94314	412.04214
0.05	-5.4	3.23542	11.66612	34.67319	88.8541	201.71532	413.18549
0.05	-5.35	3.45791	12.27166	35.97546	91.04498	204.28162	413.80985
0.05	-5.3	3.69218	12.89522	37.28606	93.18259	206.62895	413.90404
0.05	-5.25	3.93825	13.53608	38.60163	95.25874	208.74449	413.45833
0.05	-5.2	4.19617	14.19346	39.91863	97.26507	210.61594	412.46506
0.05	-5.15	4.46601	14.86647	41.23327	99.19316	212.23162	410.91881
0.05	-5.1	4.7478	15.55406	42.54154	101.03443	213.58037	408.81582
0.05	-5.05	5.04156	16.2551	43.83919	102.78034	214.65195	406.15509
0.05	-5.	5.34726	16.96829	45.12177	104.4223	215.43679	402.93743
0.05	-4.95	5.6648	17.69218	46.38461	105.95185	215.92635	399.1662
0.05	-4.9	5.99416	18.42519	47.62285	107.36064	216.11316	394.84738
0.05	-4.85	6.33539	19.16551	48.83143	108.64049	215.9907	389.98891
0.05	-4.8	6.68833	19.91115	50.00516	109.78356	215.55386	384.60171
0.05	-4.75	7.05274	20.65989	51.13871	110.78223	214.79858	378.69867
0.05	-4.7	7.42829	21.40933	52.22666	111.62935	213.72224	372.29532
0.05	-4.65	7.81455	22.15688	53.26358	112.31822	212.32368	365.40981
0.05	-4.6	8.21099	22.89973	54.24398	112.84262	210.60299	358.06208
0.05	-4.55	8.61683	23.63487	55.16246	113.19699	208.56197	350.27497
0.05	-4.5	9.03098	24.35919	56.01368	113.37631	206.20373	342.07294
0.05	-4.45	9.45219	25.06944	56.79243	113.37629	203.53298	333.48273
0.05	-4.4	9.87909	25.76232	57.49369	113.19344	200.55615	324.53329
0.05	-4.35	10.31014	26.4345	58.11262	112.82495	197.28095	315.25484
0.05	-4.3	10.74374	27.08258	58.64462	112.26887	193.71675	305.67947
0.05	-4.25	11.1783	27.70317	59.08538	111.52418	189.87461	295.84102
0.05	-4.2	11.61193	28.29289	59.43085	110.59062	185.76678	285.77393
0.05	-4.15	12.04275	28.84841	59.67738	109.46902	181.40729	275.5144
0.05	-4.1	12.46876	29.36644	59.82163	108.16103	176.8113	265.09883
0.05	-4.05	12.88799	29.8438	59.86065	106.66934	171.99543	254.56445
0.05	-4.	13.2987	30.27742	59.79195	104.99769	166.97769	243.9491
0.05	-3.95	13.69922	30.6642	59.61342	103.15075	161.77701	233.29014
0.05	-3.9	14.08759	31.00113	59.32352	101.13428	156.41351	222.62508
0.05	-3.85	14.46188	31.28534	58.92117	98.95503	150.9082	211.9908
0.05	-3.8	14.82016	31.51406	58.40593	96.62088	145.28304	201.42379
0.05	-3.75	15.16034	31.68465	57.7779	94.14053	139.5603	190.95889
0.05	-3.7	15.48052	31.7947	57.03789	91.52386	133.76311	180.6304
0.05	-3.65	15.77899	31.84189	56.1873	88.78148	127.91453	170.47038
0.05	-3.6	16.05345	31.82413	55.22833	85.92504	122.03803	160.50973
0.05	-3.55	16.30168	31.73964	54.16388	82.96691	116.15684	150.77704
0.05	-3.5	16.52144	31.58694	52.99766	79.9202	110.29399	141.29885
0.05	-3.45	16.71038	31.36494	51.73407	76.79858	104.4719	132.09911
0.05	-3.4	16.86635	31.07301	50.37833	73.61625	98.71239	123.19942
0.05	-3.35	16.98735	30.71092	48.93643	70.38787	93.03657	114.61897
0.05	-3.3	17.07105	30.27893	47.415	67.12816	87.46418	106.37371
0.05	-3.25	17.11542	29.7779	45.82148	63.85214	82.0141	98.47739
0.05	-3.2	17.11842	29.20927	44.1638	60.57456	76.70346	90.94038
0.05	-3.15	17.0781	28.57517	42.45057	57.31012	71.54821	83.77077
0.05	-3.1	16.9934	27.87839	40.69076	54.07309	66.56248	76.97361
0.05	-3.05	16.86399	27.1222	38.89375	50.87726	61.75878	70.55141
0.05	-3.	16.68899	26.31041	37.06916	47.7357	57.14769	64.50395
0.05	-2.95	16.46805	25.44748	35.22679	44.66073	52.73804	58.82868
0.05	-2.9	16.20125	24.53846	33.37654	41.66387	48.53693	53.52095
0.05	-2.85	15.88901	23.58892	31.52811	38.75542	44.54933	48.57361
0.05	-2.8	15.53306	22.60496	29.69107	35.94477	40.77872	43.97805
0.05	-2.75	15.1361	21.59276	27.87454	33.23999	37.22652	39.72353
0.05	-2.7	14.70021	20.55875	26.08731	30.64808	33.89276	35.79821
0.05	-2.65	14.22791	19.50955	24.33754	28.17464	30.77562	32.18864
0.05	-2.6	13.72243	18.45191	22.63288	25.82419	27.87208	28.88064
0.05	-2.55	13.18732	17.39256	20.98011	23.59983	25.17754	25.85893
0.05	-2.5	12.62724	16.3381	19.38527	21.50356	22.68634	23.10775
0.05	-2.45	12.04749	15.29467	17.8536	19.53625	20.3918	20.61098
0.05	-2.4	11.45217	14.26797	16.38941	17.69759	18.28618	18.3521
0.05	-2.35	10.84576	13.26342	14.99631	15.98637	16.36116	16.31477
0.05	-2.3	10.23272	12.28593	13.67692	14.40033	14.60764	14.48256
0.05	-2.25	9.61724	11.33999	12.43315	12.93647	13.01619	12.8395
0.05	-2.2	9.00417	10.42955	11.26603	11.59099	11.57698	11.36991
0.05	-2.15	8.39859	9.55777	10.17586	10.3595	10.27999	10.05869
0.05	-2.1	7.80384	8.72713	9.16222	9.23703	9.11511	8.89132
0.05	-2.05	7.22304	7.93967	8.22414	8.21818	8.07227	7.85401
0.05	-2.	6.65903	7.19693	7.36008	7.29724	7.14159	6.9338
0.05	-1.95	6.11429	6.49994	6.56795	6.46818	6.3133	6.11846
0.05	-1.9	5.59138	5.84933	5.84524	5.72483	5.57807	5.39671
0.05	-1.85	5.09265	5.24508	5.18901	5.0609	4.92685	4.75808
0.05	-1.8	4.61939	4.6868	4.59605	4.47015	4.35111	4.19305
0.05	-1.75	4.17268	4.17369	4.06285	3.9463	3.84274	3.69293
0.05	-1.7	3.75323	3.70469	3.58575	3.48327	3.39424	3.24997
0.05	-1.65	3.36138	3.27842	3.16089	3.07511	2.99861	2.85718
0.05	-1.6	2.99765	2.89331	2.78434	2.71614	2.64945	2.50843
0.05	-1.55	2.66244	2.54739	2.45209	2.40092	2.34097	2.19831
0.05	-1.5	2.3553	2.23849	2.16015	2.12434	2.06793	1.92214
0.05	-1.45	2.07564	1.96431	1.90461	1.88167	1.82572	1.67587
0.05	-1.4	1.82256	1.72241	1.68164	1.6685	1.61023	1.45603
0.05	-1.35	1.59509	1.51033	1.48758	1.48086	1.41794	1.25969
0.05	-1.3	1.39224	1.32552	1.31888	1.31514	1.2458	1.08434
0.05	-1.25	1.21282	1.16539	1.17224	1.16816	1.09126	0.92791
0.05	-1.2	1.05529	1.02737	1.04457	1.03713	0.95215	0.78862
0.05	-1.15	0.91822	0.90892	0.93304	0.91964	0.82672	0.66496
0.05	-1.1	0.80007	0.80759	0.83507	0.81368	0.71354	0.55565
0.05	-1.05	0.69914	0.72099	0.74837	0.71758	0.61146	0.45956
0.05	-1.	0.61373	0.64689	0.67096	0.62999	0.51957	0.37569
0.05	-0.95	0.54204	0.58319	0.60113	0.54986	0.43714	0.3031
0.05	-0.9	0.48228	0.528	0.53746	0.4764	0.36358	0.24091
0.05	-0.85	0.43277	0.47959	0.47879	0.40905	0.29842	0.18827
0.05	-0.8	0.39189	0.43646	0.42425	0.34741	0.2412	0.14434
0.05	-0.75	0.35814	0.39731	0.37319	0.29125	0.19154	0.10827
0.05	-0.7	0.33	0.36102	0.32518	0.24044	0.14903	0.0792
0.05	-0.65	0.30603	0.32674	0.27999	0.1949	0.11323	0.05628
0.05	-0.6	0.2851	0.29381	0.23754	0.15461	0.08366	0.03868
0.05	-0.55	0.26621	0.26175	0.19789	0.11951	0.05982	0.02555
0.05	-0.5	0.24852	0.23028	0.1612	0.08955	0.04113	0.0161
0.05	-0.45	0.23127	0.19925	0.12771	0.0646	0.02696	0.00958
0.05	-0.4	0.21378	0.16868	0.0977	0.04446	0.01666	0.00532
0.05	-0.35	0.19543	0.13875	0.07147	0.02882	0.00956	0.0027
0.05	-0.3	0.17573	0.10981	0.04929	0.01727	0.00498	0.00122
0.05	-0.25	0.15419	0.08236	0.03135	0.00931	0.00228	0.00048
0.05	-0.2	0.13029	0.0571	0.01774	0.00431	0.00086	0.00015
0.05	-0.15	0.1034	0.03492	0.00837	0.00157	0.00025	0.00003
0.05	-0.1	0.07285	0.01703	0.00285	0.00038	0.00004	0.00000
0.05	-0.05	0.03834	0.00488	0.00046	0.00004	0.00000	0.00000
0.05	0.00	0.00177	0.00003	0.00000	0.00000	0.00000	0.00000
0.03	-8.9	0.00916	0.09901	0.66246	3.40869	14.67756	55.13388
0.03	-8.85	0.01025	0.10873	0.71796	3.6561	15.60541	58.15939
0.03	-8.8	0.01146	0.11935	0.77775	3.91962	16.58403	61.32088
0.03	-8.75	0.01281	0.13096	0.84212	4.20012	17.61556	64.62226
0.03	-8.7	0.01432	0.14363	0.91139	4.49853	18.70219	68.06736
0.03	-8.65	0.016	0.15747	0.98587	4.8158	19.84615	71.65998
0.03	-8.6	0.01788	0.17255	1.06591	5.1529	21.0497	75.40378
0.03	-8.55	0.01997	0.189	1.15186	5.51086	22.31513	79.30235
0.03	-8.5	0.0223	0.20691	1.24412	5.89072	23.64476	83.35912
0.03	-8.45	0.02489	0.22641	1.34306	6.29358	25.04093	87.5774
0.03	-8.4	0.02778	0.24762	1.44911	6.72054	26.50599	91.96031
0.03	-8.35	0.03099	0.27068	1.5627	7.17277	28.04232	96.51076
0.03	-8.3	0.03456	0.29572	1.68428	7.65145	29.65227	101.23146
0.03	-8.25	0.03852	0.3229	1.81431	8.15778	31.33821	106.12484
0.03	-8.2	0.04292	0.35238	1.9533	8.69303	33.10249	111.19308
0.03	-8.15	0.0478	0.38432	2.10175	9.25846	34.94743	116.43802
0.03	-8.1	0.05321	0.41891	2.26018	9.85538	36.87533	121.8612
0.03	-8.05	0.05921	0.45633	2.42916	10.48511	38.88845	127.46374
0.03	-8.	0.06584	0.49677	2.60925	11.14902	40.98896	133.24638
0.03	-7.95	0.07318	0.54045	2.80104	11.84849	43.179	139.20941
0.03	-7.9	0.08128	0.58757	3.00515	12.58491	45.46063	145.35264
0.03	-7.85	0.09022	0.63837	3.2222	13.3597	47.83578	151.67537
0.03	-7.8	0.10008	0.69307	3.45286	14.1743	50.30631	158.17635
0.03	-7.75	0.11093	0.75192	3.69778	15.03015	52.87391	164.85373
0.03	-7.7	0.12286	0.81517	3.95768	15.92872	55.54015	171.70503
0.03	-7.65	0.13597	0.88309	4.23326	16.87145	58.30644	178.72711
0.03	-7.6	0.15033	0.95594	4.52527	17.85981	61.17396	185.91611
0.03	-7.55	0.16607	1.03401	4.83448	18.89526	64.14373	193.26746
0.03	-7.5	0.18327	1.11759	5.16166	19.97923	67.2165	200.77576
0.03	-7.45	0.20204	1.20698	5.50762	21.11315	70.39277	208.43483
0.03	-7.4	0.2225	1.30249	5.87321	22.2984	73.67278	216.23765
0.03	-7.35	0.24474	1.40443	6.25927	23.53635	77.05642	224.17627
0.03	-7.3	0.26889	1.51316	6.66669	24.82831	80.54327	232.2419
0.03	-7.25	0.29504	1.62901	7.09637	26.17551	84.13252	240.42475
0.03	-7.2	0.32333	1.75235	7.54925	27.57915	87.82298	248.71411
0.03	-7.15	0.35385	1.88355	8.02627	29.04032	91.61304	257.09834
0.03	-7.1	0.38671	2.02303	8.52841	30.55999	95.5006	265.56474
0.03	-7.05	0.42203	2.17119	9.05665	32.13905	99.48313	274.09971
0.03	-7.	0.4599	2.32849	9.612	33.77821	103.55754	282.6886
0.03	-6.95	0.50045	2.4954	10.19548	35.47805	107.72022	291.31581
0.03	-6.9	0.54378	2.67242	10.8081	37.23896	111.96702	299.96484
0.03	-6.85	0.59001	2.8601	11.45089	39.06113	116.29317	308.61813
0.03	-6.8	0.63928	3.05901	12.12484	40.94452	120.69333	317.25738
0.03	-6.75	0.69171	3.26975	12.83094	42.88884	125.16153	325.86327
0.03	-6.7	0.74746	3.49299	13.57013	44.89354	129.69116	334.41574
0.03	-6.65	0.80673	3.7294	14.34331	46.95776	134.275	342.89403
0.03	-6.6	0.86972	3.97972	15.15132	49.08034	138.90516	351.27654
0.03	-6.55	0.93666	4.24469	15.99492	51.25974	143.57312	359.54113
0.03	-6.5	1.00783	4.52512	16.87476	53.49412	148.26976	367.66519
0.03	-6.45	1.08352	4.82181	17.79138	55.78121	152.9853	375.62546
0.03	-6.4	1.16413	5.1356	18.74519	58.11837	157.70941	383.39855
0.03	-6.35	1.25008	5.46733	19.73645	60.50256	162.43115	390.96058
0.03	-6.3	1.3418	5.81782	20.76523	62.9303	167.13905	398.28761
0.03	-6.25	1.43981	6.1879	21.83141	65.39772	171.82117	405.35576
0.03	-6.2	1.54465	6.57835	22.93466	67.9005	176.46504	412.14095
0.03	-6.15	1.65692	6.98993	24.07442	70.43392	181.05786	418.61958
0.03	-6.1	1.77727	7.4233	25.24989	72.99284	185.5864	424.76807
0.03	-6.05	1.90639	7.87908	26.46001	75.5717	190.03715	430.56338
0.03	-6.	2.04495	8.35778	27.70345	78.16459	194.39639	435.9831
0.03	-5.95	2.19367	8.8598	28.9786	80.7652	198.65013	441.0052
0.03	-5.9	2.35326	9.3854	30.28359	83.36688	202.78437	445.60876
0.03	-5.85	2.52448	9.93473	31.61623	85.96268	206.78497	449.77343
0.03	-5.8	2.708	10.50774	32.97409	88.54534	210.63785	453.47996
0.03	-5.75	2.90444	11.10424	34.35445	91.10737	214.32906	456.71039
0.03	-5.7	3.11439	11.72387	35.75431	93.64103	217.84472	459.44765
0.03	-5.65	3.33839	12.36605	37.17045	96.13843	221.17122	461.67611
0.03	-5.6	3.57689	13.03006	38.59939	98.59153	224.2953	463.38176
0.03	-5.55	3.83025	13.71495	40.03743	100.99215	227.20394	464.55164
0.03	-5.5	4.09872	14.41959	41.48067	103.3321	229.88471	465.17487
0.03	-5.45	4.38237	15.14268	42.92504	105.60312	232.32551	465.2418
0.03	-5.4	4.68116	15.88273	44.36631	107.79697	234.5149	464.74476
0.03	-5.35	4.99492	16.63813	45.80011	109.90548	236.442	463.67777
0.03	-5.3	5.32342	17.40709	47.22194	111.92057	238.09671	462.03699
0.03	-5.25	5.66628	18.18768	48.62723	113.83423	239.4695	459.82008
0.03	-5.2	6.02295	18.97787	50.01131	115.63867	240.55172	457.02688
0.03	-5.15	6.39282	19.77548	51.36948	117.32629	241.33565	453.65949
0.03	-5.1	6.7752	20.57828	52.697	118.88966	241.81422	449.72151
0.03	-5.05	7.1693	21.38389	53.98911	120.32172	241.98159	445.21927
0.03	-5.	7.57418	22.18989	55.24105	121.61562	241.83266	440.16061
0.03	-4.95	7.9888	22.99377	56.44809	122.76485	241.36345	434.55571
0.03	-4.9	8.41216	23.79303	57.60557	123.76334	240.57116	428.41713
0.03	-4.85	8.8433	24.58503	58.70883	124.6053	239.45385	421.75893
0.03	-4.8	9.28106	25.3671	59.75333	125.28551	238.01102	414.59791
0.03	-4.75	9.72426	26.13655	60.73464	125.79906	236.24307	406.95232
0.03	-4.7	10.17153	26.89063	61.64843	126.14162	234.1517	398.84268
0.03	-4.65	10.62149	27.62663	62.49054	126.30939	231.73998	390.29172
0.03	-4.6	11.07282	28.34181	63.25695	126.29901	229.01191	381.32343
0.03	-4.55	11.52412	29.03346	63.94383	126.10782	225.9731	371.96435
0.03	-4.5	11.97373	29.69888	64.54754	125.7336	222.63013	362.24208
0.03	-4.45	12.41998	30.33547	65.06464	125.17481	218.99098	352.18611
0.03	-4.4	12.8612	30.94071	65.49195	124.43061	215.06507	341.82774
0.03	-4.35	13.29573	31.5122	65.82643	123.50068	210.86282	331.19906
0.03	-4.3	13.72212	32.04762	66.0653	122.38544	206.39606	320.33363
0.03	-4.25	14.13922	32.5447	66.20602	121.08609	201.67804	309.26642
0.03	-4.2	14.54556	33.00119	66.24623	119.60444	196.72289	298.03254
0.03	-4.15	14.93981	33.41493	66.1839	117.94322	191.54638	286.66861
0.03	-4.1	15.32076	33.7838	66.01722	116.10583	186.16503	275.21101
0.03	-4.05	15.68714	34.10571	65.74468	114.09654	180.59667	263.69666
0.03	-4.	16.03789	34.37867	65.36514	111.92057	174.86027	252.16286
0.03	-3.95	16.3722	34.60059	64.87777	109.58387	168.97546	240.64602
0.03	-3.9	16.68882	34.76942	64.28215	107.09336	162.9629	229.18256
0.03	-3.85	16.98651	34.88316	63.57832	104.45684	156.84387	217.80793
0.03	-3.8	17.264	34.93987	62.76685	101.68307	150.64046	206.55706
0.03	-3.75	17.51992	34.93769	61.84874	98.78152	144.37483	195.46294
0.03	-3.7	17.753	34.87489	60.82569	95.76271	138.06986	184.55791
0.03	-3.65	17.96178	34.74979	59.69991	92.63776	131.74811	173.87188
0.03	-3.6	18.14431	34.56099	58.47433	89.4187	125.43248	163.43348
0.03	-3.55	18.29881	34.30734	57.15254	86.11815	119.14539	153.26892
0.03	-3.5	18.42351	33.98802	55.73882	82.74936	112.90897	143.40228
0.03	-3.45	18.51647	33.60251	54.23811	79.32598	106.74457	133.85498
0.03	-3.4	18.57602	33.15073	52.65607	75.86212	100.67286	124.64606
0.03	-3.35	18.60067	32.63294	50.99904	72.3722	94.71369	115.79214
0.03	-3.3	18.58833	32.04988	49.27397	68.8706	88.88543	107.30658
0.03	-3.25	18.53722	31.40286	47.48848	65.37191	83.20554	99.2006
0.03	-3.2	18.44572	30.69377	45.65067	61.8903	77.68968	91.48206
0.03	-3.15	18.31233	29.92512	43.76916	58.4399	72.35227	84.15662
0.03	-3.1	18.1363	29.10004	41.85291	55.03422	67.20593	77.22696
0.03	-3.05	17.91757	28.22209	39.91115	51.6863	62.2616	70.69333
0.03	-3.	17.65578	27.29535	37.9533	48.40837	57.52834	64.55333
0.03	-2.95	17.35109	26.32443	35.98888	45.21189	53.01345	58.80236
0.03	-2.9	17.00388	25.31444	34.02743	42.10747	48.72256	53.43382
0.03	-2.85	16.61479	24.27096	32.07825	39.10448	44.6592	48.43875
0.03	-2.8	16.18589	23.20005	30.15047	36.21141	40.82547	43.80683
0.03	-2.75	15.72006	22.10775	28.25273	33.43536	37.22144	39.52576
0.03	-2.7	15.21919	21.00035	26.39331	30.78244	33.8459	35.58227
0.03	-2.65	14.68586	19.88432	24.57985	28.25734	30.69582	31.96158
0.03	-2.6	14.12348	18.76625	22.81942	25.86369	27.76707	28.64833
0.03	-2.55	13.53582	17.65259	21.11825	23.60374	25.05402	25.62617
0.03	-2.5	12.92739	16.54962	19.4818	21.47866	22.55003	22.87838
0.03	-2.45	12.30333	15.46321	17.91475	19.48857	20.24755	20.38803
0.03	-2.4	11.66788	14.3987	16.42084	17.6324	18.13802	18.13785
0.03	-2.35	11.02519	13.36115	15.00314	15.90827	16.21241	16.11087
0.03	-2.3	10.37954	12.35515	13.66377	14.31326	14.46095	14.29012
0.03	-2.25	9.73511	11.38481	12.40413	12.8438	12.87364	12.65916
0.03	-2.2	9.09644	10.45374	11.22477	11.49553	11.44012	11.20197
0.03	-2.15	8.46819	9.56477	10.12554	10.26356	10.14997	9.90313
0.03	-2.1	7.85362	8.72011	9.10563	9.14246	8.99265	8.74788
0.03	-2.05	7.25584	7.92146	8.16362	8.12643	7.9578	7.72228
0.03	-2.	6.67747	7.17005	7.29763	7.2094	7.03526	6.81322
0.03	-1.95	6.12054	6.46662	6.50522	6.385	6.21507	6.00838
0.03	-1.9	5.58736	5.81156	5.78355	5.64681	5.48772	5.29645
0.03	-1.85	5.08043	5.20461	5.12939	4.9883	4.84404	4.66693
0.03	-1.8	4.601	4.64509	4.53925	4.40303	4.27542	4.11033
0.03	-1.75	4.1498	4.13193	4.00938	3.88457	3.77371	3.61797
0.03	-1.7	3.72727	3.6638	3.53593	3.42675	3.33137	3.18213
0.03	-1.65	3.3336	3.23914	3.11487	3.02352	2.94139	2.79587
0.03	-1.6	2.96916	2.85615	2.74213	2.66914	2.59742	2.45311
0.03	-1.55	2.63403	2.5127	2.41358	2.35813	2.29366	2.14849
0.03	-1.5	2.32758	2.20647	2.12517	2.0854	2.02493	1.87738
0.03	-1.45	2.04906	1.93507	1.87292	1.8462	1.78664	1.63577
0.03	-1.4	1.7976	1.69597	1.65296	1.63616	1.57475	1.42024
0.03	-1.35	1.57215	1.48658	1.46159	1.45131	1.38576	1.22787
0.03	-1.3	1.37146	1.30426	1.29528	1.2881	1.21667	1.05622
0.03	-1.25	1.19415	1.14641	1.15073	1.14338	1.06496	0.90319
0.03	-1.2	1.03879	1.01042	1.02487	1.0144	0.92849	0.76705
0.03	-1.15	0.90385	0.89372	0.9149	0.89881	0.80555	0.64629
0.03	-1.1	0.78763	0.79384	0.81828	0.79461	0.69471	0.53965
0.03	-1.05	0.68835	0.70844	0.73278	0.70016	0.59483	0.44598
0.03	-1.	0.60432	0.6353	0.65644	0.61415	0.50502	0.36431
0.03	-0.95	0.53371	0.57238	0.58759	0.53555	0.42453	0.29368
0.03	-0.9	0.47477	0.51781	0.52485	0.46357	0.35279	0.23324
0.03	-0.85	0.42592	0.46993	0.46709	0.39764	0.2893	0.18213
0.03	-0.8	0.38554	0.42725	0.41345	0.33739	0.23363	0.13952
0.03	-0.75	0.35209	0.38849	0.36328	0.28257	0.18536	0.10456
0.03	-0.7	0.32413	0.3526	0.31619	0.23303	0.14408	0.07642
0.03	-0.65	0.30027	0.31871	0.27192	0.18869	0.10936	0.05426
0.03	-0.6	0.27941	0.28621	0.23041	0.14952	0.08073	0.03725
0.03	-0.55	0.26054	0.25462	0.1917	0.11545	0.05767	0.02458
0.03	-0.5	0.24284	0.22367	0.15596	0.08641	0.0396	0.01548
0.03	-0.45	0.22558	0.19322	0.12339	0.06226	0.02593	0.00921
0.03	-0.4	0.20811	0.16331	0.09427	0.04279	0.01601	0.0051
0.03	-0.35	0.18988	0.13411	0.06886	0.0277	0.00918	0.00259
0.03	-0.3	0.17038	0.10595	0.04741	0.01658	0.00477	0.00117
0.03	-0.25	0.14915	0.07931	0.03011	0.00892	0.00218	0.00045
0.03	-0.2	0.1257	0.05486	0.01701	0.00412	0.00082	0.00014
0.03	-0.15	0.09947	0.03348	0.008	0.0015	0.00023	0.00003
0.03	-0.1	0.06986	0.01628	0.00272	0.00036	0.00004	0.00000
0.03	-0.05	0.03657	0.00465	0.00044	0.00003	0.00000	0.00000
0.03	0.00	0.00167	0.00003	0.00000	0.00000	0.00000	0.00000
0.01	-8.9	0.03519	0.31531	1.84409	8.53738	33.65238	116.91121
0.01	-8.85	0.03927	0.34471	1.98858	9.11106	35.60177	122.70782
0.01	-8.8	0.0438	0.37666	2.14322	9.71818	37.64463	128.72322
0.01	-8.75	0.04883	0.41133	2.30859	10.36027	39.78399	134.96081
0.01	-8.7	0.05442	0.44894	2.48532	11.03892	42.02288	141.42372
0.01	-8.65	0.06063	0.48971	2.67404	11.7557	44.36429	148.11467
0.01	-8.6	0.06751	0.53385	2.87542	12.51228	46.81119	155.03601
0.01	-8.55	0.07514	0.58161	3.09016	13.31031	49.36652	162.18963
0.01	-8.5	0.08358	0.63324	3.31896	14.1515	52.03314	169.57696
0.01	-8.45	0.09293	0.68901	3.56257	15.03759	54.81386	177.1989
0.01	-8.4	0.10325	0.74917	3.82174	15.97034	57.71137	185.05575
0.01	-8.35	0.11466	0.81403	4.09726	16.95154	60.72829	193.14726
0.01	-8.3	0.12724	0.88388	4.38996	17.983	63.86711	201.47246
0.01	-8.25	0.14111	0.95903	4.70065	19.06654	67.13016	210.0297
0.01	-8.2	0.15636	1.03979	5.03022	20.20402	70.51962	218.81655
0.01	-8.15	0.17313	1.12651	5.37953	21.39728	74.03747	227.82978
0.01	-8.1	0.19153	1.21951	5.74952	22.64819	77.68549	237.06532
0.01	-8.05	0.21171	1.31916	6.1411	23.9586	81.46522	246.51817
0.01	-8.	0.23378	1.42581	6.55526	25.33038	85.3779	256.18237
0.01	-7.95	0.25789	1.53984	6.99299	26.76536	89.42452	266.05097
0.01	-7.9	0.28419	1.66164	7.45531	28.26535	93.60569	276.11595
0.01	-7.85	0.31282	1.79159	7.94328	29.83215	97.92169	286.36824
0.01	-7.8	0.34394	1.9301	8.45797	31.46749	102.37239	296.79757
0.01	-7.75	0.37769	2.0776	9.0005	33.17305	106.9572	307.39257
0.01	-7.7	0.41422	2.23451	9.57202	34.95046	111.6751	318.14061
0.01	-7.65	0.45367	2.40129	10.17371	36.80122	116.5245	329.02787
0.01	-7.6	0.49618	2.5784	10.80677	38.72676	121.5033	340.03926
0.01	-7.55	0.54191	2.76635	11.47244	40.72838	126.6088	351.15849
0.01	-7.5	0.591	2.96565	12.17199	42.8072	131.83764	362.36793
0.01	-7.45	0.64357	3.17685	12.90671	44.9642	137.18583	373.64872
0.01	-7.4	0.69975	3.40052	13.6779	47.20015	142.64865	384.98084
0.01	-7.35	0.75969	3.63729	14.48689	49.51558	148.22065	396.34289
0.01	-7.3	0.8235	3.88783	15.335	51.91077	153.89561	407.71249
0.01	-7.25	0.89137	4.15284	16.22355	54.3857	159.6665	419.06595
0.01	-7.2	0.96342	4.43308	17.15384	56.94005	165.52548	430.37858
0.01	-7.15	1.03985	4.72935	18.12715	59.57311	171.4639	441.62479
0.01	-7.1	1.12083	5.04253	19.1447	62.2838	177.47221	452.77787
0.01	-7.05	1.20658	5.37354	20.20762	65.07061	183.54007	463.81053
0.01	-7.	1.29737	5.72335	21.31698	67.93157	189.65625	474.69456
0.01	-6.95	1.39355	6.09299	22.47373	70.86423	195.80868	485.40125
0.01	-6.9	1.49545	6.48351	23.67865	73.86562	201.98455	495.90153
0.01	-6.85	1.60344	6.89601	24.9324	76.93222	208.17015	506.1658
0.01	-6.8	1.71803	7.33165	26.2354	80.05996	214.35116	516.16454
0.01	-6.75	1.83978	7.79155	27.58786	83.24418	220.51246	525.868
0.01	-6.7	1.96925	8.27686	28.98975	86.47963	226.63834	535.24665
0.01	-6.65	2.10715	8.78872	30.44072	89.76046	232.71256	544.27145
0.01	-6.6	2.2542	9.32821	31.94015	93.08023	238.71831	552.91356
0.01	-6.55	2.41119	9.89638	33.48703	96.43189	244.63845	561.14494
0.01	-6.5	2.57897	10.49419	35.08003	99.80782	250.45556	568.93851
0.01	-6.45	2.75846	11.12252	36.71738	103.19985	256.15191	576.26785
0.01	-6.4	2.95065	11.78211	38.39694	106.59928	261.70982	583.10809
0.01	-6.35	3.15656	12.47355	40.1161	109.99692	267.1115	589.43527
0.01	-6.3	3.3772	13.19724	41.87185	113.38315	272.33937	595.22703
0.01	-6.25	3.61362	13.9534	43.6607	116.74799	277.37615	600.46279
0.01	-6.2	3.86696	14.74199	45.47871	120.08108	282.20481	605.12316
0.01	-6.15	4.13834	15.56269	47.32152	123.37189	286.80896	609.19111
0.01	-6.1	4.42868	16.41489	49.18432	126.60966	291.17268	612.65096
0.01	-6.05	4.73886	17.29768	51.06192	129.78356	295.28081	615.48917
0.01	-6.	5.06971	18.20984	52.94875	132.88279	299.11911	617.69442
0.01	-5.95	5.42208	19.14979	54.83888	135.89658	302.67402	619.25686
0.01	-5.9	5.79656	20.11556	56.7261	138.81439	305.9332	620.16932
0.01	-5.85	6.19351	21.10483	58.60397	141.62588	308.88515	620.42606
0.01	-5.8	6.61307	22.11494	60.46584	144.3211	311.51956	620.02362
0.01	-5.75	7.05517	23.14288	62.30498	146.89054	313.82738	618.9608
0.01	-5.7	7.5195	24.18532	64.11459	149.32513	315.80049	617.23779
0.01	-5.65	8.0055	25.23864	65.88789	151.6164	317.43209	614.85692
0.01	-5.6	8.51225	26.29893	67.6182	153.75654	318.71667	611.82271
0.01	-5.55	9.03852	27.36208	69.29899	155.73832	319.64959	608.14068
0.01	-5.5	9.58274	28.4238	70.92401	157.55531	320.2277	603.81893
0.01	-5.45	10.14306	29.47972	72.48724	159.2017	320.44867	598.8664
0.01	-5.4	10.71741	30.5254	73.98307	160.67246	320.31139	593.29405
0.01	-5.35	11.3034	31.55638	75.40625	161.96327	319.8157	587.11409
0.01	-5.3	11.89834	32.56831	76.75202	163.07059	318.96257	580.34064
0.01	-5.25	12.49924	33.55698	78.01605	163.99144	317.75361	572.98848
0.01	-5.2	13.10324	34.51841	79.19451	164.72355	316.19142	565.07407
0.01	-5.15	13.70751	35.44881	80.28408	165.26534	314.27957	556.61552
0.01	-5.1	14.30889	36.34468	81.28189	165.61563	312.02204	547.63133
0.01	-5.05	14.90424	37.20283	82.1856	165.77393	309.42393	538.14218
0.01	-5.	15.49043	38.0205	82.99325	165.74006	306.49067	528.16909
0.01	-4.95	16.06438	38.79533	83.70335	165.51432	303.2285	517.73461
0.01	-4.9	16.6237	39.52538	84.31473	165.09744	299.64449	506.86282
0.01	-4.85	17.16664	40.20894	84.8265	164.49033	295.74595	495.57803
0.01	-4.8	17.69097	40.84463	85.23811	163.69441	291.5413	483.90671
0.01	-4.75	18.19479	41.43136	85.54918	162.71117	287.03917	471.87548
0.01	-4.7	18.67641	41.9684	85.75955	161.54247	282.24905	459.51244
0.01	-4.65	19.13444	42.45528	85.8692	160.19047	277.1813	446.8471
0.01	-4.6	19.56834	42.89175	85.87816	158.65742	271.84651	433.90902
0.01	-4.55	19.97811	43.27759	85.78657	156.94604	266.25653	420.72976
0.01	-4.5	20.36311	43.6126	85.59458	155.05915	260.42348	407.34081
0.01	-4.45	20.72294	43.89669	85.30243	152.99995	254.36044	393.77485
0.01	-4.4	21.05729	44.12989	84.91043	150.77206	248.08148	380.06565
0.01	-4.35	21.36603	44.31224	84.41885	148.37928	241.60103	366.24676
0.01	-4.3	21.64963	44.4438	83.828	145.82589	234.93452	352.3526
0.01	-4.25	21.90883	44.52446	83.13829	143.11673	228.09837	338.4183
0.01	-4.2	22.14362	44.55396	82.35013	140.25686	221.10929	324.47827
0.01	-4.15	22.35405	44.53208	81.46413	137.25216	213.98529	310.56796
0.01	-4.1	22.54017	44.4585	80.48097	134.10877	206.74456	296.72175
0.01	-4.05	22.7019	44.33289	79.40149	130.83353	199.40619	282.97407
0.01	-4.	22.83954	44.1549	78.22683	127.43399	191.99002	269.35915
0.01	-3.95	22.95342	43.92395	76.95821	123.91812	184.51602	255.90976
0.01	-3.9	23.0432	43.63947	75.59726	120.29463	177.00483	242.6582
0.01	-3.85	23.1085	43.30088	74.14589	116.57283	169.47725	229.63535
0.01	-3.8	23.1489	42.90764	72.60646	112.76278	161.95455	216.87123
0.01	-3.75	23.16369	42.45924	70.98163	108.8749	154.4576	204.39347
0.01	-3.7	23.15228	41.95534	69.27464	104.92045	147.0077	192.22886
0.01	-3.65	23.11426	41.3956	67.48903	100.91096	139.62544	180.40135
0.01	-3.6	23.04871	40.77986	65.629	96.85868	132.33145	168.9336
0.01	-3.55	22.95462	40.10813	63.69919	92.77613	125.14561	157.84554
0.01	-3.5	22.83084	39.38074	61.70484	88.67621	118.08721	147.15498
0.01	-3.45	22.67622	38.59827	59.65162	84.57198	111.17453	136.87693
0.01	-3.4	22.48989	37.76168	57.54578	80.4767	104.42497	127.02406
0.01	-3.35	22.2711	36.87225	55.3941	76.40375	97.85499	117.60671
0.01	-3.3	22.01873	35.9316	53.20372	72.36621	91.47935	108.63193
0.01	-3.25	21.73196	34.94182	50.98235	68.37721	85.3119	100.10487
0.01	-3.2	21.41	33.90544	48.73791	64.44929	79.36451	92.0274
0.01	-3.15	21.0521	32.8255	46.47879	60.59477	73.64789	84.39941
0.01	-3.1	20.6582	31.70553	44.21348	56.82526	68.17085	77.21806
0.01	-3.05	20.22879	30.54945	41.95066	53.15175	62.9406	70.47829
0.01	-3.	19.76403	29.36151	39.699	49.58434	57.96249	64.17264
0.01	-2.95	19.2645	28.14646	37.46719	46.1323	53.24022	58.29179
0.01	-2.9	18.73118	26.90945	35.2638	42.80399	48.7759	52.82469
0.01	-2.85	18.16527	25.65594	33.09703	39.60652	44.56968	47.75822
0.01	-2.8	17.56906	24.39174	30.97485	36.54612	40.62041	43.07824
0.01	-2.75	16.94558	23.1226	28.90463	33.62764	36.92508	38.76892
0.01	-2.7	16.29735	21.85438	26.89337	30.855	33.47956	34.81378
0.01	-2.65	15.62719	20.59292	24.94733	28.23071	30.27809	31.19514
0.01	-2.6	14.93821	19.34416	23.07224	25.75635	27.31398	27.89501
0.01	-2.55	14.2337	18.11386	21.27295	23.43218	24.57924	24.89474
0.01	-2.5	13.51816	16.90767	19.55358	21.25745	22.06506	22.17556
0.01	-2.45	12.79681	15.73065	17.91744	19.23048	19.76192	19.71872
0.01	-2.4	12.07349	14.58733	16.36696	17.34852	17.65948	17.50544
0.01	-2.35	11.35196	13.48195	14.90394	15.60808	15.7471	15.51743
0.01	-2.3	10.63604	12.41824	13.52924	14.0048	14.01358	13.73662
0.01	-2.25	9.92944	11.39953	12.24311	12.53375	12.44769	12.14567
0.01	-2.2	9.2363	10.42859	11.04496	11.18934	11.03798	10.72783
0.01	-2.15	8.56099	9.50746	9.93359	9.96558	9.7731	9.46713
0.01	-2.1	7.90624	8.6375	8.90719	8.85604	8.64174	8.34839
0.01	-2.05	7.27443	7.81965	7.96344	7.85404	7.6329	7.35735
0.01	-2.	6.66756	7.05444	7.0996	6.95275	6.7359	6.48073
0.01	-1.95	6.08739	6.34195	6.31247	6.14512	5.94038	5.70612
0.01	-1.9	5.53598	5.68188	5.5985	5.42418	5.23653	5.02216
0.01	-1.85	5.01514	5.0733	4.95382	4.78293	4.61497	4.41841
0.01	-1.8	4.52544	4.51497	4.37441	4.21455	4.06697	3.88545
0.01	-1.75	4.06722	4.00529	3.85604	3.71233	3.58432	3.41472
0.01	-1.7	3.64059	3.54248	3.39442	3.26985	3.15946	2.99864
0.01	-1.65	3.24537	3.12451	2.98516	2.88093	2.78545	2.63043
0.01	-1.6	2.88146	2.74917	2.62392	2.53973	2.45601	2.30416
0.01	-1.55	2.54877	2.41396	2.30633	2.24075	2.16543	2.01463
0.01	-1.5	2.24638	2.1162	2.02815	1.9789	1.90866	1.75734
0.01	-1.45	1.97297	1.85318	1.78532	1.74948	1.68125	1.52843
0.01	-1.4	1.72719	1.62215	1.57389	1.5482	1.47927	1.32458
0.01	-1.35	1.50769	1.42039	1.39015	1.37118	1.29936	1.14298
0.01	-1.3	1.31311	1.24517	1.23059	1.21498	1.13862	0.98125
0.01	-1.25	1.1421	1.09375	1.09194	1.07657	0.99463	0.8374
0.01	-1.2	0.9929	0.96342	0.97121	0.9533	0.86536	0.70969
0.01	-1.15	0.86366	0.85163	0.86568	0.84293	0.74913	0.5967
0.01	-1.1	0.75257	0.75592	0.77292	0.74356	0.64459	0.49716
0.01	-1.05	0.6578	0.674	0.6908	0.65365	0.55064	0.40997
0.01	-1.	0.57766	0.60372	0.61747	0.57194	0.46637	0.33414
0.01	-0.95	0.51039	0.54311	0.55136	0.49745	0.39109	0.26875
0.01	-0.9	0.45417	0.49039	0.49117	0.42943	0.32419	0.21295
0.01	-0.85	0.40732	0.44399	0.43586	0.36734	0.26517	0.1659
0.01	-0.8	0.36833	0.40255	0.38464	0.3108	0.21358	0.12677
0.01	-0.75	0.33582	0.3649	0.3369	0.25954	0.169	0.09478
0.01	-0.7	0.30842	0.33004	0.29226	0.2134	0.13101	0.0691
0.01	-0.65	0.28481	0.29723	0.2505	0.17227	0.09916	0.04893
0.01	-0.6	0.264	0.26589	0.21152	0.13608	0.07299	0.0335
0.01	-0.55	0.24514	0.2356	0.17536	0.10473	0.05198	0.02204
0.01	-0.5	0.22747	0.20611	0.14214	0.07812	0.03558	0.01384
0.01	-0.45	0.2103	0.17729	0.11202	0.05609	0.02322	0.0082
0.01	-0.4	0.19302	0.14916	0.08523	0.0384	0.01428	0.00453
0.01	-0.35	0.17512	0.1219	0.06198	0.02476	0.00815	0.00229
0.01	-0.3	0.15623	0.09581	0.04247	0.01475	0.00422	0.00103
0.01	-0.25	0.13594	0.07132	0.02682	0.00789	0.00192	0.0004
0.01	-0.2	0.1138	0.04901	0.01505	0.00362	0.00072	0.00012
0.01	-0.15	0.0893	0.02965	0.00702	0.00131	0.0002	0.00003
0.01	-0.1	0.06197	0.01424	0.00236	0.00031	0.00003	0.00000
0.01	-0.05	0.03177	0.00399	0.00037	0.00003	0.00000	0.00000
0.01	0.00	0.00138	0.00003	0.00000	0.00000	0.00000	0.00000
