EpsF	Log[10,x]	n=1	n=2	n=3	n=4	n=5	n=6
0.5	-8.9	0.00000	0.00000	0.00002	0.00023	0.00189	0.01268
0.5	-8.85	0.00000	0.00000	0.00002	0.00025	0.00206	0.01375
0.5	-8.8	0.00000	0.00000	0.00003	0.00027	0.00225	0.0149
0.5	-8.75	0.00000	0.00000	0.00003	0.0003	0.00245	0.01614
0.5	-8.7	0.00000	0.00000	0.00003	0.00033	0.00268	0.01749
0.5	-8.65	0.00000	0.00000	0.00003	0.00036	0.00292	0.01894
0.5	-8.6	0.00000	0.00000	0.00004	0.0004	0.00318	0.0205
0.5	-8.55	0.00000	0.00000	0.00004	0.00044	0.00347	0.02219
0.5	-8.5	0.00000	0.00000	0.00005	0.00048	0.00378	0.02402
0.5	-8.45	0.00000	0.00000	0.00005	0.00053	0.00412	0.02598
0.5	-8.4	0.00000	0.00000	0.00006	0.00058	0.00449	0.0281
0.5	-8.35	0.00000	0.00000	0.00006	0.00063	0.00488	0.03039
0.5	-8.3	0.00000	0.00000	0.00007	0.0007	0.00532	0.03285
0.5	-8.25	0.00000	0.00000	0.00008	0.00076	0.00579	0.0355
0.5	-8.2	0.00000	0.00000	0.00008	0.00084	0.0063	0.03836
0.5	-8.15	0.00000	0.00000	0.00009	0.00092	0.00686	0.04144
0.5	-8.1	0.00000	0.00000	0.0001	0.00101	0.00746	0.04475
0.5	-8.05	0.00000	0.00000	0.00011	0.0011	0.00811	0.04831
0.5	-8.	0.00000	0.00000	0.00013	0.00121	0.00882	0.05213
0.5	-7.95	0.00000	0.00000	0.00014	0.00132	0.00959	0.05625
0.5	-7.9	0.00000	0.00001	0.00015	0.00145	0.01042	0.06067
0.5	-7.85	0.00000	0.00001	0.00017	0.00159	0.01132	0.06542
0.5	-7.8	0.00000	0.00001	0.00019	0.00174	0.01229	0.07052
0.5	-7.75	0.00000	0.00002	0.00021	0.0019	0.01335	0.076
0.5	-7.7	0.00000	0.00002	0.00023	0.00208	0.0145	0.08187
0.5	-7.65	0.00000	0.00002	0.00025	0.00227	0.01573	0.08817
0.5	-7.6	0.00000	0.00002	0.00028	0.00249	0.01707	0.09493
0.5	-7.55	0.00000	0.00002	0.0003	0.00272	0.01852	0.10216
0.5	-7.5	0.00000	0.00003	0.00034	0.00297	0.02009	0.10992
0.5	-7.45	0.00000	0.00003	0.00037	0.00325	0.02178	0.11822
0.5	-7.4	0.00000	0.00003	0.00041	0.00355	0.0236	0.1271
0.5	-7.35	0.00000	0.00004	0.00045	0.00388	0.02558	0.13661
0.5	-7.3	0.00000	0.00004	0.00049	0.00424	0.02771	0.14677
0.5	-7.25	0.00000	0.00004	0.00054	0.00463	0.03001	0.15763
0.5	-7.2	0.00000	0.00005	0.0006	0.00506	0.03249	0.16924
0.5	-7.15	0.00000	0.00005	0.00066	0.00552	0.03516	0.18163
0.5	-7.1	0.00000	0.00006	0.00073	0.00602	0.03804	0.19486
0.5	-7.05	0.00000	0.00007	0.0008	0.00657	0.04115	0.20896
0.5	-7.	0.00000	0.00007	0.00088	0.00717	0.04449	0.224
0.5	-6.95	0.00000	0.00008	0.00097	0.00782	0.04809	0.24003
0.5	-6.9	0.00000	0.00009	0.00107	0.00852	0.05197	0.2571
0.5	-6.85	0.00000	0.0001	0.00117	0.00929	0.05613	0.27528
0.5	-6.8	0.00000	0.00011	0.00129	0.01012	0.06061	0.29461
0.5	-6.75	0.00000	0.00012	0.00142	0.01103	0.06543	0.31517
0.5	-6.7	0.00000	0.00014	0.00156	0.01201	0.0706	0.33701
0.5	-6.65	0.00000	0.00015	0.00172	0.01308	0.07615	0.36021
0.5	-6.6	0.00000	0.00017	0.00189	0.01423	0.08211	0.38484
0.5	-6.55	0.00000	0.00019	0.00207	0.01549	0.08851	0.41096
0.5	-6.5	0.00001	0.00021	0.00228	0.01684	0.09536	0.43865
0.5	-6.45	0.00001	0.00023	0.0025	0.01832	0.10271	0.46798
0.5	-6.4	0.00001	0.00026	0.00274	0.01991	0.11057	0.49903
0.5	-6.35	0.00001	0.00029	0.00301	0.02164	0.11899	0.53189
0.5	-6.3	0.00002	0.00032	0.00331	0.02351	0.128	0.56662
0.5	-6.25	0.00002	0.00035	0.00363	0.02553	0.13763	0.60331
0.5	-6.2	0.00002	0.00039	0.00398	0.02772	0.14793	0.64205
0.5	-6.15	0.00002	0.00043	0.00436	0.03009	0.15892	0.6829
0.5	-6.1	0.00003	0.00048	0.00479	0.03264	0.17066	0.72597
0.5	-6.05	0.00003	0.00053	0.00525	0.0354	0.18317	0.77133
0.5	-6.	0.00003	0.00059	0.00575	0.03838	0.19652	0.81906
0.5	-5.95	0.00004	0.00066	0.0063	0.04159	0.21073	0.86925
0.5	-5.9	0.00004	0.00073	0.0069	0.04506	0.22587	0.92197
0.5	-5.85	0.00005	0.0008	0.00755	0.04879	0.24197	0.97731
0.5	-5.8	0.00005	0.00089	0.00827	0.05282	0.25909	1.03534
0.5	-5.75	0.00006	0.00099	0.00905	0.05715	0.27728	1.09613
0.5	-5.7	0.00006	0.00109	0.0099	0.06181	0.29659	1.15976
0.5	-5.65	0.00007	0.00121	0.01082	0.06683	0.31707	1.22628
0.5	-5.6	0.00008	0.00134	0.01183	0.07222	0.33878	1.29577
0.5	-5.55	0.00009	0.00148	0.01293	0.07801	0.36178	1.36826
0.5	-5.5	0.0001	0.00164	0.01413	0.08422	0.38611	1.44382
0.5	-5.45	0.00011	0.00181	0.01544	0.09089	0.41184	1.52246
0.5	-5.4	0.00013	0.002	0.01685	0.09804	0.43902	1.60424
0.5	-5.35	0.00014	0.00222	0.0184	0.10571	0.46771	1.68916
0.5	-5.3	0.00016	0.00245	0.02007	0.11391	0.49796	1.77724
0.5	-5.25	0.00018	0.00271	0.02189	0.12269	0.52982	1.86846
0.5	-5.2	0.0002	0.00299	0.02387	0.13207	0.56335	1.96281
0.5	-5.15	0.00022	0.00331	0.02601	0.1421	0.59861	2.06026
0.5	-5.1	0.00025	0.00365	0.02834	0.15281	0.63562	2.16076
0.5	-5.05	0.00028	0.00403	0.03086	0.16423	0.67446	2.26424
0.5	-5.	0.00032	0.00445	0.03359	0.1764	0.71514	2.37062
0.5	-4.95	0.00036	0.00491	0.03655	0.18937	0.75772	2.47978
0.5	-4.9	0.0004	0.00542	0.03975	0.20316	0.80222	2.59161
0.5	-4.85	0.00045	0.00598	0.04322	0.21782	0.84868	2.70595
0.5	-4.8	0.0005	0.00659	0.04696	0.2334	0.8971	2.82263
0.5	-4.75	0.00056	0.00726	0.051	0.24992	0.94752	2.94144
0.5	-4.7	0.00063	0.008	0.05536	0.26743	0.99992	3.06216
0.5	-4.65	0.00071	0.00882	0.06006	0.28597	1.0543	3.18454
0.5	-4.6	0.00079	0.00971	0.06513	0.30558	1.11066	3.30829
0.5	-4.55	0.00089	0.01069	0.07059	0.3263	1.16895	3.43309
0.5	-4.5	0.00099	0.01177	0.07647	0.34817	1.22916	3.5586
0.5	-4.45	0.00111	0.01295	0.08278	0.37121	1.29122	3.68445
0.5	-4.4	0.00125	0.01424	0.08957	0.39546	1.35506	3.81024
0.5	-4.35	0.0014	0.01565	0.09685	0.42095	1.42061	3.93551
0.5	-4.3	0.00157	0.0172	0.10466	0.44771	1.48776	4.0598
0.5	-4.25	0.00176	0.0189	0.11303	0.47576	1.5564	4.18262
0.5	-4.2	0.00197	0.02075	0.12199	0.50511	1.62639	4.30342
0.5	-4.15	0.0022	0.02277	0.13156	0.53578	1.69758	4.42166
0.5	-4.1	0.00246	0.02498	0.14179	0.56777	1.76978	4.53673
0.5	-4.05	0.00276	0.0274	0.1527	0.60108	1.84279	4.64803
0.5	-4.	0.00309	0.03003	0.16433	0.6357	1.9164	4.75493
0.5	-3.95	0.00345	0.0329	0.17671	0.67161	1.99035	4.85675
0.5	-3.9	0.00386	0.03602	0.18986	0.70878	2.06437	4.95284
0.5	-3.85	0.00431	0.03942	0.20383	0.74717	2.13817	5.0425
0.5	-3.8	0.00482	0.04312	0.21863	0.78672	2.21143	5.12504
0.5	-3.75	0.00539	0.04713	0.2343	0.82738	2.28379	5.19977
0.5	-3.7	0.00603	0.0515	0.25085	0.86906	2.35489	5.26597
0.5	-3.65	0.00674	0.05622	0.26832	0.91166	2.42434	5.32298
0.5	-3.6	0.00753	0.06135	0.28671	0.95507	2.49171	5.3701
0.5	-3.55	0.00841	0.06689	0.30605	0.99916	2.55657	5.40671
0.5	-3.5	0.00939	0.07289	0.32633	1.04379	2.61847	5.43218
0.5	-3.45	0.01048	0.07936	0.34757	1.08878	2.67692	5.44592
0.5	-3.4	0.0117	0.08634	0.36976	1.13394	2.73143	5.4474
0.5	-3.35	0.01305	0.09386	0.39288	1.17906	2.78152	5.43616
0.5	-3.3	0.01454	0.10195	0.41692	1.22392	2.82666	5.41178
0.5	-3.25	0.01621	0.11065	0.44184	1.26825	2.86635	5.37392
0.5	-3.2	0.01807	0.11997	0.4676	1.31179	2.90009	5.32233
0.5	-3.15	0.02013	0.12996	0.49415	1.35422	2.92737	5.25685
0.5	-3.1	0.02241	0.14063	0.52141	1.39524	2.94771	5.17743
0.5	-3.05	0.02495	0.15202	0.54929	1.43451	2.96065	5.08412
0.5	-3.	0.02775	0.16415	0.57771	1.47166	2.96574	4.97709
0.5	-2.95	0.03085	0.17704	0.60653	1.50633	2.9626	4.85663
0.5	-2.9	0.03427	0.19071	0.63563	1.53811	2.95088	4.72316
0.5	-2.85	0.03804	0.20516	0.66483	1.56662	2.93026	4.57724
0.5	-2.8	0.04221	0.22042	0.69396	1.59145	2.90053	4.41956
0.5	-2.75	0.0468	0.23647	0.72282	1.61218	2.8615	4.25093
0.5	-2.7	0.05185	0.2533	0.75117	1.6284	2.81311	4.07232
0.5	-2.65	0.05742	0.27088	0.77877	1.63973	2.75535	3.88481
0.5	-2.6	0.06352	0.2892	0.80534	1.64576	2.68833	3.6896
0.5	-2.55	0.0702	0.30818	0.83059	1.64615	2.61225	3.48801
0.5	-2.5	0.07749	0.32778	0.85419	1.64056	2.52744	3.28144
0.5	-2.45	0.08547	0.34791	0.8758	1.6287	2.43432	3.0714
0.5	-2.4	0.09416	0.36845	0.89505	1.61034	2.33344	2.85942
0.5	-2.35	0.10362	0.38929	0.91158	1.5853	2.22549	2.64713
0.5	-2.3	0.11389	0.41027	0.92499	1.55347	2.11124	2.43612
0.5	-2.25	0.12503	0.43119	0.9349	1.51484	1.99159	2.22802
0.5	-2.2	0.13708	0.45183	0.9409	1.46949	1.86756	2.02438
0.5	-2.15	0.15007	0.47193	0.94262	1.41758	1.74024	1.82671
0.5	-2.1	0.164	0.49119	0.9397	1.3594	1.61081	1.63643
0.5	-2.05	0.1789	0.50928	0.93182	1.29538	1.48051	1.45482
0.5	-2.	0.19479	0.52582	0.91869	1.22604	1.35061	1.28301
0.5	-1.95	0.21166	0.54036	0.90012	1.15205	1.22239	1.12197
0.5	-1.9	0.22944	0.55244	0.87596	1.07419	1.09713	0.97245
0.5	-1.85	0.24804	0.56154	0.8462	0.99336	0.97603	0.83501
0.5	-1.8	0.26729	0.56711	0.81094	0.91058	0.86023	0.70996
0.5	-1.75	0.28693	0.56858	0.77045	0.82692	0.75074	0.59742
0.5	-1.7	0.30653	0.56541	0.72515	0.74352	0.64841	0.49727
0.5	-1.65	0.32539	0.5571	0.67564	0.66154	0.55393	0.40917
0.5	-1.6	0.34266	0.5433	0.62272	0.58208	0.4678	0.33262
0.5	-1.55	0.35734	0.52384	0.56735	0.50621	0.39029	0.26693
0.5	-1.5	0.36824	0.49879	0.51059	0.43484	0.32148	0.21132
0.5	-1.45	0.3741	0.46852	0.45364	0.36874	0.26124	0.16488
0.5	-1.4	0.37375	0.43377	0.39768	0.30847	0.20924	0.12666
0.5	-1.35	0.36631	0.39562	0.3438	0.25438	0.16503	0.09569
0.5	-1.3	0.35184	0.35542	0.29297	0.2066	0.12802	0.071
0.5	-1.25	0.33157	0.31452	0.2459	0.16507	0.09755	0.05166
0.5	-1.2	0.30705	0.27409	0.20309	0.12957	0.07289	0.03679
0.5	-1.15	0.2797	0.23509	0.16485	0.09976	0.05331	0.0256
0.5	-1.1	0.25063	0.19824	0.1313	0.07519	0.03809	0.01736
0.5	-1.05	0.22081	0.16413	0.10241	0.05535	0.02651	0.01145
0.5	-1.	0.19115	0.13317	0.07804	0.03969	0.01793	0.00732
0.5	-0.95	0.16242	0.10564	0.05792	0.02764	0.01175	0.00453
0.5	-0.9	0.13513	0.08164	0.04172	0.01862	0.00743	0.00269
0.5	-0.85	0.10966	0.06123	0.02905	0.01209	0.00451	0.00154
0.5	-0.8	0.08639	0.04435	0.01946	0.00753	0.00262	0.00084
0.5	-0.75	0.06565	0.03085	0.01248	0.00447	0.00145	0.00044
0.5	-0.7	0.04784	0.02049	0.00761	0.00252	0.00076	0.00021
0.5	-0.65	0.03323	0.0129	0.00438	0.00134	0.00038	0.0001
0.5	-0.6	0.02178	0.00761	0.00236	0.00067	0.00018	0.00004
0.5	-0.55	0.01329	0.00417	0.00118	0.00031	0.00008	0.00002
0.5	-0.5	0.00744	0.0021	0.00055	0.00013	0.00003	0.00000
0.5	-0.45	0.00376	0.00096	0.00024	0.00006	0.00001	0.00000
0.5	-0.4	0.0017	0.00041	0.0001	0.00002	0.00000	0.00000
0.5	-0.35	0.00071	0.00017	0.00004	0.00000	0.00000	0.00000
0.5	-0.3	0.00029	0.00006	0.00001	0.00000	0.00000	0.00000
0.5	-0.25	0.00011	0.00002	0.00000	0.00000	0.00000	0.00000
0.5	-0.2	0.00004	0.00000	0.00000	0.00000	0.00000	0.00000
0.5	-0.15	0.00002	0.00000	0.00000	0.00000	0.00000	0.00000
0.5	-0.1	0.00000	0.00000	0.00000	0.00000	0.00000	0.00000
0.5	-0.05	0.00000	0.00000	0.00000	0.00000	0.00000	0.00000
0.5	0.00	0.00000	0.00000	0.00000	0.00000	0.00000	0.00000
0.4	-8.9	0.00000	0.00000	0.00004	0.00039	0.00319	0.02097
0.4	-8.85	0.00000	0.00000	0.00004	0.00043	0.00348	0.02271
0.4	-8.8	0.00000	0.00000	0.00005	0.00047	0.00379	0.0246
0.4	-8.75	0.00000	0.00000	0.00005	0.00052	0.00414	0.02663
0.4	-8.7	0.00000	0.00000	0.00006	0.00057	0.00451	0.02882
0.4	-8.65	0.00000	0.00000	0.00006	0.00063	0.00491	0.03119
0.4	-8.6	0.00000	0.00000	0.00007	0.00069	0.00535	0.03374
0.4	-8.55	0.00000	0.00000	0.00007	0.00075	0.00583	0.0365
0.4	-8.5	0.00000	0.00000	0.00008	0.00083	0.00635	0.03946
0.4	-8.45	0.00000	0.00000	0.00009	0.00091	0.00691	0.04266
0.4	-8.4	0.00000	0.00000	0.0001	0.00099	0.00752	0.04611
0.4	-8.35	0.00000	0.00000	0.00011	0.00109	0.00818	0.04982
0.4	-8.3	0.00000	0.00000	0.00012	0.00119	0.0089	0.05381
0.4	-8.25	0.00000	0.00000	0.00013	0.00131	0.00969	0.05811
0.4	-8.2	0.00000	0.00001	0.00015	0.00143	0.01053	0.06273
0.4	-8.15	0.00000	0.00001	0.00016	0.00157	0.01145	0.0677
0.4	-8.1	0.00000	0.00001	0.00018	0.00172	0.01245	0.07304
0.4	-8.05	0.00000	0.00001	0.0002	0.00188	0.01353	0.07879
0.4	-8.	0.00000	0.00002	0.00022	0.00206	0.01469	0.08496
0.4	-7.95	0.00000	0.00002	0.00024	0.00226	0.01596	0.09158
0.4	-7.9	0.00000	0.00002	0.00027	0.00247	0.01733	0.09869
0.4	-7.85	0.00000	0.00002	0.0003	0.0027	0.01881	0.10632
0.4	-7.8	0.00000	0.00002	0.00033	0.00296	0.02042	0.11451
0.4	-7.75	0.00000	0.00003	0.00036	0.00323	0.02216	0.12328
0.4	-7.7	0.00000	0.00003	0.0004	0.00354	0.02403	0.13269
0.4	-7.65	0.00000	0.00003	0.00044	0.00387	0.02606	0.14276
0.4	-7.6	0.00000	0.00004	0.00048	0.00423	0.02826	0.15355
0.4	-7.55	0.00000	0.00004	0.00053	0.00462	0.03063	0.1651
0.4	-7.5	0.00000	0.00005	0.00059	0.00504	0.03318	0.17746
0.4	-7.45	0.00000	0.00005	0.00065	0.00551	0.03595	0.19067
0.4	-7.4	0.00000	0.00006	0.00071	0.00602	0.03893	0.20479
0.4	-7.35	0.00000	0.00006	0.00078	0.00657	0.04214	0.21989
0.4	-7.3	0.00000	0.00007	0.00086	0.00717	0.04561	0.236
0.4	-7.25	0.00000	0.00008	0.00095	0.00782	0.04934	0.25321
0.4	-7.2	0.00000	0.00009	0.00104	0.00853	0.05337	0.27156
0.4	-7.15	0.00000	0.0001	0.00115	0.00931	0.0577	0.29114
0.4	-7.1	0.00000	0.00011	0.00127	0.01015	0.06237	0.312
0.4	-7.05	0.00000	0.00012	0.00139	0.01106	0.06739	0.33423
0.4	-7.	0.00000	0.00013	0.00153	0.01206	0.07279	0.3579
0.4	-6.95	0.00000	0.00015	0.00168	0.01314	0.0786	0.38308
0.4	-6.9	0.00000	0.00016	0.00185	0.01431	0.08484	0.40987
0.4	-6.85	0.00000	0.00018	0.00203	0.01558	0.09154	0.43834
0.4	-6.8	0.00000	0.0002	0.00224	0.01696	0.09874	0.46859
0.4	-6.75	0.00001	0.00022	0.00246	0.01846	0.10647	0.5007
0.4	-6.7	0.00001	0.00025	0.0027	0.02008	0.11476	0.53478
0.4	-6.65	0.00001	0.00028	0.00296	0.02184	0.12364	0.57092
0.4	-6.6	0.00002	0.00031	0.00325	0.02375	0.13317	0.60922
0.4	-6.55	0.00002	0.00034	0.00357	0.02581	0.14337	0.64978
0.4	-6.5	0.00002	0.00038	0.00392	0.02805	0.15429	0.69271
0.4	-6.45	0.00002	0.00042	0.0043	0.03047	0.16597	0.73812
0.4	-6.4	0.00002	0.00046	0.00472	0.03309	0.17847	0.78611
0.4	-6.35	0.00003	0.00051	0.00518	0.03592	0.19182	0.8368
0.4	-6.3	0.00003	0.00057	0.00568	0.03897	0.20608	0.8903
0.4	-6.25	0.00003	0.00063	0.00622	0.04228	0.22131	0.94673
0.4	-6.2	0.00004	0.0007	0.00682	0.04585	0.23756	1.00619
0.4	-6.15	0.00004	0.00078	0.00747	0.0497	0.25488	1.06881
0.4	-6.1	0.00005	0.00086	0.00818	0.05385	0.27334	1.13469
0.4	-6.05	0.00005	0.00095	0.00896	0.05833	0.293	1.20395
0.4	-6.	0.00006	0.00106	0.00981	0.06316	0.31392	1.27671
0.4	-5.95	0.00007	0.00117	0.01073	0.06836	0.33616	1.35306
0.4	-5.9	0.00008	0.00129	0.01174	0.07396	0.35981	1.43312
0.4	-5.85	0.00008	0.00143	0.01284	0.07999	0.38491	1.51699
0.4	-5.8	0.0001	0.00158	0.01404	0.08647	0.41156	1.60477
0.4	-5.75	0.00011	0.00175	0.01535	0.09343	0.43981	1.69654
0.4	-5.7	0.00012	0.00194	0.01677	0.10091	0.46974	1.7924
0.4	-5.65	0.00013	0.00215	0.01832	0.10895	0.50143	1.89243
0.4	-5.6	0.00015	0.00237	0.02001	0.11756	0.53496	1.99668
0.4	-5.55	0.00017	0.00262	0.02184	0.1268	0.57039	2.10521
0.4	-5.5	0.00019	0.0029	0.02383	0.1367	0.60781	2.21808
0.4	-5.45	0.00021	0.0032	0.026	0.1473	0.64729	2.33532
0.4	-5.4	0.00024	0.00354	0.02834	0.15865	0.6889	2.45694
0.4	-5.35	0.00027	0.00391	0.0309	0.17077	0.73273	2.58296
0.4	-5.3	0.0003	0.00432	0.03366	0.18373	0.77883	2.71334
0.4	-5.25	0.00034	0.00477	0.03666	0.19757	0.82729	2.84807
0.4	-5.2	0.00038	0.00526	0.03991	0.21233	0.87817	2.98708
0.4	-5.15	0.00042	0.00581	0.04343	0.22807	0.93152	3.1303
0.4	-5.1	0.00048	0.0064	0.04725	0.24483	0.98741	3.27763
0.4	-5.05	0.00053	0.00706	0.05137	0.26267	1.0459	3.42893
0.4	-5.	0.0006	0.00779	0.05583	0.28164	1.10702	3.58406
0.4	-4.95	0.00067	0.00858	0.06064	0.30179	1.17081	3.74282
0.4	-4.9	0.00075	0.00946	0.06584	0.32317	1.23731	3.90501
0.4	-4.85	0.00084	0.01042	0.07145	0.34585	1.30654	4.07037
0.4	-4.8	0.00094	0.01147	0.0775	0.36987	1.37851	4.23863
0.4	-4.75	0.00105	0.01263	0.08402	0.39528	1.45321	4.40945
0.4	-4.7	0.00118	0.0139	0.09104	0.42214	1.53064	4.58248
0.4	-4.65	0.00132	0.01529	0.09859	0.4505	1.61076	4.75733
0.4	-4.6	0.00148	0.01682	0.1067	0.4804	1.69352	4.93357
0.4	-4.55	0.00166	0.01849	0.11542	0.5119	1.77888	5.11071
0.4	-4.5	0.00186	0.02031	0.12477	0.54504	1.86674	5.28825
0.4	-4.45	0.00208	0.02231	0.13479	0.57985	1.95701	5.46561
0.4	-4.4	0.00233	0.0245	0.14553	0.61637	2.04957	5.64222
0.4	-4.35	0.00261	0.02689	0.15702	0.65464	2.14426	5.81742
0.4	-4.3	0.00292	0.02949	0.16931	0.69466	2.24094	5.99054
0.4	-4.25	0.00327	0.03234	0.18242	0.73647	2.33939	6.16086
0.4	-4.2	0.00366	0.03544	0.19641	0.78006	2.4394	6.32763
0.4	-4.15	0.00409	0.03882	0.21132	0.82544	2.54071	6.49005
0.4	-4.1	0.00458	0.0425	0.22719	0.87259	2.64307	6.6473
0.4	-4.05	0.00512	0.0465	0.24405	0.9215	2.74614	6.79853
0.4	-4.	0.00572	0.05086	0.26195	0.97213	2.84961	6.94287
0.4	-3.95	0.00639	0.05559	0.28093	1.02442	2.95309	7.07941
0.4	-3.9	0.00714	0.06072	0.30102	1.07831	3.05618	7.20725
0.4	-3.85	0.00798	0.06629	0.32225	1.13373	3.15846	7.32547
0.4	-3.8	0.00892	0.07232	0.34466	1.19058	3.25947	7.43313
0.4	-3.75	0.00996	0.07885	0.36827	1.24873	3.3587	7.52932
0.4	-3.7	0.01112	0.0859	0.3931	1.30804	3.45564	7.61313
0.4	-3.65	0.01241	0.09352	0.41917	1.36837	3.54974	7.68366
0.4	-3.6	0.01384	0.10173	0.44649	1.42953	3.64041	7.74007
0.4	-3.55	0.01542	0.11058	0.47505	1.4913	3.72707	7.78152
0.4	-3.5	0.01718	0.1201	0.50486	1.55347	3.80909	7.80725
0.4	-3.45	0.01914	0.13033	0.5359	1.61578	3.88585	7.81654
0.4	-3.4	0.02132	0.1413	0.56813	1.67794	3.95668	7.80876
0.4	-3.35	0.02373	0.15306	0.60151	1.73965	4.02094	7.78334
0.4	-3.3	0.0264	0.16562	0.636	1.80057	4.07798	7.73981
0.4	-3.25	0.02936	0.17904	0.67152	1.86035	4.12713	7.67781
0.4	-3.2	0.03263	0.19333	0.70798	1.91861	4.16777	7.59709
0.4	-3.15	0.03625	0.20853	0.74529	1.97492	4.19927	7.49752
0.4	-3.1	0.04022	0.22465	0.78333	2.02887	4.22104	7.3791
0.4	-3.05	0.0446	0.24173	0.82194	2.08001	4.23252	7.242
0.4	-3.	0.0494	0.25977	0.86097	2.12785	4.23319	7.08652
0.4	-2.95	0.05467	0.27878	0.90023	2.17193	4.2226	6.9131
0.4	-2.9	0.06046	0.29876	0.93951	2.21174	4.20035	6.72237
0.4	-2.85	0.06679	0.31971	0.97857	2.24678	4.16613	6.51512
0.4	-2.8	0.07373	0.34158	1.01716	2.27656	4.11968	6.2923
0.4	-2.75	0.08129	0.36436	1.05498	2.30058	4.06087	6.05503
0.4	-2.7	0.08953	0.38799	1.09174	2.31835	3.98965	5.80459
0.4	-2.65	0.09847	0.41241	1.1271	2.32942	3.90609	5.54239
0.4	-2.6	0.10817	0.43753	1.1607	2.33334	3.81039	5.27004
0.4	-2.55	0.11865	0.46325	1.19217	2.32971	3.70286	4.98923
0.4	-2.5	0.12994	0.48945	1.22111	2.31818	3.58394	4.70179
0.4	-2.45	0.14211	0.51597	1.24711	2.29846	3.45423	4.40964
0.4	-2.4	0.15517	0.54266	1.26975	2.27029	3.31443	4.11479
0.4	-2.35	0.16913	0.5693	1.28861	2.23354	3.16542	3.81929
0.4	-2.3	0.18401	0.59566	1.30325	2.18811	3.00819	3.52521
0.4	-2.25	0.19979	0.62149	1.31327	2.13405	2.84385	3.23464
0.4	-2.2	0.2164	0.64651	1.31825	2.07146	2.67366	2.94961
0.4	-2.15	0.23378	0.67042	1.3178	2.0006	2.49896	2.67209
0.4	-2.1	0.25193	0.69289	1.31159	1.92181	2.3212	2.40394
0.4	-2.05	0.27082	0.71357	1.29928	1.83559	2.14191	2.1469
0.4	-2.	0.29034	0.73207	1.28063	1.74255	1.96265	1.90253
0.4	-1.95	0.31038	0.74798	1.25543	1.64344	1.78503	1.6722
0.4	-1.9	0.3308	0.76086	1.22357	1.53914	1.61064	1.45705
0.4	-1.85	0.35145	0.77028	1.18502	1.43065	1.44105	1.25795
0.4	-1.8	0.37212	0.77577	1.13988	1.31911	1.27775	1.07553
0.4	-1.75	0.39254	0.77688	1.08834	1.20573	1.12212	0.91014
0.4	-1.7	0.41245	0.77316	1.03076	1.09183	0.97541	0.76183
0.4	-1.65	0.43162	0.76418	0.96762	0.97878	0.83869	0.63036
0.4	-1.6	0.44973	0.7495	0.8996	0.86797	0.71283	0.51525
0.4	-1.55	0.46624	0.72874	0.82752	0.7608	0.59844	0.41576
0.4	-1.5	0.48046	0.70164	0.75243	0.65859	0.49588	0.33093
0.4	-1.45	0.49159	0.66805	0.67553	0.56256	0.40526	0.25963
0.4	-1.4	0.49858	0.62805	0.59818	0.47376	0.32638	0.2006
0.4	-1.35	0.50011	0.58202	0.52188	0.39303	0.25882	0.15249
0.4	-1.3	0.49445	0.53074	0.44815	0.32093	0.20191	0.11393
0.4	-1.25	0.47996	0.47551	0.37848	0.25772	0.15479	0.08355
0.4	-1.2	0.45584	0.41815	0.31412	0.20334	0.11647	0.06006
0.4	-1.15	0.42261	0.36071	0.25605	0.15746	0.0859	0.04226
0.4	-1.1	0.38237	0.30523	0.20481	0.11951	0.06198	0.02904
0.4	-1.05	0.33817	0.25335	0.16058	0.08874	0.04367	0.01945
0.4	-1.	0.29298	0.20616	0.12319	0.06433	0.02998	0.01266
0.4	-0.95	0.24888	0.1642	0.09226	0.04541	0.01999	0.008
0.4	-0.9	0.20709	0.12773	0.06727	0.03112	0.01291	0.00488
0.4	-0.85	0.16845	0.09673	0.04759	0.02064	0.00805	0.00287
0.4	-0.8	0.13353	0.07104	0.03253	0.01319	0.00483	0.00162
0.4	-0.75	0.10261	0.05036	0.0214	0.00809	0.00277	0.00088
0.4	-0.7	0.07596	0.03429	0.01348	0.00473	0.00152	0.00045
0.4	-0.65	0.05396	0.0223	0.00808	0.00263	0.00079	0.00022
0.4	-0.6	0.03653	0.01375	0.00457	0.00138	0.00039	0.0001
0.4	-0.55	0.02336	0.00797	0.00243	0.00068	0.00018	0.00004
0.4	-0.5	0.01394	0.0043	0.00121	0.00032	0.00008	0.00002
0.4	-0.45	0.00764	0.00213	0.00056	0.00014	0.00003	0.00000
0.4	-0.4	0.00379	0.00098	0.00024	0.00006	0.00001	0.00000
0.4	-0.35	0.00173	0.00042	0.0001	0.00002	0.00000	0.00000
0.4	-0.3	0.00073	0.00017	0.00004	0.00000	0.00000	0.00000
0.4	-0.25	0.00029	0.00007	0.00001	0.00000	0.00000	0.00000
0.4	-0.2	0.00011	0.00003	0.00000	0.00000	0.00000	0.00000
0.4	-0.15	0.00004	0.00000	0.00000	0.00000	0.00000	0.00000
0.4	-0.1	0.00002	0.00000	0.00000	0.00000	0.00000	0.00000
0.4	-0.05	0.00000	0.00000	0.00000	0.00000	0.00000	0.00000
0.4	0.00	0.00000	0.00000	0.00000	0.00000	0.00000	0.00000
0.3	-8.9	0.00000	0.00000	0.00006	0.00066	0.0052	0.03341
0.3	-8.85	0.00000	0.00000	0.00007	0.00072	0.00566	0.03616
0.3	-8.8	0.00000	0.00000	0.00008	0.00079	0.00617	0.03913
0.3	-8.75	0.00000	0.00000	0.00008	0.00087	0.00672	0.04233
0.3	-8.7	0.00000	0.00000	0.00009	0.00095	0.00732	0.04579
0.3	-8.65	0.00000	0.00000	0.0001	0.00104	0.00797	0.04951
0.3	-8.6	0.00000	0.00000	0.00011	0.00114	0.00868	0.05352
0.3	-8.55	0.00000	0.00000	0.00013	0.00125	0.00944	0.05783
0.3	-8.5	0.00000	0.00000	0.00014	0.00137	0.01028	0.06248
0.3	-8.45	0.00000	0.00001	0.00015	0.0015	0.01118	0.06749
0.3	-8.4	0.00000	0.00001	0.00017	0.00165	0.01216	0.07288
0.3	-8.35	0.00000	0.00001	0.00019	0.0018	0.01322	0.07867
0.3	-8.3	0.00000	0.00001	0.00021	0.00198	0.01438	0.0849
0.3	-8.25	0.00000	0.00002	0.00023	0.00216	0.01562	0.0916
0.3	-8.2	0.00000	0.00002	0.00025	0.00237	0.01698	0.0988
0.3	-8.15	0.00000	0.00002	0.00028	0.00259	0.01844	0.10653
0.3	-8.1	0.00000	0.00002	0.00031	0.00284	0.02003	0.11483
0.3	-8.05	0.00000	0.00003	0.00034	0.00311	0.02175	0.12375
0.3	-8.	0.00000	0.00003	0.00037	0.0034	0.02361	0.13331
0.3	-7.95	0.00000	0.00003	0.00041	0.00372	0.02562	0.14357
0.3	-7.9	0.00000	0.00003	0.00046	0.00407	0.0278	0.15456
0.3	-7.85	0.00000	0.00004	0.0005	0.00445	0.03015	0.16635
0.3	-7.8	0.00000	0.00004	0.00055	0.00486	0.0327	0.17897
0.3	-7.75	0.00000	0.00005	0.00061	0.00531	0.03544	0.19249
0.3	-7.7	0.00000	0.00005	0.00067	0.0058	0.03841	0.20697
0.3	-7.65	0.00000	0.00006	0.00074	0.00634	0.04162	0.22245
0.3	-7.6	0.00000	0.00007	0.00081	0.00692	0.04508	0.23901
0.3	-7.55	0.00000	0.00007	0.0009	0.00756	0.04881	0.25671
0.3	-7.5	0.00000	0.00008	0.00099	0.00825	0.05284	0.27562
0.3	-7.45	0.00000	0.00009	0.00109	0.00901	0.05718	0.29582
0.3	-7.4	0.00000	0.0001	0.0012	0.00983	0.06186	0.31739
0.3	-7.35	0.00000	0.00011	0.00132	0.01072	0.0669	0.34039
0.3	-7.3	0.00000	0.00012	0.00145	0.01169	0.07233	0.36493
0.3	-7.25	0.00000	0.00014	0.00159	0.01274	0.07817	0.39108
0.3	-7.2	0.00000	0.00015	0.00175	0.01389	0.08446	0.41894
0.3	-7.15	0.00000	0.00017	0.00193	0.01514	0.09123	0.44861
0.3	-7.1	0.00000	0.00019	0.00212	0.01649	0.0985	0.48018
0.3	-7.05	0.00000	0.00021	0.00233	0.01796	0.10631	0.51376
0.3	-7.	0.00001	0.00023	0.00256	0.01955	0.11471	0.54946
0.3	-6.95	0.00001	0.00026	0.00282	0.02128	0.12372	0.58739
0.3	-6.9	0.00001	0.00028	0.00309	0.02316	0.13339	0.62766
0.3	-6.85	0.00002	0.00032	0.0034	0.02519	0.14377	0.6704
0.3	-6.8	0.00002	0.00035	0.00373	0.0274	0.15489	0.71573
0.3	-6.75	0.00002	0.00039	0.0041	0.02979	0.16681	0.76377
0.3	-6.7	0.00002	0.00043	0.0045	0.03237	0.17958	0.81466
0.3	-6.65	0.00002	0.00048	0.00493	0.03517	0.19324	0.86853
0.3	-6.6	0.00003	0.00053	0.00541	0.0382	0.20787	0.92552
0.3	-6.55	0.00003	0.00059	0.00594	0.04148	0.22351	0.98576
0.3	-6.5	0.00003	0.00065	0.00651	0.04502	0.24022	1.0494
0.3	-6.45	0.00004	0.00072	0.00714	0.04885	0.25807	1.11657
0.3	-6.4	0.00004	0.0008	0.00782	0.05299	0.27713	1.18744
0.3	-6.35	0.00005	0.00089	0.00857	0.05746	0.29746	1.26214
0.3	-6.3	0.00005	0.00098	0.00939	0.06227	0.31914	1.34081
0.3	-6.25	0.00006	0.00109	0.01029	0.06747	0.34224	1.42362
0.3	-6.2	0.00007	0.0012	0.01126	0.07308	0.36685	1.5107
0.3	-6.15	0.00008	0.00133	0.01233	0.07912	0.39303	1.60219
0.3	-6.1	0.00009	0.00148	0.01349	0.08562	0.42087	1.69824
0.3	-6.05	0.0001	0.00163	0.01475	0.09262	0.45046	1.799
0.3	-6.	0.00011	0.00181	0.01613	0.10016	0.48189	1.90458
0.3	-5.95	0.00012	0.002	0.01764	0.10826	0.51524	2.01513
0.3	-5.9	0.00014	0.00222	0.01928	0.11697	0.55061	2.13077
0.3	-5.85	0.00015	0.00245	0.02106	0.12632	0.58809	2.25161
0.3	-5.8	0.00017	0.00271	0.023	0.13635	0.62777	2.37776
0.3	-5.75	0.00019	0.003	0.02511	0.14712	0.66976	2.50932
0.3	-5.7	0.00022	0.00331	0.02741	0.15867	0.71414	2.64636
0.3	-5.65	0.00024	0.00366	0.0299	0.17103	0.76101	2.78897
0.3	-5.6	0.00027	0.00404	0.03261	0.18428	0.81048	2.9372
0.3	-5.55	0.0003	0.00447	0.03555	0.19844	0.86263	3.09108
0.3	-5.5	0.00034	0.00493	0.03874	0.21359	0.91756	3.25064
0.3	-5.45	0.00038	0.00545	0.0422	0.22978	0.97536	3.41587
0.3	-5.4	0.00043	0.00601	0.04596	0.24706	1.03613	3.58677
0.3	-5.35	0.00048	0.00664	0.05002	0.26549	1.09995	3.76327
0.3	-5.3	0.00054	0.00732	0.05442	0.28514	1.16691	3.9453
0.3	-5.25	0.00061	0.00808	0.05919	0.30606	1.23707	4.13277
0.3	-5.2	0.00068	0.0089	0.06434	0.32833	1.31051	4.32554
0.3	-5.15	0.00076	0.00981	0.06991	0.35201	1.3873	4.52344
0.3	-5.1	0.00085	0.01082	0.07592	0.37716	1.46749	4.72628
0.3	-5.05	0.00096	0.01191	0.08241	0.40386	1.55112	4.93381
0.3	-5.	0.00107	0.01312	0.08942	0.43216	1.63824	5.14576
0.3	-4.95	0.0012	0.01445	0.09697	0.46214	1.72886	5.36181
0.3	-4.9	0.00134	0.0159	0.1051	0.49386	1.82299	5.58161
0.3	-4.85	0.0015	0.01749	0.11385	0.52739	1.92062	5.80474
0.3	-4.8	0.00168	0.01924	0.12326	0.5628	2.02173	6.03076
0.3	-4.75	0.00188	0.02115	0.13338	0.60014	2.12629	6.25916
0.3	-4.7	0.00211	0.02325	0.14424	0.63947	2.23423	6.4894
0.3	-4.65	0.00236	0.02554	0.15589	0.68085	2.34546	6.72089
0.3	-4.6	0.00265	0.02805	0.16837	0.72433	2.45987	6.95298
0.3	-4.55	0.00297	0.03078	0.18174	0.76996	2.57735	7.18496
0.3	-4.5	0.00332	0.03377	0.19604	0.81778	2.69773	7.4161
0.3	-4.45	0.00372	0.03704	0.21133	0.86781	2.82082	7.64561
0.3	-4.4	0.00416	0.0406	0.22764	0.92009	2.9464	7.87263
0.3	-4.35	0.00465	0.04448	0.24504	0.97462	3.07424	8.09627
0.3	-4.3	0.00521	0.0487	0.26358	1.03142	3.20404	8.31562
0.3	-4.25	0.00582	0.0533	0.2833	1.09047	3.3355	8.52968
0.3	-4.2	0.00651	0.05831	0.30425	1.15175	3.46826	8.73744
0.3	-4.15	0.00728	0.06374	0.32648	1.21523	3.60194	8.93787
0.3	-4.1	0.00813	0.06964	0.35004	1.28086	3.73611	9.12987
0.3	-4.05	0.00908	0.07604	0.37498	1.34857	3.87033	9.31236
0.3	-4.	0.01015	0.08298	0.40133	1.41826	4.00408	9.48421
0.3	-3.95	0.01133	0.09049	0.42913	1.48983	4.13685	9.6443
0.3	-3.9	0.01264	0.09861	0.45842	1.56315	4.26806	9.79149
0.3	-3.85	0.01411	0.10739	0.48922	1.63807	4.3971	9.92466
0.3	-3.8	0.01574	0.11685	0.52154	1.71441	4.52335	10.04269
0.3	-3.75	0.01756	0.12706	0.55541	1.79195	4.64612	10.1445
0.3	-3.7	0.01958	0.13804	0.59083	1.87048	4.76474	10.22903
0.3	-3.65	0.02182	0.14984	0.62778	1.94974	4.87847	10.29528
0.3	-3.6	0.0243	0.1625	0.66625	2.02943	4.98657	10.34229
0.3	-3.55	0.02704	0.17607	0.70621	2.10924	5.08828	10.36918
0.3	-3.5	0.03008	0.1906	0.74762	2.18882	5.18283	10.37514
0.3	-3.45	0.03345	0.20612	0.7904	2.2678	5.26944	10.35947
0.3	-3.4	0.03717	0.22266	0.83449	2.34577	5.34733	10.32155
0.3	-3.35	0.04129	0.24027	0.87978	2.4223	5.41574	10.2609
0.3	-3.3	0.04584	0.25897	0.92615	2.49694	5.47391	10.17714
0.3	-3.25	0.05085	0.27879	0.97348	2.56919	5.5211	10.07007
0.3	-3.2	0.05636	0.29974	1.02159	2.63856	5.55662	9.93959
0.3	-3.15	0.06241	0.32184	1.07031	2.70451	5.5798	9.7858
0.3	-3.1	0.06904	0.34508	1.11942	2.7665	5.59005	9.60893
0.3	-3.05	0.07628	0.36948	1.1687	2.82398	5.5868	9.40943
0.3	-3.	0.0842	0.39499	1.21788	2.87638	5.56959	9.18787
0.3	-2.95	0.09283	0.4216	1.26668	2.92315	5.53801	8.94505
0.3	-2.9	0.10223	0.44926	1.31479	2.9637	5.49176	8.68194
0.3	-2.85	0.11244	0.4779	1.36187	2.99751	5.43063	8.39967
0.3	-2.8	0.1235	0.50744	1.40757	3.02402	5.35453	8.09959
0.3	-2.75	0.13544	0.53777	1.45151	3.04274	5.26346	7.78318
0.3	-2.7	0.14831	0.56877	1.49329	3.05318	5.15757	7.45214
0.3	-2.65	0.16211	0.6003	1.53249	3.05491	5.03714	7.10826
0.3	-2.6	0.17687	0.63218	1.56871	3.04754	4.90256	6.75352
0.3	-2.55	0.1926	0.66422	1.60149	3.03075	4.75438	6.39002
0.3	-2.5	0.20928	0.69621	1.63041	3.00427	4.59328	6.01994
0.3	-2.45	0.22693	0.72791	1.65503	2.96792	4.4201	5.64557
0.3	-2.4	0.24552	0.75904	1.67493	2.92159	4.23577	5.26925
0.3	-2.35	0.26497	0.78931	1.68971	2.86526	4.04141	4.89336
0.3	-2.3	0.28523	0.81841	1.69898	2.79903	3.83824	4.52029
0.3	-2.25	0.30616	0.84601	1.7024	2.72307	3.62758	4.15241
0.3	-2.2	0.32753	0.87179	1.69965	2.63765	3.41089	3.79202
0.3	-2.15	0.34919	0.89543	1.69046	2.54319	3.18972	3.44136
0.3	-2.1	0.37108	0.91662	1.6746	2.44017	2.96568	3.10255
0.3	-2.05	0.393	0.93502	1.65191	2.3292	2.74046	2.77754
0.3	-2.	0.41468	0.95029	1.62226	2.21102	2.5158	2.46813
0.3	-1.95	0.43589	0.96216	1.5856	2.08645	2.29343	2.17589
0.3	-1.9	0.45643	0.97034	1.54196	1.95644	2.07512	1.90218
0.3	-1.85	0.47606	0.97457	1.4914	1.82202	1.86257	1.64806
0.3	-1.8	0.49456	0.97461	1.43408	1.68434	1.65747	1.41433
0.3	-1.75	0.51169	0.97026	1.37023	1.54465	1.46136	1.20147
0.3	-1.7	0.5274	0.96134	1.30015	1.40426	1.27573	1.00968
0.3	-1.65	0.54184	0.94761	1.22422	1.26459	1.10185	0.8388
0.3	-1.6	0.55524	0.92877	1.14294	1.12709	0.94083	0.68838
0.3	-1.55	0.56768	0.90445	1.05695	0.9933	0.79354	0.55766
0.3	-1.5	0.57919	0.87422	0.96707	0.86472	0.66058	0.44559
0.3	-1.45	0.58967	0.83757	0.87433	0.74285	0.54226	0.35091
0.3	-1.4	0.59864	0.79403	0.78	0.62907	0.43857	0.27213
0.3	-1.35	0.6049	0.74323	0.68563	0.5246	0.34918	0.20764
0.3	-1.3	0.60595	0.6852	0.59299	0.43039	0.27342	0.15572
0.3	-1.25	0.5983	0.6207	0.50403	0.34707	0.21037	0.11467
0.3	-1.2	0.57912	0.55141	0.4206	0.27485	0.15889	0.08281
0.3	-1.15	0.54716	0.47975	0.3443	0.21356	0.11765	0.05857
0.3	-1.1	0.50342	0.40851	0.2763	0.16263	0.0853	0.0405
0.3	-1.05	0.45063	0.34035	0.2172	0.12123	0.06044	0.02733
0.3	-1.	0.39277	0.27747	0.16708	0.08831	0.04178	0.01796
0.3	-0.95	0.33417	0.22128	0.12558	0.06273	0.0281	0.01146
0.3	-0.9	0.27784	0.17242	0.09202	0.04333	0.01834	0.00708
0.3	-0.85	0.22576	0.13099	0.06556	0.02903	0.01158	0.00423
0.3	-0.8	0.17901	0.09673	0.04525	0.01879	0.00705	0.00243
0.3	-0.75	0.13795	0.06914	0.03014	0.0117	0.00412	0.00134
0.3	-0.7	0.10279	0.04764	0.01929	0.00698	0.0023	0.0007
0.3	-0.65	0.07377	0.03149	0.01179	0.00397	0.00122	0.00035
0.3	-0.6	0.05072	0.01983	0.00684	0.00214	0.00062	0.00017
0.3	-0.55	0.03316	0.0118	0.00374	0.00109	0.00029	0.00008
0.3	-0.5	0.0204	0.00657	0.00191	0.00052	0.00013	0.00003
0.3	-0.45	0.01162	0.00339	0.00091	0.00023	0.00006	0.00001
0.3	-0.4	0.00603	0.00161	0.00041	0.0001	0.00002	0.00000
0.3	-0.35	0.00286	0.00071	0.00017	0.00004	0.00000	0.00000
0.3	-0.3	0.00125	0.0003	0.00007	0.00001	0.00000	0.00000
0.3	-0.25	0.00052	0.00012	0.00003	0.00000	0.00000	0.00000
0.3	-0.2	0.0002	0.00004	0.00000	0.00000	0.00000	0.00000
0.3	-0.15	0.00008	0.00002	0.00000	0.00000	0.00000	0.00000
0.3	-0.1	0.00003	0.00000	0.00000	0.00000	0.00000	0.00000
0.3	-0.05	0.00001	0.00000	0.00000	0.00000	0.00000	0.00000
0.3	0.00	0.00000	0.00000	0.00000	0.00000	0.00000	0.00000
0.2	-8.9	0.00000	0.00000	0.00011	0.00107	0.00827	0.05205
0.2	-8.85	0.00000	0.00000	0.00012	0.00117	0.00901	0.05629
0.2	-8.8	0.00000	0.00000	0.00013	0.00128	0.00981	0.06086
0.2	-8.75	0.00000	0.00000	0.00014	0.00141	0.01068	0.06579
0.2	-8.7	0.00000	0.00001	0.00016	0.00154	0.01162	0.07109
0.2	-8.65	0.00000	0.00001	0.00017	0.00169	0.01265	0.07681
0.2	-8.6	0.00000	0.00001	0.00019	0.00185	0.01376	0.08296
0.2	-8.55	0.00000	0.00001	0.00021	0.00203	0.01496	0.08958
0.2	-8.5	0.00000	0.00002	0.00023	0.00222	0.01627	0.09669
0.2	-8.45	0.00000	0.00002	0.00026	0.00244	0.01768	0.10435
0.2	-8.4	0.00000	0.00002	0.00028	0.00267	0.01922	0.11258
0.2	-8.35	0.00000	0.00002	0.00031	0.00292	0.02088	0.12142
0.2	-8.3	0.00000	0.00003	0.00034	0.0032	0.02268	0.13092
0.2	-8.25	0.00000	0.00003	0.00038	0.0035	0.02464	0.14112
0.2	-8.2	0.00000	0.00003	0.00042	0.00383	0.02675	0.15206
0.2	-8.15	0.00000	0.00003	0.00046	0.00419	0.02903	0.16381
0.2	-8.1	0.00000	0.00004	0.00051	0.00458	0.03151	0.17641
0.2	-8.05	0.00000	0.00004	0.00056	0.00501	0.03418	0.18991
0.2	-8.	0.00000	0.00005	0.00062	0.00548	0.03707	0.20439
0.2	-7.95	0.00000	0.00005	0.00068	0.00598	0.0402	0.21989
0.2	-7.9	0.00000	0.00006	0.00075	0.00654	0.04358	0.2365
0.2	-7.85	0.00000	0.00007	0.00083	0.00715	0.04723	0.25427
0.2	-7.8	0.00000	0.00007	0.00091	0.00781	0.05116	0.27329
0.2	-7.75	0.00000	0.00008	0.00101	0.00852	0.05541	0.29362
0.2	-7.7	0.00000	0.00009	0.00111	0.00931	0.06	0.31536
0.2	-7.65	0.00000	0.0001	0.00122	0.01016	0.06495	0.33858
0.2	-7.6	0.00000	0.00011	0.00134	0.01109	0.07028	0.36339
0.2	-7.55	0.00000	0.00012	0.00148	0.01209	0.07603	0.38987
0.2	-7.5	0.00000	0.00014	0.00163	0.01319	0.08222	0.41812
0.2	-7.45	0.00000	0.00015	0.00179	0.01439	0.08889	0.44824
0.2	-7.4	0.00000	0.00017	0.00197	0.01568	0.09606	0.48036
0.2	-7.35	0.00000	0.00019	0.00216	0.01709	0.10378	0.51457
0.2	-7.3	0.00000	0.00021	0.00238	0.01862	0.11209	0.551
0.2	-7.25	0.00001	0.00023	0.00262	0.02029	0.12102	0.58976
0.2	-7.2	0.00001	0.00026	0.00287	0.02209	0.13061	0.631
0.2	-7.15	0.00001	0.00029	0.00316	0.02405	0.14092	0.67483
0.2	-7.1	0.00002	0.00032	0.00347	0.02618	0.15198	0.72141
0.2	-7.05	0.00002	0.00035	0.00381	0.02849	0.16386	0.77086
0.2	-7.	0.00002	0.00039	0.00419	0.03099	0.17659	0.82335
0.2	-6.95	0.00002	0.00043	0.0046	0.0337	0.19025	0.87901
0.2	-6.9	0.00002	0.00048	0.00505	0.03663	0.20488	0.93801
0.2	-6.85	0.00003	0.00053	0.00554	0.03981	0.22055	1.0005
0.2	-6.8	0.00003	0.00059	0.00608	0.04325	0.23732	1.06666
0.2	-6.75	0.00003	0.00066	0.00667	0.04697	0.25527	1.13665
0.2	-6.7	0.00004	0.00073	0.00732	0.05099	0.27445	1.21064
0.2	-6.65	0.00004	0.00081	0.00802	0.05535	0.29496	1.2888
0.2	-6.6	0.00005	0.00089	0.00879	0.06005	0.31687	1.37133
0.2	-6.55	0.00005	0.00099	0.00964	0.06513	0.34025	1.45838
0.2	-6.5	0.00006	0.0011	0.01056	0.07061	0.3652	1.55015
0.2	-6.45	0.00007	0.00121	0.01157	0.07653	0.3918	1.64682
0.2	-6.4	0.00008	0.00134	0.01267	0.08291	0.42014	1.74857
0.2	-6.35	0.00009	0.00149	0.01387	0.08979	0.45033	1.85558
0.2	-6.3	0.0001	0.00165	0.01518	0.0972	0.48245	1.96803
0.2	-6.25	0.00011	0.00182	0.01661	0.10518	0.5166	2.08611
0.2	-6.2	0.00012	0.00202	0.01816	0.11378	0.55291	2.20997
0.2	-6.15	0.00013	0.00224	0.01986	0.12302	0.59146	2.3398
0.2	-6.1	0.00015	0.00247	0.02171	0.13296	0.63237	2.47575
0.2	-6.05	0.00017	0.00274	0.02372	0.14364	0.67576	2.61799
0.2	-6.	0.00019	0.00303	0.02592	0.15511	0.72173	2.76665
0.2	-5.95	0.00021	0.00335	0.0283	0.16742	0.77041	2.92188
0.2	-5.9	0.00024	0.0037	0.0309	0.18063	0.82192	3.0838
0.2	-5.85	0.00027	0.00409	0.03372	0.19479	0.87636	3.25252
0.2	-5.8	0.0003	0.00452	0.03678	0.20995	0.93386	3.42813
0.2	-5.75	0.00034	0.00499	0.04011	0.22619	0.99455	3.61072
0.2	-5.7	0.00038	0.00552	0.04373	0.24355	1.05853	3.80034
0.2	-5.65	0.00042	0.00609	0.04765	0.26212	1.12593	3.99702
0.2	-5.6	0.00048	0.00672	0.0519	0.28196	1.19686	4.20078
0.2	-5.55	0.00053	0.00742	0.05651	0.30314	1.27143	4.41161
0.2	-5.5	0.0006	0.00819	0.0615	0.32572	1.34975	4.62945
0.2	-5.45	0.00067	0.00904	0.0669	0.3498	1.43193	4.85423
0.2	-5.4	0.00075	0.00997	0.07275	0.37544	1.51805	5.08584
0.2	-5.35	0.00084	0.01099	0.07907	0.40272	1.60822	5.32415
0.2	-5.3	0.00094	0.01211	0.0859	0.43172	1.70251	5.56895
0.2	-5.25	0.00106	0.01334	0.09328	0.46253	1.80099	5.82003
0.2	-5.2	0.00118	0.0147	0.10124	0.49522	1.90372	6.07712
0.2	-5.15	0.00133	0.01619	0.10983	0.52989	2.01075	6.3399
0.2	-5.1	0.00149	0.01782	0.11908	0.5666	2.12211	6.608
0.2	-5.05	0.00167	0.01961	0.12905	0.60544	2.23782	6.88102
0.2	-5.	0.00187	0.02157	0.13977	0.6465	2.35788	7.15847
0.2	-4.95	0.00209	0.02372	0.1513	0.68985	2.48227	7.43985
0.2	-4.9	0.00234	0.02608	0.16369	0.73557	2.61093	7.72456
0.2	-4.85	0.00262	0.02866	0.17699	0.78373	2.74382	8.01198
0.2	-4.8	0.00294	0.03147	0.19125	0.83439	2.88083	8.3014
0.2	-4.75	0.00329	0.03456	0.20654	0.88763	3.02184	8.59207
0.2	-4.7	0.00368	0.03792	0.2229	0.9435	3.16671	8.88318
0.2	-4.65	0.00412	0.0416	0.2404	1.00204	3.31526	9.17385
0.2	-4.6	0.00462	0.04561	0.25909	1.06331	3.46726	9.46315
0.2	-4.55	0.00517	0.04998	0.27905	1.12733	3.62248	9.75009
0.2	-4.5	0.00578	0.05475	0.30032	1.19412	3.78063	10.03362
0.2	-4.45	0.00647	0.05994	0.32297	1.26369	3.94138	10.31264
0.2	-4.4	0.00723	0.06559	0.34707	1.33604	4.10437	10.586
0.2	-4.35	0.00808	0.07172	0.37267	1.41114	4.26919	10.8525
0.2	-4.3	0.00903	0.07839	0.39982	1.48895	4.43539	11.11091
0.2	-4.25	0.0101	0.08563	0.4286	1.56942	4.60249	11.35995
0.2	-4.2	0.01128	0.09347	0.45904	1.65246	4.76994	11.59831
0.2	-4.15	0.0126	0.10197	0.49121	1.73798	4.93718	11.82467
0.2	-4.1	0.01407	0.11116	0.52514	1.82585	5.10357	12.03767
0.2	-4.05	0.0157	0.1211	0.56087	1.91592	5.26846	12.23598
0.2	-4.	0.01752	0.13183	0.59844	2.00801	5.43114	12.41824
0.2	-3.95	0.01953	0.1434	0.63788	2.10191	5.59087	12.58311
0.2	-3.9	0.02177	0.15586	0.67918	2.19739	5.74686	12.72928
0.2	-3.85	0.02426	0.16928	0.72237	2.29418	5.89831	12.85547
0.2	-3.8	0.02702	0.18368	0.76743	2.39197	6.04436	12.96046
0.2	-3.75	0.03008	0.19914	0.81433	2.49044	6.18415	13.04307
0.2	-3.7	0.03347	0.21569	0.86305	2.58922	6.31678	13.10221
0.2	-3.65	0.03722	0.2334	0.91353	2.6879	6.44136	13.13685
0.2	-3.6	0.04137	0.25231	0.96569	2.78604	6.55697	13.1461
0.2	-3.55	0.04596	0.27245	1.01944	2.88319	6.66269	13.12915
0.2	-3.5	0.05102	0.29388	1.07467	2.97883	6.75762	13.08534
0.2	-3.45	0.0566	0.31662	1.13124	3.07244	6.84087	13.01412
0.2	-3.4	0.06273	0.34071	1.18898	3.16346	6.91156	12.91512
0.2	-3.35	0.06949	0.36617	1.24771	3.2513	6.96888	12.78811
0.2	-3.3	0.07692	0.393	1.3072	3.33536	7.01202	12.63306
0.2	-3.25	0.08505	0.42121	1.36722	3.41501	7.04027	12.4501
0.2	-3.2	0.09395	0.45078	1.4275	3.48961	7.05294	12.23955
0.2	-3.15	0.10366	0.4817	1.48772	3.55852	7.04945	12.00193
0.2	-3.1	0.11425	0.5139	1.54756	3.62109	7.02929	11.73798
0.2	-3.05	0.12576	0.54734	1.60667	3.67668	6.99206	11.4486
0.2	-3.	0.13824	0.58193	1.66465	3.72466	6.93745	11.13492
0.2	-2.95	0.15173	0.61756	1.72111	3.76441	6.86528	10.79826
0.2	-2.9	0.16628	0.65413	1.7756	3.79537	6.77548	10.44015
0.2	-2.85	0.18193	0.69146	1.82768	3.81698	6.66813	10.06228
0.2	-2.8	0.19868	0.72939	1.87689	3.82874	6.54343	9.66654
0.2	-2.75	0.21658	0.76771	1.92274	3.83022	6.40173	9.25496
0.2	-2.7	0.23562	0.80619	1.96476	3.82103	6.24352	8.82974
0.2	-2.65	0.2558	0.84457	2.00246	3.80085	6.06945	8.39319
0.2	-2.6	0.27707	0.88256	2.03539	3.76947	5.8803	7.94775
0.2	-2.55	0.29935	0.91985	2.06308	3.72674	5.67699	7.49593
0.2	-2.5	0.32254	0.95613	2.08509	3.6726	5.4606	7.04031
0.2	-2.45	0.34656	0.99105	2.10103	3.6071	5.23233	6.58353
0.2	-2.4	0.37129	1.02425	2.11051	3.53038	4.99349	6.12821
0.2	-2.35	0.39655	1.05538	2.11323	3.44271	4.74554	5.67697
0.2	-2.3	0.42217	1.08406	2.10889	3.34442	4.49	5.23238
0.2	-2.25	0.44787	1.10993	2.09728	3.23599	4.22851	4.79694
0.2	-2.2	0.47343	1.13267	2.07824	3.11798	3.96277	4.37304
0.2	-2.15	0.49862	1.15194	2.05166	2.99106	3.69456	3.96295
0.2	-2.1	0.52315	1.16745	2.0175	2.856	3.42567	3.56876
0.2	-2.05	0.54678	1.17892	1.97581	2.71365	3.15792	3.19238
0.2	-2.	0.56926	1.18611	1.92667	2.56498	2.89315	2.83551
0.2	-1.95	0.59034	1.1888	1.87025	2.41101	2.63315	2.4996
0.2	-1.9	0.60975	1.18683	1.80679	2.25288	2.37969	2.18585
0.2	-1.85	0.62729	1.18004	1.73658	2.09176	2.13446	1.89517
0.2	-1.8	0.64277	1.16835	1.66	1.92891	1.89908	1.62818
0.2	-1.75	0.65613	1.15166	1.57749	1.76564	1.67501	1.38519
0.2	-1.7	0.66718	1.12989	1.48956	1.60329	1.4636	1.1662
0.2	-1.65	0.67578	1.10303	1.39678	1.44326	1.26603	0.97091
0.2	-1.6	0.68201	1.07103	1.29984	1.28693	1.08325	0.7987
0.2	-1.55	0.68596	1.03385	1.19948	1.13571	0.91602	0.64867
0.2	-1.5	0.68754	0.99141	1.09656	0.99096	0.76482	0.51965
0.2	-1.45	0.68665	0.94367	0.99208	0.85401	0.62989	0.41025
0.2	-1.4	0.68311	0.89061	0.88714	0.72605	0.51116	0.31886
0.2	-1.35	0.67659	0.83225	0.783	0.60819	0.40828	0.24374
0.2	-1.3	0.66649	0.76875	0.68103	0.5013	0.3206	0.18304
0.2	-1.25	0.65182	0.70045	0.58273	0.40602	0.24722	0.1349
0.2	-1.2	0.63118	0.62802	0.48967	0.32272	0.18697	0.09744
0.2	-1.15	0.60289	0.55262	0.40338	0.25139	0.13852	0.0689
0.2	-1.1	0.56534	0.47593	0.32524	0.19167	0.10041	0.04762
0.2	-1.05	0.5174	0.40021	0.25634	0.14287	0.0711	0.03211
0.2	-1.	0.45982	0.32811	0.19729	0.10397	0.0491	0.02109
0.2	-0.95	0.39606	0.2621	0.1481	0.07374	0.033	0.01346
0.2	-0.9	0.33082	0.20394	0.1083	0.05087	0.02153	0.00832
0.2	-0.85	0.26845	0.15446	0.07698	0.03404	0.0136	0.00497
0.2	-0.8	0.21185	0.11367	0.05304	0.02203	0.00828	0.00286
0.2	-0.75	0.16238	0.08104	0.0353	0.01372	0.00485	0.00158
0.2	-0.7	0.12052	0.05575	0.02258	0.0082	0.00272	0.00083
0.2	-0.65	0.0863	0.03682	0.01382	0.00467	0.00145	0.00042
0.2	-0.6	0.05926	0.02319	0.00804	0.00253	0.00074	0.0002
0.2	-0.55	0.0387	0.01382	0.00441	0.00129	0.00035	0.00009
0.2	-0.5	0.0238	0.00773	0.00227	0.00062	0.00016	0.00004
0.2	-0.45	0.0136	0.00401	0.00109	0.00028	0.00007	0.00002
0.2	-0.4	0.00712	0.00193	0.00049	0.00012	0.00003	0.00000
0.2	-0.35	0.00343	0.00087	0.00021	0.00005	0.00001	0.00000
0.2	-0.3	0.00152	0.00037	0.00008	0.00002	0.00000	0.00000
0.2	-0.25	0.00064	0.00015	0.00003	0.00000	0.00000	0.00000
0.2	-0.2	0.00025	0.00006	0.00001	0.00000	0.00000	0.00000
0.2	-0.15	0.0001	0.00002	0.00000	0.00000	0.00000	0.00000
0.2	-0.1	0.00004	0.00000	0.00000	0.00000	0.00000	0.00000
0.2	-0.05	0.00001	0.00000	0.00000	0.00000	0.00000	0.00000
0.2	0.00	0.00000	0.00000	0.00000	0.00000	0.00000	0.00000
0.1	-8.9	0.00000	0.00002	0.00023	0.00228	0.01723	0.10556
0.1	-8.85	0.00000	0.00002	0.00026	0.0025	0.01875	0.11405
0.1	-8.8	0.00000	0.00002	0.00028	0.00274	0.02039	0.12319
0.1	-8.75	0.00000	0.00002	0.00031	0.00301	0.02218	0.13303
0.1	-8.7	0.00000	0.00002	0.00034	0.00329	0.02412	0.14361
0.1	-8.65	0.00000	0.00003	0.00038	0.00361	0.02622	0.15499
0.1	-8.6	0.00000	0.00003	0.00042	0.00395	0.0285	0.16722
0.1	-8.55	0.00000	0.00003	0.00046	0.00432	0.03097	0.18037
0.1	-8.5	0.00000	0.00004	0.00051	0.00473	0.03364	0.19449
0.1	-8.45	0.00000	0.00004	0.00056	0.00518	0.03653	0.20966
0.1	-8.4	0.00000	0.00005	0.00062	0.00567	0.03967	0.22594
0.1	-8.35	0.00000	0.00005	0.00068	0.0062	0.04306	0.24341
0.1	-8.3	0.00000	0.00006	0.00075	0.00678	0.04673	0.26215
0.1	-8.25	0.00000	0.00006	0.00083	0.00742	0.0507	0.28225
0.1	-8.2	0.00000	0.00007	0.00092	0.00811	0.05499	0.30378
0.1	-8.15	0.00000	0.00008	0.00101	0.00886	0.05963	0.32686
0.1	-8.1	0.00000	0.00009	0.00111	0.00969	0.06465	0.35157
0.1	-8.05	0.00000	0.0001	0.00123	0.01058	0.07006	0.37803
0.1	-8.	0.00000	0.00011	0.00135	0.01156	0.07591	0.40633
0.1	-7.95	0.00000	0.00012	0.00149	0.01263	0.08222	0.43661
0.1	-7.9	0.00000	0.00013	0.00164	0.01378	0.08903	0.46898
0.1	-7.85	0.00000	0.00015	0.0018	0.01505	0.09637	0.50357
0.1	-7.8	0.00000	0.00016	0.00199	0.01642	0.10429	0.54051
0.1	-7.75	0.00000	0.00018	0.00219	0.01792	0.11283	0.57996
0.1	-7.7	0.00000	0.0002	0.0024	0.01954	0.12203	0.62205
0.1	-7.65	0.00001	0.00023	0.00265	0.02131	0.13193	0.66694
0.1	-7.6	0.00001	0.00025	0.00291	0.02323	0.14259	0.7148
0.1	-7.55	0.00001	0.00028	0.0032	0.02532	0.15407	0.7658
0.1	-7.5	0.00001	0.00031	0.00352	0.0276	0.16641	0.82011
0.1	-7.45	0.00002	0.00034	0.00387	0.03006	0.17968	0.87792
0.1	-7.4	0.00002	0.00038	0.00425	0.03274	0.19394	0.93942
0.1	-7.35	0.00002	0.00042	0.00468	0.03564	0.20926	1.00481
0.1	-7.3	0.00002	0.00047	0.00514	0.0388	0.22571	1.0743
0.1	-7.25	0.00003	0.00052	0.00564	0.04222	0.24336	1.1481
0.1	-7.2	0.00003	0.00058	0.0062	0.04592	0.2623	1.22643
0.1	-7.15	0.00003	0.00064	0.00681	0.04994	0.28261	1.30953
0.1	-7.1	0.00004	0.00071	0.00747	0.05429	0.30437	1.39764
0.1	-7.05	0.00004	0.00079	0.0082	0.05901	0.32768	1.49098
0.1	-7.	0.00004	0.00087	0.009	0.06411	0.35264	1.58981
0.1	-6.95	0.00005	0.00097	0.00987	0.06963	0.37934	1.6944
0.1	-6.9	0.00006	0.00107	0.01083	0.0756	0.4079	1.80499
0.1	-6.85	0.00006	0.00119	0.01187	0.08205	0.43843	1.92185
0.1	-6.8	0.00007	0.00132	0.01302	0.08903	0.47105	2.04526
0.1	-6.75	0.00008	0.00146	0.01426	0.09657	0.50587	2.17548
0.1	-6.7	0.00009	0.00162	0.01563	0.1047	0.54302	2.3128
0.1	-6.65	0.0001	0.0018	0.01712	0.11348	0.58265	2.45749
0.1	-6.6	0.00011	0.00199	0.01875	0.12296	0.62488	2.60983
0.1	-6.55	0.00013	0.0022	0.02052	0.13317	0.66986	2.7701
0.1	-6.5	0.00014	0.00244	0.02246	0.14417	0.71773	2.93857
0.1	-6.45	0.00016	0.0027	0.02458	0.15603	0.76866	3.11552
0.1	-6.4	0.00018	0.00299	0.02688	0.16879	0.82279	3.30123
0.1	-6.35	0.0002	0.00331	0.0294	0.18252	0.88029	3.49594
0.1	-6.3	0.00022	0.00366	0.03214	0.19728	0.94133	3.69992
0.1	-6.25	0.00025	0.00405	0.03512	0.21315	1.00608	3.91341
0.1	-6.2	0.00028	0.00448	0.03836	0.23019	1.0747	4.13664
0.1	-6.15	0.00032	0.00495	0.0419	0.24849	1.14739	4.36983
0.1	-6.1	0.00035	0.00547	0.04574	0.26811	1.2243	4.61318
0.1	-6.05	0.0004	0.00605	0.04992	0.28916	1.30564	4.86687
0.1	-6.	0.00045	0.00668	0.05446	0.31171	1.39157	5.13106
0.1	-5.95	0.0005	0.00738	0.05939	0.33585	1.48229	5.40589
0.1	-5.9	0.00056	0.00815	0.06474	0.36168	1.57796	5.69144
0.1	-5.85	0.00063	0.009	0.07055	0.38931	1.67878	5.9878
0.1	-5.8	0.0007	0.00994	0.07684	0.41882	1.78492	6.29501
0.1	-5.75	0.00079	0.01097	0.08367	0.45034	1.89655	6.61307
0.1	-5.7	0.00089	0.01211	0.09107	0.48396	2.01383	6.94192
0.1	-5.65	0.00099	0.01335	0.09908	0.51981	2.13694	7.28149
0.1	-5.6	0.00111	0.01473	0.10774	0.558	2.26602	7.63163
0.1	-5.55	0.00125	0.01624	0.11711	0.59864	2.40122	7.99215
0.1	-5.5	0.0014	0.0179	0.12724	0.64186	2.54266	8.36281
0.1	-5.45	0.00157	0.01972	0.13818	0.68778	2.69046	8.74329
0.1	-5.4	0.00175	0.02172	0.14999	0.73653	2.84472	9.13323
0.1	-5.35	0.00197	0.02392	0.16273	0.78823	3.00552	9.53217
0.1	-5.3	0.0022	0.02633	0.17646	0.843	3.17293	9.93962
0.1	-5.25	0.00247	0.02897	0.19124	0.90098	3.34697	10.35497
0.1	-5.2	0.00276	0.03187	0.20716	0.96228	3.52766	10.77757
0.1	-5.15	0.00309	0.03505	0.22428	1.02702	3.71499	11.20667
0.1	-5.1	0.00346	0.03853	0.24267	1.09532	3.90889	11.64143
0.1	-5.05	0.00387	0.04233	0.26242	1.16731	4.1093	12.08095
0.1	-5.	0.00434	0.0465	0.28361	1.24307	4.31609	12.52421
0.1	-4.95	0.00486	0.05105	0.30632	1.32271	4.5291	12.97012
0.1	-4.9	0.00543	0.05603	0.33063	1.40633	4.74812	13.41751
0.1	-4.85	0.00608	0.06146	0.35664	1.49399	4.9729	13.86511
0.1	-4.8	0.00681	0.0674	0.38445	1.58578	5.20316	14.31155
0.1	-4.75	0.00762	0.07386	0.41412	1.68175	5.43852	14.75538
0.1	-4.7	0.00852	0.08091	0.44578	1.78193	5.6786	15.19509
0.1	-4.65	0.00953	0.08858	0.47949	1.88634	5.92293	15.62905
0.1	-4.6	0.01066	0.09694	0.51537	1.99498	6.17098	16.05558
0.1	-4.55	0.01191	0.10602	0.5535	2.10784	6.42218	16.47292
0.1	-4.5	0.01331	0.11588	0.59396	2.22485	6.67588	16.87924
0.1	-4.45	0.01487	0.12659	0.63685	2.34595	6.93137	17.27266
0.1	-4.4	0.0166	0.1382	0.68226	2.47103	7.18788	17.65126
0.1	-4.35	0.01853	0.15078	0.73024	2.59995	7.44457	18.01305
0.1	-4.3	0.02069	0.1644	0.78089	2.73254	7.70053	18.35604
0.1	-4.25	0.02309	0.17913	0.83425	2.86858	7.95481	18.67823
0.1	-4.2	0.02577	0.19504	0.89038	3.00783	8.20637	18.97758
0.1	-4.15	0.02874	0.2122	0.94932	3.14998	8.45413	19.25211
0.1	-4.1	0.03204	0.23068	1.0111	3.29471	8.69694	19.49984
0.1	-4.05	0.0357	0.25058	1.07573	3.44163	8.93362	19.71883
0.1	-4.	0.03977	0.27196	1.14321	3.5903	9.16291	19.90723
0.1	-3.95	0.04429	0.2949	1.2135	3.74024	9.38354	20.06324
0.1	-3.9	0.04928	0.31949	1.28657	3.89093	9.5942	20.18519
0.1	-3.85	0.05481	0.34579	1.36233	4.04177	9.79355	20.27151
0.1	-3.8	0.06093	0.37388	1.44068	4.19215	9.98024	20.32078
0.1	-3.75	0.06771	0.40382	1.52151	4.34137	10.15291	20.33172
0.1	-3.7	0.07519	0.43568	1.60464	4.48871	10.31021	20.30326
0.1	-3.65	0.08343	0.46952	1.68988	4.63339	10.45081	20.23448
0.1	-3.6	0.0925	0.50536	1.777	4.77459	10.57341	20.12473
0.1	-3.55	0.10246	0.54326	1.86573	4.91146	10.67677	19.97355
0.1	-3.5	0.11339	0.58324	1.95577	5.0431	10.7597	19.78074
0.1	-3.45	0.12536	0.6253	2.04675	5.1686	10.82107	19.54636
0.1	-3.4	0.13846	0.66944	2.13828	5.28701	10.85988	19.27073
0.1	-3.35	0.15276	0.71562	2.22992	5.39738	10.87521	18.95447
0.1	-3.3	0.16836	0.76379	2.3212	5.49875	10.86628	18.59846
0.1	-3.25	0.18534	0.81385	2.41159	5.59018	10.83243	18.20389
0.1	-3.2	0.20377	0.8657	2.50052	5.67072	10.77316	17.77222
0.1	-3.15	0.2237	0.9192	2.5874	5.73947	10.68816	17.3052
0.1	-3.1	0.24522	0.97415	2.67158	5.79557	10.57725	16.80486
0.1	-3.05	0.26839	1.03036	2.75241	5.8382	10.44049	16.2735
0.1	-3.	0.29323	1.08756	2.82919	5.86661	10.2781	15.71363
0.1	-2.95	0.31981	1.14545	2.90122	5.88014	10.09051	15.12804
0.1	-2.9	0.34813	1.20369	2.96778	5.87823	9.87838	14.51972
0.1	-2.85	0.37816	1.2619	3.02817	5.86039	9.64254	13.89181
0.1	-2.8	0.40984	1.31967	3.08168	5.82629	9.38406	13.24765
0.1	-2.75	0.44309	1.37653	3.12762	5.77569	9.10419	12.59067
0.1	-2.7	0.47782	1.43202	3.16535	5.70852	8.80438	11.92441
0.1	-2.65	0.51385	1.4856	3.19427	5.62484	8.48626	11.25244
0.1	-2.6	0.55103	1.53675	3.21381	5.52485	8.15163	10.57839
0.1	-2.55	0.58913	1.58491	3.22349	5.40892	7.80245	9.90584
0.1	-2.5	0.62789	1.62952	3.22291	5.27756	7.44079	9.23832
0.1	-2.45	0.66708	1.67001	3.21174	5.13147	7.06886	8.57928
0.1	-2.4	0.70636	1.7058	3.18977	4.97145	6.68892	7.93202
0.1	-2.35	0.74532	1.73634	3.15689	4.79848	6.30332	7.2997
0.1	-2.3	0.7834	1.76113	3.11311	4.61365	5.91443	6.68527
0.1	-2.25	0.82012	1.77974	3.05856	4.41818	5.52462	6.09146
0.1	-2.2	0.85506	1.79179	2.9935	4.2134	5.13627	5.52077
0.1	-2.15	0.88783	1.79696	2.91827	4.0007	4.75168	4.97541
0.1	-2.1	0.91794	1.795	2.83337	3.78158	4.37309	4.45729
0.1	-2.05	0.94486	1.78574	2.73937	3.55754	4.00264	3.96803
0.1	-2.	0.96807	1.76913	2.63697	3.33017	3.64239	3.50894
0.1	-1.95	0.98719	1.74524	2.52694	3.10103	3.29419	3.08098
0.1	-1.9	1.0019	1.71421	2.41012	2.87169	2.95982	2.68481
0.1	-1.85	1.01192	1.67628	2.28742	2.64369	2.64081	2.32073
0.1	-1.8	1.01709	1.63179	2.15978	2.41854	2.33857	1.98875
0.1	-1.75	1.01734	1.58113	2.02815	2.19769	2.05427	1.68853
0.1	-1.7	1.01259	1.52477	1.89353	1.98255	1.7889	1.41942
0.1	-1.65	1.00288	1.46323	1.75688	1.77444	1.54321	1.1805
0.1	-1.6	0.98845	1.39709	1.61917	1.57462	1.31776	0.97055
0.1	-1.55	0.96977	1.32689	1.48134	1.38424	1.11285	0.78809
0.1	-1.5	0.94736	1.25312	1.34431	1.20439	0.92855	0.63144
0.1	-1.45	0.92173	1.17621	1.20903	1.03606	0.76467	0.4987
0.1	-1.4	0.89338	1.09651	1.07642	0.88012	0.62079	0.38782
0.1	-1.35	0.86277	1.0143	0.94746	0.73734	0.49622	0.29661
0.1	-1.3	0.83017	0.92978	0.82321	0.60829	0.39002	0.22284
0.1	-1.25	0.79549	0.84318	0.70477	0.49339	0.30102	0.16426
0.1	-1.2	0.75808	0.75479	0.59333	0.39281	0.22781	0.11863
0.1	-1.15	0.71684	0.66519	0.49014	0.30644	0.16881	0.08384
0.1	-1.1	0.67033	0.57531	0.3964	0.23386	0.12231	0.05789
0.1	-1.05	0.61665	0.48662	0.31319	0.17432	0.08652	0.039
0.1	-1.	0.55425	0.40121	0.24128	0.12672	0.05966	0.02559
0.1	-0.95	0.4836	0.32162	0.181	0.08971	0.04003	0.01632
0.1	-0.9	0.40776	0.25031	0.13204	0.06175	0.02609	0.01009
0.1	-0.85	0.33179	0.18903	0.09355	0.04123	0.01646	0.00603
0.1	-0.8	0.26094	0.13846	0.06424	0.02664	0.01003	0.00348
0.1	-0.75	0.19869	0.09823	0.04265	0.0166	0.00588	0.00193
0.1	-0.7	0.1464	0.0673	0.02726	0.00993	0.00331	0.00102
0.1	-0.65	0.10417	0.04434	0.01669	0.00568	0.00177	0.00052
0.1	-0.6	0.07121	0.02792	0.00973	0.00308	0.0009	0.00025
0.1	-0.55	0.04642	0.01669	0.00537	0.00159	0.00044	0.00011
0.1	-0.5	0.02861	0.00938	0.00279	0.00077	0.0002	0.00005
0.1	-0.45	0.01644	0.00492	0.00136	0.00035	0.00009	0.00002
0.1	-0.4	0.00871	0.0024	0.00062	0.00015	0.00004	0.00000
0.1	-0.35	0.00425	0.00109	0.00026	0.00006	0.00001	0.00000
0.1	-0.3	0.00192	0.00046	0.00011	0.00002	0.00000	0.00000
0.1	-0.25	0.00081	0.00019	0.00004	0.00000	0.00000	0.00000
0.1	-0.2	0.00032	0.00007	0.00002	0.00000	0.00000	0.00000
0.1	-0.15	0.00013	0.00003	0.00000	0.00000	0.00000	0.00000
0.1	-0.1	0.00005	0.00000	0.00000	0.00000	0.00000	0.00000
0.1	-0.05	0.00002	0.00000	0.00000	0.00000	0.00000	0.00000
0.1	0.00	0.00000	0.00000	0.00000	0.00000	0.00000	0.00000
0.07	-8.9	0.00000	0.00002	0.00033	0.00322	0.02398	0.14514
0.07	-8.85	0.00000	0.00003	0.00036	0.00353	0.02608	0.15674
0.07	-8.8	0.00000	0.00003	0.0004	0.00387	0.02837	0.16922
0.07	-8.75	0.00000	0.00003	0.00044	0.00423	0.03084	0.18264
0.07	-8.7	0.00000	0.00004	0.00049	0.00464	0.03352	0.19707
0.07	-8.65	0.00000	0.00004	0.00054	0.00508	0.03642	0.21258
0.07	-8.6	0.00000	0.00004	0.0006	0.00556	0.03957	0.22924
0.07	-8.55	0.00000	0.00005	0.00066	0.00608	0.04298	0.24714
0.07	-8.5	0.00000	0.00005	0.00073	0.00666	0.04667	0.26635
0.07	-8.45	0.00000	0.00006	0.0008	0.00728	0.05066	0.28697
0.07	-8.4	0.00000	0.00007	0.00088	0.00797	0.05499	0.30909
0.07	-8.35	0.00000	0.00007	0.00097	0.00871	0.05966	0.33281
0.07	-8.3	0.00000	0.00008	0.00107	0.00952	0.06472	0.35824
0.07	-8.25	0.00000	0.00009	0.00118	0.01041	0.07018	0.38548
0.07	-8.2	0.00000	0.0001	0.0013	0.01138	0.07609	0.41466
0.07	-8.15	0.00000	0.00011	0.00144	0.01243	0.08246	0.4459
0.07	-8.1	0.00000	0.00013	0.00158	0.01358	0.08935	0.47934
0.07	-8.05	0.00000	0.00014	0.00174	0.01483	0.09679	0.5151
0.07	-8.	0.00000	0.00016	0.00192	0.0162	0.10481	0.55334
0.07	-7.95	0.00000	0.00017	0.00211	0.01768	0.11347	0.59421
0.07	-7.9	0.00000	0.00019	0.00233	0.0193	0.1228	0.63787
0.07	-7.85	0.00000	0.00021	0.00256	0.02105	0.13286	0.68449
0.07	-7.8	0.00001	0.00024	0.00282	0.02297	0.1437	0.73424
0.07	-7.75	0.00001	0.00026	0.0031	0.02505	0.15538	0.78732
0.07	-7.7	0.00001	0.00029	0.00341	0.02731	0.16795	0.84391
0.07	-7.65	0.00001	0.00033	0.00376	0.02977	0.18148	0.90422
0.07	-7.6	0.00002	0.00036	0.00413	0.03244	0.19603	0.96845
0.07	-7.55	0.00002	0.0004	0.00454	0.03534	0.21168	1.03683
0.07	-7.5	0.00002	0.00045	0.00499	0.03849	0.2285	1.1096
0.07	-7.45	0.00002	0.00049	0.00549	0.04191	0.24658	1.18697
0.07	-7.4	0.00003	0.00055	0.00603	0.04561	0.26598	1.26922
0.07	-7.35	0.00003	0.00061	0.00662	0.04964	0.28681	1.35658
0.07	-7.3	0.00003	0.00068	0.00727	0.054	0.30916	1.44932
0.07	-7.25	0.00004	0.00075	0.00799	0.05873	0.33313	1.54773
0.07	-7.2	0.00004	0.00083	0.00877	0.06385	0.35881	1.65208
0.07	-7.15	0.00005	0.00092	0.00962	0.0694	0.38633	1.76265
0.07	-7.1	0.00005	0.00102	0.01056	0.07541	0.4158	1.87976
0.07	-7.05	0.00006	0.00113	0.01159	0.0819	0.44733	2.0037
0.07	-7.	0.00007	0.00126	0.01271	0.08894	0.48106	2.1348
0.07	-6.95	0.00007	0.00139	0.01394	0.09654	0.51713	2.27335
0.07	-6.9	0.00008	0.00155	0.01528	0.10475	0.55565	2.41971
0.07	-6.85	0.00009	0.00171	0.01675	0.11363	0.5968	2.57418
0.07	-6.8	0.0001	0.0019	0.01835	0.12321	0.64071	2.7371
0.07	-6.75	0.00012	0.0021	0.0201	0.13356	0.68754	2.90882
0.07	-6.7	0.00013	0.00233	0.02201	0.14472	0.73746	3.08966
0.07	-6.65	0.00015	0.00258	0.0241	0.15675	0.79064	3.27997
0.07	-6.6	0.00016	0.00286	0.02638	0.16972	0.84726	3.48008
0.07	-6.55	0.00018	0.00316	0.02886	0.18369	0.9075	3.69032
0.07	-6.5	0.00021	0.0035	0.03157	0.19873	0.97154	3.91102
0.07	-6.45	0.00023	0.00387	0.03453	0.21491	1.03958	4.1425
0.07	-6.4	0.00026	0.00429	0.03775	0.23232	1.11182	4.38508
0.07	-6.35	0.00029	0.00474	0.04125	0.25103	1.18847	4.63905
0.07	-6.3	0.00033	0.00524	0.04507	0.27113	1.26973	4.90471
0.07	-6.25	0.00037	0.0058	0.04922	0.2927	1.35581	5.18232
0.07	-6.2	0.00041	0.00641	0.05374	0.31586	1.44693	5.47213
0.07	-6.15	0.00046	0.00709	0.05865	0.34068	1.54331	5.77438
0.07	-6.1	0.00052	0.00783	0.06399	0.36729	1.64516	6.08926
0.07	-6.05	0.00058	0.00865	0.06979	0.39578	1.75271	6.41696
0.07	-6.	0.00065	0.00956	0.07608	0.42628	1.86618	6.75761
0.07	-5.95	0.00073	0.01056	0.08291	0.45889	1.98578	7.11131
0.07	-5.9	0.00082	0.01166	0.09032	0.49374	2.11172	7.47814
0.07	-5.85	0.00092	0.01286	0.09835	0.53096	2.24423	7.8581
0.07	-5.8	0.00103	0.0142	0.10706	0.57068	2.3835	8.25118
0.07	-5.75	0.00116	0.01566	0.11648	0.61304	2.52974	8.65729
0.07	-5.7	0.0013	0.01727	0.12668	0.65816	2.68313	9.07629
0.07	-5.65	0.00146	0.01904	0.13771	0.7062	2.84384	9.50798
0.07	-5.6	0.00163	0.02099	0.14963	0.7573	3.01205	9.95209
0.07	-5.55	0.00183	0.02313	0.16251	0.81161	3.18789	10.40828
0.07	-5.5	0.00205	0.02548	0.17641	0.86928	3.3715	10.87614
0.07	-5.45	0.0023	0.02806	0.1914	0.93045	3.56298	11.35517
0.07	-5.4	0.00258	0.03089	0.20757	0.99527	3.76243	11.84479
0.07	-5.35	0.00289	0.03399	0.22499	1.06391	3.96988	12.34434
0.07	-5.3	0.00324	0.03739	0.24374	1.13651	4.18538	12.85305
0.07	-5.25	0.00362	0.04112	0.2639	1.21321	4.40892	13.37007
0.07	-5.2	0.00406	0.0452	0.28558	1.29416	4.64045	13.89445
0.07	-5.15	0.00454	0.04967	0.30885	1.37949	4.87989	14.42513
0.07	-5.1	0.00508	0.05456	0.33383	1.46934	5.12712	14.96094
0.07	-5.05	0.00569	0.05991	0.3606	1.56383	5.38196	15.50063
0.07	-5.	0.00637	0.06575	0.38928	1.66308	5.64418	16.04281
0.07	-4.95	0.00713	0.07213	0.41996	1.76719	5.91353	16.58601
0.07	-4.9	0.00797	0.07909	0.45276	1.87624	6.18965	17.12865
0.07	-4.85	0.00892	0.08668	0.48778	1.99031	6.47216	17.66902
0.07	-4.8	0.00997	0.09496	0.52515	2.10945	6.76059	18.20534
0.07	-4.75	0.01115	0.10397	0.56496	2.23369	7.05443	18.7357
0.07	-4.7	0.01247	0.11378	0.60733	2.36305	7.35307	19.25813
0.07	-4.65	0.01394	0.12444	0.65237	2.4975	7.65585	19.77055
0.07	-4.6	0.01558	0.13603	0.7002	2.63701	7.96202	20.27079
0.07	-4.55	0.01741	0.14861	0.75091	2.78149	8.27077	20.75663
0.07	-4.5	0.01945	0.16226	0.8046	2.93083	8.58121	21.22576
0.07	-4.45	0.02172	0.17704	0.86138	3.08488	8.89235	21.67584
0.07	-4.4	0.02425	0.19304	0.92132	3.24346	9.20316	22.10449
0.07	-4.35	0.02705	0.21035	0.98452	3.40632	9.5125	22.50929
0.07	-4.3	0.03018	0.22904	1.05103	3.57318	9.81918	22.88782
0.07	-4.25	0.03365	0.24922	1.1209	3.74372	10.12191	23.23767
0.07	-4.2	0.03752	0.27095	1.19419	3.91755	10.41936	23.55643
0.07	-4.15	0.04181	0.29435	1.2709	4.09423	10.71012	23.84179
0.07	-4.1	0.04657	0.3195	1.35104	4.27327	10.99273	24.09145
0.07	-4.05	0.05185	0.34649	1.43459	4.45412	11.26567	24.30322
0.07	-4.	0.0577	0.37543	1.52151	4.63616	11.52738	24.47502
0.07	-3.95	0.06417	0.40639	1.61171	4.81873	11.77628	24.6049
0.07	-3.9	0.07132	0.43947	1.70509	5.00108	12.01074	24.69106
0.07	-3.85	0.07922	0.47475	1.80151	5.18244	12.22915	24.73189
0.07	-3.8	0.08795	0.5123	1.90079	5.36194	12.42987	24.72598
0.07	-3.75	0.09758	0.5522	2.00271	5.53869	12.61131	24.67213
0.07	-3.7	0.10817	0.59451	2.10702	5.71173	12.77189	24.5694
0.07	-3.65	0.11981	0.63926	2.2134	5.88004	12.91008	24.41711
0.07	-3.6	0.13257	0.6865	2.32152	6.04259	13.02442	24.21487
0.07	-3.55	0.14656	0.73624	2.43096	6.19828	13.11353	23.9626
0.07	-3.5	0.16187	0.78847	2.54128	6.346	13.17614	23.66051
0.07	-3.45	0.17861	0.84317	2.65197	6.48462	13.2111	23.30915
0.07	-3.4	0.19687	0.90027	2.76249	6.61299	13.21738	22.90943
0.07	-3.35	0.21674	0.95969	2.87222	6.72998	13.19413	22.46257
0.07	-3.3	0.2383	1.02129	2.98051	6.83444	13.14066	21.97014
0.07	-3.25	0.26163	1.08493	3.08668	6.92529	13.05647	21.43407
0.07	-3.2	0.28682	1.15041	3.18997	7.00146	12.94128	20.85659
0.07	-3.15	0.31392	1.2175	3.28962	7.06195	12.79502	20.24028
0.07	-3.1	0.34301	1.2859	3.38482	7.10583	12.61783	19.58802
0.07	-3.05	0.37412	1.35529	3.47472	7.13225	12.41014	18.90298
0.07	-3.	0.4073	1.42529	3.55849	7.14047	12.17256	18.18857
0.07	-2.95	0.4425	1.49547	3.63528	7.12987	11.906	17.44845
0.07	-2.9	0.47969	1.56535	3.70423	7.09997	11.6116	16.68649
0.07	-2.85	0.51881	1.63442	3.76452	7.05041	11.29073	15.90669
0.07	-2.8	0.55974	1.70212	3.81534	6.98101	10.94502	15.11324
0.07	-2.75	0.60233	1.76785	3.85596	6.89176	10.57631	14.31033
0.07	-2.7	0.64636	1.83099	3.88566	6.78282	10.18665	13.50227
0.07	-2.65	0.69162	1.89089	3.90383	6.65453	9.77827	12.69332
0.07	-2.6	0.73782	1.94688	3.90992	6.50742	9.35361	11.88771
0.07	-2.55	0.78462	1.99829	3.90349	6.34222	8.91521	11.08957
0.07	-2.5	0.83168	2.04445	3.88422	6.15981	8.46574	10.30288
0.07	-2.45	0.87859	2.08469	3.85189	5.96129	8.00797	9.5315
0.07	-2.4	0.92486	2.1184	3.80643	5.7479	7.54469	8.77899
0.07	-2.35	0.96996	2.14498	3.74791	5.52104	7.07876	8.04872
0.07	-2.3	1.01332	2.1639	3.67655	5.28226	6.61297	7.34373
0.07	-2.25	1.05445	2.17473	3.5927	5.03321	6.1501	6.6668
0.07	-2.2	1.09286	2.17706	3.49687	4.77567	5.69283	6.02032
0.07	-2.15	1.12791	2.17061	3.38972	4.51147	5.24374	5.40637
0.07	-2.1	1.15904	2.15517	3.27205	4.24247	4.80525	4.82663
0.07	-2.05	1.18565	2.13069	3.14479	3.97059	4.37963	4.28243
0.07	-2.	1.20713	2.09723	3.00898	3.69773	3.96896	3.77471
0.07	-1.95	1.22287	2.05502	2.86577	3.42572	3.57509	3.30406
0.07	-1.9	1.23248	2.00447	2.71635	3.15637	3.19967	2.8707
0.07	-1.85	1.23588	1.94605	2.56197	2.89139	2.84412	2.47447
0.07	-1.8	1.2329	1.88035	2.40389	2.6324	2.50961	2.11492
0.07	-1.75	1.22335	1.80808	2.24337	2.38089	2.19707	1.79123
0.07	-1.7	1.20724	1.73004	2.08165	2.13825	1.90719	1.50233
0.07	-1.65	1.18488	1.64712	1.91989	1.90571	1.64043	1.24683
0.07	-1.6	1.15684	1.56021	1.75919	1.68442	1.397	1.02312
0.07	-1.55	1.12391	1.47011	1.60059	1.47536	1.17688	0.82933
0.07	-1.5	1.0868	1.37756	1.44502	1.27941	0.9798	0.66342
0.07	-1.45	1.04628	1.28322	1.29339	1.09733	0.8053	0.52319
0.07	-1.4	1.0031	1.18762	1.14655	0.92975	0.65264	0.4063
0.07	-1.35	0.95801	1.09116	1.00537	0.77716	0.52087	0.31034
0.07	-1.3	0.91164	0.99416	0.8707	0.63992	0.40882	0.23286
0.07	-1.25	0.86427	0.89681	0.74345	0.5182	0.31511	0.17141
0.07	-1.2	0.8156	0.79933	0.62458	0.41198	0.23815	0.12362
0.07	-1.15	0.76477	0.70212	0.51512	0.32098	0.17623	0.08723
0.07	-1.1	0.71035	0.60587	0.41608	0.24464	0.12749	0.06014
0.07	-1.05	0.6505	0.51179	0.32836	0.18208	0.09002	0.04044
0.07	-1.	0.58358	0.42166	0.25266	0.13213	0.06195	0.02648
0.07	-0.95	0.50925	0.33777	0.18921	0.09335	0.04148	0.01685
0.07	-0.9	0.42967	0.26253	0.13772	0.06409	0.02697	0.0104
0.07	-0.85	0.34954	0.19781	0.09731	0.04269	0.01698	0.00621
0.07	-0.8	0.2743	0.14443	0.06663	0.02751	0.01033	0.00357
0.07	-0.75	0.20804	0.1021	0.0441	0.0171	0.00604	0.00197
0.07	-0.7	0.15259	0.06971	0.0281	0.0102	0.00339	0.00105
0.07	-0.65	0.10813	0.04578	0.01716	0.00582	0.00182	0.00053
0.07	-0.6	0.07363	0.02874	0.00999	0.00316	0.00092	0.00025
0.07	-0.55	0.04784	0.01713	0.0055	0.00162	0.00045	0.00012
0.07	-0.5	0.02939	0.0096	0.00285	0.00078	0.0002	0.00005
0.07	-0.45	0.01684	0.00502	0.00138	0.00036	0.00009	0.00002
0.07	-0.4	0.00888	0.00244	0.00063	0.00015	0.00004	0.00000
0.07	-0.35	0.00433	0.00111	0.00027	0.00006	0.00001	0.00000
0.07	-0.3	0.00195	0.00047	0.00011	0.00002	0.00000	0.00000
0.07	-0.25	0.00082	0.00019	0.00004	0.00000	0.00000	0.00000
0.07	-0.2	0.00033	0.00007	0.00002	0.00000	0.00000	0.00000
0.07	-0.15	0.00013	0.00003	0.00000	0.00000	0.00000	0.00000
0.07	-0.1	0.00005	0.00000	0.00000	0.00000	0.00000	0.00000
0.07	-0.05	0.00002	0.00000	0.00000	0.00000	0.00000	0.00000
0.07	0.00	0.00000	0.00000	0.00000	0.00000	0.00000	0.00000
0.05	-8.9	0.00000	0.00003	0.00046	0.0044	0.03233	0.19324
0.05	-8.85	0.00000	0.00004	0.00051	0.00482	0.03515	0.20859
0.05	-8.8	0.00000	0.00004	0.00056	0.00528	0.0382	0.22509
0.05	-8.75	0.00000	0.00004	0.00062	0.00578	0.04152	0.24282
0.05	-8.7	0.00000	0.00005	0.00068	0.00633	0.04511	0.26188
0.05	-8.65	0.00000	0.00006	0.00075	0.00692	0.049	0.28234
0.05	-8.6	0.00000	0.00006	0.00083	0.00758	0.05321	0.30432
0.05	-8.55	0.00000	0.00007	0.00091	0.00829	0.05776	0.32791
0.05	-8.5	0.00000	0.00008	0.001	0.00907	0.06269	0.35322
0.05	-8.45	0.00000	0.00008	0.00111	0.00991	0.06803	0.38036
0.05	-8.4	0.00000	0.00009	0.00122	0.01084	0.0738	0.40946
0.05	-8.35	0.00000	0.0001	0.00135	0.01185	0.08003	0.44065
0.05	-8.3	0.00000	0.00012	0.00148	0.01295	0.08677	0.47405
0.05	-8.25	0.00000	0.00013	0.00163	0.01415	0.09405	0.50982
0.05	-8.2	0.00000	0.00014	0.0018	0.01546	0.10192	0.5481
0.05	-8.15	0.00000	0.00016	0.00198	0.01688	0.11041	0.58906
0.05	-8.1	0.00000	0.00018	0.00218	0.01844	0.11957	0.63286
0.05	-8.05	0.00000	0.0002	0.0024	0.02013	0.12946	0.67968
0.05	-8.	0.00000	0.00022	0.00265	0.02197	0.14012	0.72971
0.05	-7.95	0.00001	0.00024	0.00291	0.02397	0.15161	0.78313
0.05	-7.9	0.00001	0.00027	0.00321	0.02615	0.16399	0.84015
0.05	-7.85	0.00001	0.0003	0.00353	0.02852	0.17733	0.90099
0.05	-7.8	0.00001	0.00033	0.00388	0.03109	0.19169	0.96587
0.05	-7.75	0.00002	0.00037	0.00427	0.0339	0.20715	1.03503
0.05	-7.7	0.00002	0.00041	0.00469	0.03694	0.22379	1.1087
0.05	-7.65	0.00002	0.00046	0.00516	0.04024	0.24168	1.18715
0.05	-7.6	0.00002	0.00051	0.00567	0.04383	0.2609	1.27064
0.05	-7.55	0.00003	0.00056	0.00624	0.04773	0.28157	1.35944
0.05	-7.5	0.00003	0.00062	0.00685	0.05196	0.30376	1.45384
0.05	-7.45	0.00003	0.00069	0.00753	0.05654	0.32758	1.55413
0.05	-7.4	0.00004	0.00077	0.00827	0.06152	0.35314	1.66063
0.05	-7.35	0.00004	0.00085	0.00908	0.06691	0.38056	1.77366
0.05	-7.3	0.00005	0.00095	0.00997	0.07275	0.40995	1.89354
0.05	-7.25	0.00005	0.00105	0.01094	0.07907	0.44145	2.0206
0.05	-7.2	0.00006	0.00116	0.01201	0.08592	0.47517	2.1552
0.05	-7.15	0.00007	0.00129	0.01317	0.09334	0.51127	2.29769
0.05	-7.1	0.00008	0.00143	0.01445	0.10136	0.54989	2.44844
0.05	-7.05	0.00008	0.00158	0.01585	0.11003	0.59119	2.60782
0.05	-7.	0.00009	0.00176	0.01737	0.1194	0.63532	2.7762
0.05	-6.95	0.00011	0.00195	0.01904	0.12953	0.68245	2.95398
0.05	-6.9	0.00012	0.00216	0.02086	0.14047	0.73277	3.14154
0.05	-6.85	0.00013	0.00239	0.02286	0.15228	0.78644	3.33928
0.05	-6.8	0.00015	0.00264	0.02503	0.16502	0.84367	3.54759
0.05	-6.75	0.00017	0.00293	0.02741	0.17875	0.90465	3.76687
0.05	-6.7	0.00019	0.00324	0.03	0.19356	0.96958	3.99752
0.05	-6.65	0.00021	0.00359	0.03283	0.20952	1.03867	4.23993
0.05	-6.6	0.00024	0.00397	0.03591	0.2267	1.11215	4.49449
0.05	-6.55	0.00027	0.0044	0.03927	0.24519	1.19024	4.76158
0.05	-6.5	0.0003	0.00487	0.04294	0.26507	1.27317	5.04158
0.05	-6.45	0.00033	0.00538	0.04692	0.28646	1.36118	5.33484
0.05	-6.4	0.00037	0.00595	0.05127	0.30943	1.45451	5.64171
0.05	-6.35	0.00042	0.00658	0.056	0.3341	1.55341	5.96253
0.05	-6.3	0.00047	0.00728	0.06114	0.36057	1.65813	6.29759
0.05	-6.25	0.00053	0.00804	0.06673	0.38897	1.76892	6.64718
0.05	-6.2	0.00059	0.00889	0.07281	0.4194	1.88604	7.01155
0.05	-6.15	0.00066	0.00982	0.07942	0.452	2.00975	7.39093
0.05	-6.1	0.00074	0.01085	0.08659	0.4869	2.14031	7.7855
0.05	-6.05	0.00083	0.01198	0.09437	0.52423	2.27798	8.19541
0.05	-6.	0.00093	0.01323	0.10281	0.56413	2.423	8.62075
0.05	-5.95	0.00105	0.0146	0.11197	0.60676	2.57564	9.06158
0.05	-5.9	0.00117	0.01611	0.12188	0.65226	2.73613	9.51789
0.05	-5.85	0.00131	0.01777	0.13263	0.70078	2.90471	9.98962
0.05	-5.8	0.00147	0.0196	0.14425	0.7525	3.08161	10.47664
0.05	-5.75	0.00165	0.02161	0.15683	0.80757	3.26704	10.97874
0.05	-5.7	0.00185	0.02382	0.17043	0.86617	3.46121	11.49566
0.05	-5.65	0.00207	0.02625	0.18512	0.92846	3.66428	12.02703
0.05	-5.6	0.00232	0.02892	0.20098	0.99463	3.87643	12.57242
0.05	-5.55	0.0026	0.03185	0.21809	1.06484	4.09779	13.13129
0.05	-5.5	0.00291	0.03506	0.23655	1.13927	4.32848	13.70301
0.05	-5.45	0.00326	0.03859	0.25643	1.2181	4.56858	14.28686
0.05	-5.4	0.00366	0.04245	0.27783	1.30151	4.81812	14.882
0.05	-5.35	0.0041	0.04669	0.30087	1.38967	5.07714	15.48748
0.05	-5.3	0.00459	0.05133	0.32562	1.48275	5.3456	16.10225
0.05	-5.25	0.00514	0.05641	0.35222	1.58091	5.62342	16.72512
0.05	-5.2	0.00575	0.06196	0.38076	1.68432	5.91048	17.3548
0.05	-5.15	0.00644	0.06804	0.41136	1.79311	6.20661	17.98988
0.05	-5.1	0.00721	0.07468	0.44415	1.90744	6.51157	18.6288
0.05	-5.05	0.00806	0.08193	0.47925	2.02742	6.82507	19.2699
0.05	-5.	0.00902	0.08985	0.51677	2.15316	7.14676	19.91138
0.05	-4.95	0.01009	0.09848	0.55686	2.28477	7.47621	20.55133
0.05	-4.9	0.01129	0.1079	0.59963	2.42231	7.81291	21.18772
0.05	-4.85	0.01263	0.11815	0.64522	2.56583	8.15629	21.81837
0.05	-4.8	0.01412	0.12931	0.69376	2.71535	8.50569	22.44104
0.05	-4.75	0.01579	0.14144	0.74539	2.87088	8.86038	23.05333
0.05	-4.7	0.01764	0.15463	0.80022	3.03236	9.21952	23.65277
0.05	-4.65	0.01971	0.16895	0.85838	3.19974	9.58222	24.23681
0.05	-4.6	0.02202	0.18448	0.91999	3.37289	9.94746	24.80279
0.05	-4.55	0.02459	0.20132	0.98518	3.55166	10.31416	25.34801
0.05	-4.5	0.02744	0.21954	1.05403	3.73586	10.68113	25.86969
0.05	-4.45	0.03061	0.23926	1.12666	3.92522	11.04711	26.36504
0.05	-4.4	0.03414	0.26057	1.20314	4.11944	11.41073	26.83123
0.05	-4.35	0.03807	0.28357	1.28354	4.31818	11.77055	27.26544
0.05	-4.3	0.04244	0.30836	1.36791	4.52099	12.12505	27.66484
0.05	-4.25	0.0473	0.33505	1.45629	4.72742	12.47263	28.0267
0.05	-4.2	0.05269	0.36375	1.54868	4.9369	12.81161	28.34829
0.05	-4.15	0.05868	0.39457	1.64508	5.14884	13.14025	28.627
0.05	-4.1	0.0653	0.42761	1.74544	5.36254	13.45677	28.86033
0.05	-4.05	0.07262	0.46298	1.84969	5.57727	13.75933	29.04591
0.05	-4.	0.08073	0.50079	1.95771	5.7922	14.04607	29.18154
0.05	-3.95	0.0897	0.54113	2.06936	6.00645	14.31509	29.26523
0.05	-3.9	0.0996	0.58409	2.18445	6.21906	14.56452	29.29518
0.05	-3.85	0.11052	0.62975	2.30275	6.42901	14.79246	29.26984
0.05	-3.8	0.12253	0.67819	2.42398	6.63521	14.99706	29.18795
0.05	-3.75	0.13574	0.72946	2.5478	6.83654	15.17652	29.04853
0.05	-3.7	0.15024	0.78361	2.67384	7.03179	15.3291	28.85093
0.05	-3.65	0.16613	0.84066	2.80166	7.21973	15.45313	28.59482
0.05	-3.6	0.18352	0.90062	2.93075	7.39908	15.54708	28.28024
0.05	-3.55	0.20251	0.96345	3.06057	7.56854	15.6095	27.90759
0.05	-3.5	0.22323	1.02909	3.1905	7.72679	15.63914	27.47768
0.05	-3.45	0.24577	1.09747	3.31988	7.8725	15.63488	26.99167
0.05	-3.4	0.27024	1.16845	3.44797	8.00436	15.59581	26.45115
0.05	-3.35	0.29671	1.24188	3.57401	8.12108	15.52122	25.85811
0.05	-3.3	0.32532	1.31753	3.69715	8.2214	15.41062	25.21488
0.05	-3.25	0.35613	1.39516	3.81654	8.30412	15.26379	24.52424
0.05	-3.2	0.38917	1.47446	3.93124	8.36812	15.08073	23.78928
0.05	-3.15	0.42452	1.55508	4.04034	8.41237	14.86175	23.01346
0.05	-3.1	0.4622	1.63661	4.14285	8.43593	14.60741	22.20057
0.05	-3.05	0.50221	1.71858	4.23779	8.438	14.31857	21.35467
0.05	-3.	0.5445	1.80048	4.32421	8.41792	13.99635	20.48008
0.05	-2.95	0.58901	1.88176	4.40111	8.37519	13.64217	19.58134
0.05	-2.9	0.63565	1.9618	4.46758	8.30948	13.25776	18.66318
0.05	-2.85	0.68426	2.03995	4.52269	8.22065	12.84506	17.73043
0.05	-2.8	0.73467	2.11549	4.56563	8.10875	12.40631	16.78804
0.05	-2.75	0.78662	2.18771	4.5956	7.97404	11.94396	15.84094
0.05	-2.7	0.83978	2.25585	4.61192	7.81701	11.46068	14.89409
0.05	-2.65	0.89381	2.31916	4.61403	7.63834	10.95933	13.95232
0.05	-2.6	0.94833	2.37687	4.60144	7.43893	10.44293	13.0204
0.05	-2.55	1.00287	2.42823	4.57382	7.21989	9.9146	12.10286
0.05	-2.5	1.05699	2.47251	4.53097	6.98255	9.37758	11.20403
0.05	-2.45	1.11018	2.509	4.47286	6.72842	8.83513	10.32801
0.05	-2.4	1.16188	2.53703	4.3996	6.45918	8.29053	9.47853
0.05	-2.35	1.21149	2.556	4.3115	6.17669	7.74705	8.65902
0.05	-2.3	1.25834	2.5654	4.20901	5.88292	7.20783	7.87249
0.05	-2.25	1.30174	2.5648	4.09278	5.57996	6.67597	7.12162
0.05	-2.2	1.34106	2.55392	3.96362	5.26997	6.15437	6.40862
0.05	-2.15	1.37579	2.53253	3.82251	4.95518	5.64578	5.73529
0.05	-2.1	1.40516	2.50057	3.67057	4.63781	5.15272	5.103
0.05	-2.05	1.42851	2.45815	3.50907	4.32006	4.67748	4.51269
0.05	-2.	1.44529	2.40551	3.33939	4.00409	4.22209	3.9649
0.05	-1.95	1.45494	2.3431	3.16299	3.69197	3.78831	3.45973
0.05	-1.9	1.45706	2.27151	2.98139	3.38567	3.37763	2.99693
0.05	-1.85	1.4516	2.19148	2.79613	3.08698	2.99121	2.57585
0.05	-1.8	1.43842	2.10386	2.60875	2.79758	2.63	2.19553
0.05	-1.75	1.41747	2.00963	2.42074	2.51895	2.2946	1.85468
0.05	-1.7	1.38893	1.90987	2.23355	2.25241	1.98539	1.55174
0.05	-1.65	1.35314	1.80573	2.04849	1.99909	1.70245	1.28488
0.05	-1.6	1.31083	1.69839	1.86679	1.75994	1.44566	1.05208
0.05	-1.55	1.26308	1.58895	1.68951	1.53576	1.21463	0.85111
0.05	-1.5	1.21089	1.47838	1.5176	1.32716	1.00875	0.67958
0.05	-1.45	1.15526	1.36752	1.3519	1.13466	0.82723	0.53501
0.05	-1.4	1.09723	1.25706	1.19315	0.95859	0.66903	0.41481
0.05	-1.35	1.03782	1.14754	1.04206	0.7992	0.53295	0.31635
0.05	-1.3	0.97801	1.0393	0.89928	0.65655	0.41757	0.23701
0.05	-1.25	0.91842	0.93251	0.7655	0.53059	0.32133	0.17421
0.05	-1.2	0.8589	0.8273	0.64143	0.42105	0.24247	0.12545
0.05	-1.15	0.7988	0.72391	0.52785	0.32749	0.17914	0.08838
0.05	-1.1	0.73689	0.62282	0.42556	0.24918	0.12937	0.06083
0.05	-1.05	0.6714	0.52493	0.33528	0.18514	0.09119	0.04084
0.05	-1.	0.60036	0.43174	0.25753	0.1341	0.06264	0.0267
0.05	-0.95	0.5229	0.34532	0.19248	0.09454	0.04186	0.01696
0.05	-0.9	0.44084	0.26792	0.13978	0.06476	0.02716	0.01045
0.05	-0.85	0.35828	0.20138	0.0985	0.04304	0.01708	0.00623
0.05	-0.8	0.28048	0.14657	0.06725	0.02767	0.01037	0.00358
0.05	-0.75	0.21189	0.10324	0.04439	0.01716	0.00606	0.00198
0.05	-0.7	0.15471	0.07025	0.02823	0.01023	0.0034	0.00105
0.05	-0.65	0.10913	0.046	0.01721	0.00583	0.00182	0.00053
0.05	-0.6	0.07402	0.02881	0.01	0.00316	0.00093	0.00025
0.05	-0.55	0.04795	0.01715	0.0055	0.00162	0.00045	0.00012
0.05	-0.5	0.0294	0.00961	0.00285	0.00079	0.0002	0.00005
0.05	-0.45	0.01684	0.00503	0.00139	0.00036	0.00009	0.00002
0.05	-0.4	0.00889	0.00245	0.00063	0.00015	0.00004	0.00000
0.05	-0.35	0.00434	0.00111	0.00027	0.00006	0.00001	0.00000
0.05	-0.3	0.00196	0.00047	0.00011	0.00002	0.00000	0.00000
0.05	-0.25	0.00083	0.00019	0.00004	0.00000	0.00000	0.00000
0.05	-0.2	0.00033	0.00007	0.00002	0.00000	0.00000	0.00000
0.05	-0.15	0.00013	0.00003	0.00000	0.00000	0.00000	0.00000
0.05	-0.1	0.00005	0.00000	0.00000	0.00000	0.00000	0.00000
0.05	-0.05	0.00002	0.00000	0.00000	0.00000	0.00000	0.00000
0.05	0.00	0.00000	0.00000	0.00000	0.00000	0.00000	0.00000
0.03	-8.9	0.00000	0.00005	0.00074	0.007	0.05036	0.29504
0.03	-8.85	0.00000	0.00006	0.00082	0.00766	0.05471	0.31822
0.03	-8.8	0.00000	0.00007	0.00091	0.00839	0.05943	0.34312
0.03	-8.75	0.00000	0.00007	0.001	0.00918	0.06454	0.36985
0.03	-8.7	0.00000	0.00008	0.0011	0.01004	0.07007	0.39855
0.03	-8.65	0.00000	0.00009	0.00122	0.01098	0.07606	0.42934
0.03	-8.6	0.00000	0.0001	0.00134	0.01201	0.08254	0.46237
0.03	-8.55	0.00000	0.00011	0.00148	0.01313	0.08954	0.49779
0.03	-8.5	0.00000	0.00013	0.00163	0.01436	0.09711	0.53574
0.03	-8.45	0.00000	0.00014	0.00179	0.01569	0.10529	0.57641
0.03	-8.4	0.00000	0.00016	0.00198	0.01715	0.11414	0.61995
0.03	-8.35	0.00000	0.00017	0.00218	0.01873	0.12369	0.66657
0.03	-8.3	0.00000	0.00019	0.0024	0.02046	0.134	0.71644
0.03	-8.25	0.00000	0.00021	0.00264	0.02234	0.14512	0.76979
0.03	-8.2	0.00001	0.00024	0.00291	0.02439	0.15713	0.82682
0.03	-8.15	0.00001	0.00027	0.0032	0.02662	0.17008	0.88776
0.03	-8.1	0.00001	0.00029	0.00353	0.02905	0.18404	0.95285
0.03	-8.05	0.00001	0.00033	0.00388	0.03169	0.19909	1.02234
0.03	-8.	0.00002	0.00036	0.00427	0.03456	0.21529	1.09649
0.03	-7.95	0.00002	0.0004	0.0047	0.03769	0.23275	1.17558
0.03	-7.9	0.00002	0.00045	0.00517	0.04108	0.25154	1.25989
0.03	-7.85	0.00002	0.0005	0.00568	0.04477	0.27175	1.34972
0.03	-7.8	0.00003	0.00055	0.00625	0.04878	0.2935	1.4454
0.03	-7.75	0.00003	0.00061	0.00687	0.05313	0.31687	1.54723
0.03	-7.7	0.00003	0.00068	0.00755	0.05786	0.34199	1.65557
0.03	-7.65	0.00004	0.00075	0.00829	0.06298	0.36898	1.77076
0.03	-7.6	0.00004	0.00084	0.00911	0.06855	0.39795	1.89317
0.03	-7.55	0.00005	0.00093	0.01001	0.07458	0.42904	2.02318
0.03	-7.5	0.00005	0.00103	0.01099	0.08112	0.46239	2.16118
0.03	-7.45	0.00006	0.00114	0.01207	0.0882	0.49814	2.30758
0.03	-7.4	0.00006	0.00127	0.01325	0.09588	0.53646	2.46279
0.03	-7.35	0.00007	0.00141	0.01454	0.10419	0.5775	2.62724
0.03	-7.3	0.00008	0.00156	0.01595	0.11318	0.62143	2.80138
0.03	-7.25	0.00009	0.00173	0.01749	0.12291	0.66844	2.98565
0.03	-7.2	0.0001	0.00192	0.01918	0.13344	0.71872	3.18052
0.03	-7.15	0.00011	0.00212	0.02103	0.14481	0.77245	3.38646
0.03	-7.1	0.00013	0.00235	0.02305	0.15711	0.82985	3.60395
0.03	-7.05	0.00014	0.00261	0.02526	0.17038	0.89113	3.83347
0.03	-7.	0.00016	0.00289	0.02768	0.18472	0.95652	4.07551
0.03	-6.95	0.00018	0.0032	0.03031	0.20018	1.02624	4.33058
0.03	-6.9	0.0002	0.00354	0.03319	0.21686	1.10055	4.59917
0.03	-6.85	0.00023	0.00392	0.03633	0.23484	1.1797	4.88177
0.03	-6.8	0.00026	0.00434	0.03975	0.25422	1.26394	5.17888
0.03	-6.75	0.00029	0.00481	0.04349	0.27508	1.35354	5.491
0.03	-6.7	0.00032	0.00532	0.04756	0.29754	1.44878	5.8186
0.03	-6.65	0.00036	0.00589	0.052	0.3217	1.54995	6.16216
0.03	-6.6	0.0004	0.00651	0.05683	0.34768	1.65735	6.52215
0.03	-6.55	0.00045	0.0072	0.06209	0.37559	1.77126	6.89901
0.03	-6.5	0.00051	0.00796	0.06782	0.40557	1.892	7.29315
0.03	-6.45	0.00057	0.0088	0.07405	0.43775	2.01988	7.70499
0.03	-6.4	0.00064	0.00973	0.08083	0.47227	2.15521	8.13489
0.03	-6.35	0.00072	0.01075	0.0882	0.50927	2.29833	8.5832
0.03	-6.3	0.0008	0.01188	0.0962	0.54891	2.44954	9.05022
0.03	-6.25	0.0009	0.01312	0.10489	0.59135	2.60917	9.5362
0.03	-6.2	0.00101	0.01449	0.11432	0.63676	2.77754	10.04136
0.03	-6.15	0.00113	0.016	0.12455	0.68531	2.95498	10.56586
0.03	-6.1	0.00127	0.01766	0.13565	0.73717	3.1418	11.1098
0.03	-6.05	0.00142	0.01949	0.14767	0.79255	3.33831	11.67321
0.03	-6.	0.00159	0.0215	0.16069	0.85162	3.5448	12.25607
0.03	-5.95	0.00178	0.02371	0.17479	0.91459	3.76158	12.85826
0.03	-5.9	0.002	0.02614	0.19004	0.98166	3.98891	13.47958
0.03	-5.85	0.00224	0.02881	0.20653	1.05304	4.22706	14.11975
0.03	-5.8	0.00251	0.03175	0.22434	1.12895	4.47626	14.77839
0.03	-5.75	0.00281	0.03498	0.24358	1.20958	4.73674	15.45502
0.03	-5.7	0.00315	0.03852	0.26434	1.29518	5.00867	16.14904
0.03	-5.65	0.00352	0.04241	0.28673	1.38594	5.29222	16.85975
0.03	-5.6	0.00395	0.04668	0.31085	1.48211	5.58751	17.58631
0.03	-5.55	0.00442	0.05135	0.33683	1.58389	5.89462	18.32777
0.03	-5.5	0.00495	0.05648	0.36478	1.6915	6.2136	19.08305
0.03	-5.45	0.00554	0.06209	0.39483	1.80515	6.54444	19.85091
0.03	-5.4	0.00621	0.06823	0.42711	1.92506	6.88708	20.62997
0.03	-5.35	0.00695	0.07496	0.46176	2.05142	7.24141	21.41874
0.03	-5.3	0.00778	0.08231	0.49893	2.18443	7.60724	22.21553
0.03	-5.25	0.0087	0.09035	0.53875	2.32426	7.98433	23.01853
0.03	-5.2	0.00974	0.09913	0.58138	2.47108	8.37235	23.82576
0.03	-5.15	0.0109	0.10871	0.62697	2.62504	8.77092	24.63511
0.03	-5.1	0.0122	0.11916	0.67568	2.78625	9.17955	25.44429
0.03	-5.05	0.01365	0.13055	0.72766	2.95483	9.59767	26.25087
0.03	-5.	0.01527	0.14296	0.78309	3.13085	10.02464	27.05227
0.03	-4.95	0.01708	0.15646	0.84211	3.31436	10.45969	27.84576
0.03	-4.9	0.01909	0.17115	0.9049	3.50537	10.90197	28.6285
0.03	-4.85	0.02133	0.18711	0.97161	3.70386	11.35053	29.39749
0.03	-4.8	0.02384	0.20444	1.0424	3.90975	11.8043	30.14964
0.03	-4.75	0.02663	0.22323	1.11741	4.12294	12.26211	30.88171
0.03	-4.7	0.02974	0.24361	1.19679	4.34326	12.72268	31.59043
0.03	-4.65	0.0332	0.26567	1.28068	4.57049	13.18462	32.2724
0.03	-4.6	0.03705	0.28953	1.3692	4.80437	13.64642	32.92418
0.03	-4.55	0.04133	0.31531	1.46245	5.04454	14.10649	33.54229
0.03	-4.5	0.04608	0.34313	1.56054	5.29061	14.56309	34.12325
0.03	-4.45	0.05137	0.37313	1.66354	5.5421	15.01442	34.66356
0.03	-4.4	0.05724	0.40543	1.77149	5.79845	15.45855	35.15975
0.03	-4.35	0.06375	0.44016	1.88443	6.05906	15.89348	35.60844
0.03	-4.3	0.07096	0.47746	2.00236	6.3232	16.31712	36.00629
0.03	-4.25	0.07896	0.51745	2.12522	6.5901	16.72731	36.35013
0.03	-4.2	0.08782	0.56027	2.25296	6.85887	17.12181	36.63688
0.03	-4.15	0.09761	0.60604	2.38546	7.12857	17.49836	36.8637
0.03	-4.1	0.10841	0.65488	2.52257	7.39816	17.85465	37.02791
0.03	-4.05	0.12032	0.70692	2.66407	7.6665	18.18836	37.1271
0.03	-4.	0.13345	0.76225	2.80971	7.93241	18.49716	37.15913
0.03	-3.95	0.1479	0.82097	2.95918	8.1946	18.77875	37.12218
0.03	-3.9	0.16379	0.88315	3.1121	8.45171	19.03087	37.01474
0.03	-3.85	0.18123	0.94885	3.26804	8.70232	19.25131	36.83569
0.03	-3.8	0.20034	1.01812	3.42649	8.94495	19.43798	36.5843
0.03	-3.75	0.22128	1.09095	3.58689	9.17808	19.58886	36.26023
0.03	-3.7	0.24414	1.16732	3.7486	9.40013	19.70211	35.86364
0.03	-3.65	0.26904	1.24718	3.91092	9.60949	19.776	35.39507
0.03	-3.6	0.29611	1.33045	4.07308	9.80457	19.80904	34.85558
0.03	-3.55	0.32548	1.41698	4.23423	9.98374	19.79992	34.24669
0.03	-3.5	0.35725	1.50661	4.39346	10.14541	19.74757	33.57041
0.03	-3.45	0.39153	1.5991	4.54981	10.28801	19.65118	32.82919
0.03	-3.4	0.42844	1.69418	4.70225	10.41004	19.51022	32.02599
0.03	-3.35	0.46807	1.79152	4.8497	10.51006	19.32446	31.16425
0.03	-3.3	0.51048	1.8907	4.99104	10.58673	19.09398	30.24777
0.03	-3.25	0.5557	1.99128	5.12513	10.63883	18.8192	29.28085
0.03	-3.2	0.60374	2.09272	5.25078	10.66525	18.50085	28.2681
0.03	-3.15	0.65453	2.19445	5.36683	10.66508	18.14003	27.21454
0.03	-3.1	0.70802	2.29583	5.47209	10.63755	17.73817	26.12546
0.03	-3.05	0.76419	2.39616	5.56541	10.58208	17.29705	25.00641
0.03	-3.	0.82281	2.49468	5.64567	10.49834	16.81877	23.86315
0.03	-2.95	0.88366	2.59059	5.71181	10.38618	16.30574	22.70158
0.03	-2.9	0.94648	2.68304	5.76284	10.24572	15.76073	21.52772
0.03	-2.85	1.01097	2.77117	5.79785	10.0773	15.1867	20.34759
0.03	-2.8	1.07675	2.85408	5.81604	9.88156	14.58695	19.16722
0.03	-2.75	1.14338	2.93086	5.81675	9.65933	13.96494	17.99248
0.03	-2.7	1.21041	3.0006	5.79945	9.41176	13.32435	16.82918
0.03	-2.65	1.27724	3.0624	5.76376	9.1402	12.66898	15.68283
0.03	-2.6	1.34329	3.11542	5.70948	8.84628	12.00275	14.55872
0.03	-2.55	1.40789	3.15883	5.63658	8.53183	11.32963	13.46179
0.03	-2.5	1.47041	3.1919	5.54524	8.1989	10.65359	12.39662
0.03	-2.45	1.53024	3.21393	5.43581	7.84974	9.97858	11.36739
0.03	-2.4	1.58665	3.22433	5.30887	7.48673	9.30845	10.37779
0.03	-2.35	1.63887	3.22258	5.16519	7.11242	8.64693	9.43107
0.03	-2.3	1.6861	3.20833	5.00576	6.72941	7.99756	8.52995
0.03	-2.25	1.72738	3.18137	4.83174	6.34042	7.36366	7.67666
0.03	-2.2	1.7621	3.14169	4.64449	5.94812	6.7483	6.87289
0.03	-2.15	1.78992	3.08938	4.44549	5.55523	6.15426	6.11984
0.03	-2.1	1.81011	3.02467	4.23639	5.16436	5.58401	5.41818
0.03	-2.05	1.822	2.948	4.01897	4.77805	5.03966	4.7681
0.03	-2.	1.82507	2.85999	3.79508	4.39872	4.52301	4.16936
0.03	-1.95	1.81895	2.76148	3.56663	4.02858	4.03546	3.62124
0.03	-1.9	1.80349	2.65347	3.33552	3.66968	3.57811	3.12267
0.03	-1.85	1.77874	2.53707	3.10366	3.32382	3.15166	2.67218
0.03	-1.8	1.74475	2.41355	2.87288	2.99259	2.75651	2.26802
0.03	-1.75	1.70169	2.28428	2.6449	2.67732	2.39275	1.90813
0.03	-1.7	1.65015	2.15074	2.42132	2.3791	2.06016	1.59024
0.03	-1.65	1.59086	2.01441	2.20357	2.09876	1.75826	1.31186
0.03	-1.6	1.52471	1.87676	1.99289	1.83692	1.48635	1.07036
0.03	-1.55	1.45298	1.73918	1.7903	1.59398	1.24349	0.86297
0.03	-1.5	1.37713	1.6029	1.59664	1.37017	1.02856	0.68683
0.03	-1.45	1.29867	1.46892	1.41257	1.16557	0.84027	0.53906
0.03	-1.4	1.21893	1.338	1.23861	0.98009	0.67714	0.41671
0.03	-1.35	1.13918	1.21072	1.07518	0.81354	0.53759	0.3169
0.03	-1.3	1.06066	1.08736	0.92262	0.66563	0.41986	0.23677
0.03	-1.25	0.98424	0.96801	0.78129	0.5359	0.3221	0.17355
0.03	-1.2	0.9099	0.85262	0.65157	0.42378	0.24233	0.12463
0.03	-1.15	0.83697	0.74123	0.53393	0.32853	0.17851	0.08756
0.03	-1.1	0.76423	0.6341	0.42882	0.24918	0.12854	0.06009
0.03	-1.05	0.69008	0.53186	0.33666	0.18456	0.09033	0.04022
0.03	-1.	0.61265	0.43567	0.25773	0.13325	0.06185	0.02621
0.03	-0.95	0.53082	0.34721	0.19198	0.09361	0.04119	0.0166
0.03	-0.9	0.44576	0.26845	0.13891	0.0639	0.02663	0.01019
0.03	-0.85	0.36103	0.20101	0.0975	0.04229	0.01668	0.00605
0.03	-0.8	0.28153	0.14567	0.06629	0.02708	0.01009	0.00347
0.03	-0.75	0.21164	0.10212	0.04355	0.01673	0.00587	0.00191
0.03	-0.7	0.15375	0.06915	0.02756	0.00993	0.00328	0.00101
0.03	-0.65	0.10788	0.04503	0.01672	0.00563	0.00175	0.00051
0.03	-0.6	0.07271	0.02805	0.00967	0.00304	0.00089	0.00024
0.03	-0.55	0.04678	0.0166	0.0053	0.00156	0.00043	0.00011
0.03	-0.5	0.02849	0.00926	0.00274	0.00075	0.00019	0.00005
0.03	-0.45	0.01623	0.00482	0.00132	0.00034	0.00008	0.00002
0.03	-0.4	0.00854	0.00234	0.0006	0.00015	0.00003	0.00000
0.03	-0.35	0.00415	0.00106	0.00026	0.00006	0.00001	0.00000
0.03	-0.3	0.00187	0.00045	0.0001	0.00002	0.00000	0.00000
0.03	-0.25	0.00078	0.00018	0.00004	0.00000	0.00000	0.00000
0.03	-0.2	0.00031	0.00007	0.00001	0.00000	0.00000	0.00000
0.03	-0.15	0.00012	0.00003	0.00000	0.00000	0.00000	0.00000
0.03	-0.1	0.00005	0.00000	0.00000	0.00000	0.00000	0.00000
0.03	-0.05	0.00002	0.00000	0.00000	0.00000	0.00000	0.00000
0.03	0.00	0.00000	0.00000	0.00000	0.00000	0.00000	0.00000
0.01	-8.9	0.00000	0.00016	0.0021	0.01876	0.12835	0.71686
0.01	-8.85	0.00000	0.00018	0.00232	0.02051	0.13923	0.77166
0.01	-8.8	0.00000	0.0002	0.00256	0.02241	0.15098	0.8304
0.01	-8.75	0.00000	0.00022	0.00282	0.02449	0.16368	0.89331
0.01	-8.7	0.00001	0.00025	0.0031	0.02676	0.1774	0.96068
0.01	-8.65	0.00001	0.00027	0.00342	0.02923	0.19221	1.03278
0.01	-8.6	0.00001	0.00031	0.00376	0.03192	0.2082	1.10991
0.01	-8.55	0.00001	0.00034	0.00415	0.03485	0.22546	1.1924
0.01	-8.5	0.00002	0.00038	0.00456	0.03805	0.24408	1.28057
0.01	-8.45	0.00002	0.00042	0.00502	0.04152	0.26415	1.37478
0.01	-8.4	0.00002	0.00047	0.00553	0.0453	0.28579	1.47539
0.01	-8.35	0.00002	0.00052	0.00608	0.04941	0.3091	1.58278
0.01	-8.3	0.00003	0.00057	0.00669	0.05388	0.33422	1.69736
0.01	-8.25	0.00003	0.00064	0.00736	0.05874	0.36126	1.81956
0.01	-8.2	0.00003	0.00071	0.0081	0.06402	0.39036	1.94981
0.01	-8.15	0.00004	0.00079	0.0089	0.06976	0.42166	2.08857
0.01	-8.1	0.00004	0.00087	0.00979	0.07599	0.45533	2.23633
0.01	-8.05	0.00005	0.00097	0.01076	0.08276	0.49151	2.39358
0.01	-8.	0.00005	0.00107	0.01182	0.0901	0.53039	2.56086
0.01	-7.95	0.00006	0.00119	0.01299	0.09807	0.57215	2.73869
0.01	-7.9	0.00006	0.00132	0.01427	0.10671	0.61697	2.92765
0.01	-7.85	0.00007	0.00147	0.01567	0.11608	0.66506	3.12831
0.01	-7.8	0.00008	0.00163	0.01721	0.12624	0.71664	3.34129
0.01	-7.75	0.00009	0.0018	0.01889	0.13724	0.77192	3.56719
0.01	-7.7	0.0001	0.002	0.02073	0.14915	0.83116	3.80667
0.01	-7.65	0.00012	0.00222	0.02274	0.16205	0.89459	4.06038
0.01	-7.6	0.00013	0.00246	0.02495	0.17601	0.96249	4.329
0.01	-7.55	0.00014	0.00272	0.02736	0.19111	1.03512	4.61322
0.01	-7.5	0.00016	0.00302	0.03	0.20743	1.11278	4.91376
0.01	-7.45	0.00018	0.00335	0.03288	0.22507	1.19576	5.23135
0.01	-7.4	0.0002	0.00371	0.03604	0.24412	1.2844	5.56671
0.01	-7.35	0.00023	0.00411	0.03948	0.2647	1.379	5.92059
0.01	-7.3	0.00026	0.00455	0.04324	0.28691	1.47993	6.29376
0.01	-7.25	0.00029	0.00504	0.04735	0.31087	1.58754	6.68698
0.01	-7.2	0.00032	0.00558	0.05184	0.3367	1.70219	7.10101
0.01	-7.15	0.00036	0.00618	0.05673	0.36454	1.82428	7.53663
0.01	-7.1	0.00041	0.00684	0.06206	0.39453	1.95421	7.99459
0.01	-7.05	0.00045	0.00757	0.06788	0.42681	2.09238	8.47566
0.01	-7.	0.00051	0.00837	0.07422	0.46156	2.23922	8.98059
0.01	-6.95	0.00057	0.00926	0.08113	0.49892	2.39518	9.51011
0.01	-6.9	0.00064	0.01024	0.08865	0.53909	2.56069	10.06493
0.01	-6.85	0.00072	0.01133	0.09684	0.58224	2.73622	10.64576
0.01	-6.8	0.00081	0.01252	0.10575	0.62857	2.92224	11.25325
0.01	-6.75	0.0009	0.01384	0.11544	0.67828	3.11923	11.88804
0.01	-6.7	0.00101	0.0153	0.12597	0.73158	3.32766	12.5507
0.01	-6.65	0.00114	0.01691	0.13741	0.78871	3.54804	13.24178
0.01	-6.6	0.00128	0.01867	0.14984	0.8499	3.78085	13.96176
0.01	-6.55	0.00143	0.02062	0.16334	0.91539	4.02658	14.71106
0.01	-6.5	0.0016	0.02277	0.17798	0.98544	4.28575	15.49003
0.01	-6.45	0.0018	0.02513	0.19385	1.0603	4.55882	16.29895
0.01	-6.4	0.00202	0.02774	0.21106	1.14027	4.8463	17.13799
0.01	-6.35	0.00226	0.0306	0.2297	1.22561	5.14864	18.00726
0.01	-6.3	0.00253	0.03375	0.24988	1.31663	5.46633	18.90674
0.01	-6.25	0.00284	0.03721	0.27172	1.41362	5.7998	19.83629
0.01	-6.2	0.00318	0.04102	0.29534	1.5169	6.14948	20.79568
0.01	-6.15	0.00356	0.04521	0.32086	1.62678	6.51577	21.78452
0.01	-6.1	0.00399	0.0498	0.34843	1.74359	6.89905	22.80227
0.01	-6.05	0.00447	0.05485	0.37819	1.86764	7.29964	23.84828
0.01	-6.	0.00501	0.06039	0.41028	1.99928	7.71785	24.92169
0.01	-5.95	0.00561	0.06646	0.44488	2.13884	8.15393	26.0215
0.01	-5.9	0.00629	0.07312	0.48214	2.28666	8.60808	27.14653
0.01	-5.85	0.00704	0.08042	0.52225	2.44305	9.08045	28.2954
0.01	-5.8	0.00788	0.08841	0.56539	2.60837	9.5711	29.46653
0.01	-5.75	0.00883	0.09717	0.61174	2.78292	10.08006	30.65815
0.01	-5.7	0.00988	0.10674	0.66152	2.96703	10.60725	31.86828
0.01	-5.65	0.01107	0.11722	0.71492	3.161	11.15252	33.09471
0.01	-5.6	0.01238	0.12866	0.77217	3.36511	11.71562	34.33503
0.01	-5.55	0.01386	0.14117	0.83348	3.57965	12.29621	35.58657
0.01	-5.5	0.0155	0.15482	0.89908	3.80485	12.89384	36.84647
0.01	-5.45	0.01734	0.16971	0.9692	4.04095	13.50794	38.11162
0.01	-5.4	0.0194	0.18594	1.04408	4.28814	14.13783	39.3787
0.01	-5.35	0.02169	0.20363	1.12396	4.54658	14.78269	40.64414
0.01	-5.3	0.02426	0.22288	1.20907	4.81638	15.44158	41.90418
0.01	-5.25	0.02712	0.24381	1.29967	5.09762	16.1134	43.15482
0.01	-5.2	0.0303	0.26657	1.39599	5.39033	16.79693	44.39187
0.01	-5.15	0.03386	0.29128	1.49827	5.69448	17.49079	45.61095
0.01	-5.1	0.03781	0.3181	1.60673	6.00997	18.19342	46.80749
0.01	-5.05	0.04222	0.34716	1.72162	6.33664	18.90314	47.97678
0.01	-5.	0.04713	0.37864	1.84312	6.67426	19.6181	49.11394
0.01	-4.95	0.05259	0.41269	1.97145	7.02253	20.33626	50.21397
0.01	-4.9	0.05867	0.4495	2.10679	7.38103	21.05546	51.27182
0.01	-4.85	0.06542	0.48923	2.2493	7.74929	21.77335	52.2823
0.01	-4.8	0.07292	0.53207	2.39911	8.12672	22.48745	53.24024
0.01	-4.75	0.08125	0.57821	2.55633	8.51263	23.19511	54.14043
0.01	-4.7	0.09049	0.62784	2.72104	8.90624	23.89355	54.9777
0.01	-4.65	0.10072	0.68115	2.89327	9.30663	24.57985	55.74697
0.01	-4.6	0.11206	0.73834	3.07301	9.71279	25.25097	56.44322
0.01	-4.55	0.12461	0.79959	3.26022	10.12358	25.90377	57.06164
0.01	-4.5	0.13847	0.86511	3.45477	10.53776	26.535	57.59754
0.01	-4.45	0.15377	0.93505	3.65651	10.95393	27.14135	58.04652
0.01	-4.4	0.17064	1.00962	3.8652	11.37062	27.71946	58.40445
0.01	-4.35	0.18922	1.08895	4.08054	11.7862	28.26591	58.66751
0.01	-4.3	0.20967	1.17321	4.30216	12.19894	28.77731	58.83226
0.01	-4.25	0.23214	1.26251	4.52959	12.60702	29.25027	58.89569
0.01	-4.2	0.2568	1.35697	4.7623	13.00848	29.68145	58.85521
0.01	-4.15	0.28381	1.45664	4.99966	13.4013	30.06761	58.70878
0.01	-4.1	0.31334	1.56158	5.24094	13.78335	30.40558	58.45484
0.01	-4.05	0.34558	1.67178	5.48534	14.15244	30.69238	58.09242
0.01	-4.	0.38072	1.78721	5.73195	14.50632	30.92518	57.62119
0.01	-3.95	0.41889	1.90777	5.97976	14.84271	31.10137	57.04138
0.01	-3.9	0.46029	2.03334	6.22767	15.15927	31.21859	56.35391
0.01	-3.85	0.50511	2.16369	6.47449	15.45371	31.27476	55.56033
0.01	-3.8	0.55349	2.29856	6.71894	15.72373	31.26811	54.66292
0.01	-3.75	0.60556	2.43762	6.95965	15.96707	31.19721	53.66453
0.01	-3.7	0.66146	2.58046	7.19518	16.18156	31.06102	52.56879
0.01	-3.65	0.72131	2.72658	7.42403	16.36509	30.85886	51.37987
0.01	-3.6	0.78516	2.87541	7.64463	16.51571	30.59051	50.10267
0.01	-3.55	0.85303	3.0263	7.85538	16.63159	30.25617	48.74264
0.01	-3.5	0.92486	3.1785	8.05466	16.7111	29.85649	47.30581
0.01	-3.45	1.00058	3.33123	8.24082	16.75278	29.39259	45.79871
0.01	-3.4	1.08009	3.48359	8.41223	16.75541	28.86605	44.22838
0.01	-3.35	1.16327	3.63463	8.56728	16.71803	28.27893	42.6023
0.01	-3.3	1.24983	3.78331	8.70441	16.63994	27.63373	40.92822
0.01	-3.25	1.33944	3.92854	8.82214	16.52073	26.93342	39.21428
0.01	-3.2	1.43172	4.06921	8.91905	16.3603	26.18136	37.46874
0.01	-3.15	1.52622	4.20415	8.99385	16.15887	25.38136	35.70007
0.01	-3.1	1.62247	4.33215	9.04539	15.917	24.53757	33.91676
0.01	-3.05	1.71992	4.45201	9.07266	15.63558	23.6545	32.12732
0.01	-3.	1.81786	4.5625	9.07482	15.31582	22.73691	30.3401
0.01	-2.95	1.91558	4.66245	9.05124	14.95928	21.78984	28.5633
0.01	-2.9	2.01232	4.7507	9.00149	14.56786	20.81855	26.8049
0.01	-2.85	2.10722	4.82616	8.92537	14.14372	19.82839	25.07246
0.01	-2.8	2.19943	4.8878	8.82293	13.68937	18.82484	23.37325
0.01	-2.75	2.28815	4.93469	8.69442	13.20755	17.81338	21.71396
0.01	-2.7	2.37242	4.96599	8.5404	12.70125	16.79948	20.10086
0.01	-2.65	2.45124	4.98099	8.36165	12.17367	15.78849	18.53955
0.01	-2.6	2.52355	4.97916	8.15922	11.62817	14.78565	17.03514
0.01	-2.55	2.58831	4.96015	7.93439	11.06825	13.79596	15.59196
0.01	-2.5	2.64478	4.92382	7.68866	10.49747	12.82417	14.21374
0.01	-2.45	2.69234	4.87014	7.42375	9.91948	11.87478	12.90357
0.01	-2.4	2.73026	4.79926	7.14155	9.33789	10.95185	11.66375
0.01	-2.35	2.75788	4.71153	6.84414	8.75629	10.05915	10.49601
0.01	-2.3	2.77455	4.60749	6.53375	8.17816	9.19994	9.40131
0.01	-2.25	2.77968	4.4879	6.21273	7.60688	8.37713	8.38005
0.01	-2.2	2.77312	4.35372	5.88348	7.04562	7.59312	7.43198
0.01	-2.15	2.75488	4.20604	5.54848	6.49737	6.84987	6.55631
0.01	-2.1	2.7248	4.0461	5.2102	5.96484	6.14883	5.75166
0.01	-2.05	2.683	3.87529	4.8711	5.4505	5.49104	5.01624
0.01	-2.	2.62975	3.69515	4.5336	4.95651	4.87708	4.34781
0.01	-1.95	2.56535	3.5073	4.19999	4.4847	4.30707	3.74376
0.01	-1.9	2.49045	3.3135	3.87246	4.0366	3.78079	3.20118
0.01	-1.85	2.40582	3.1155	3.55302	3.61337	3.2976	2.71688
0.01	-1.8	2.31212	2.9151	3.24351	3.21587	2.85658	2.28752
0.01	-1.75	2.21039	2.71415	2.9455	2.84461	2.45647	1.90955
0.01	-1.7	2.10179	2.51441	2.66037	2.49984	2.09581	1.57939
0.01	-1.65	1.98757	2.31758	2.38918	2.18149	1.7729	1.29333
0.01	-1.6	1.8692	2.12526	2.13276	1.88929	1.4859	1.04772
0.01	-1.55	1.74844	1.93882	1.89164	1.62271	1.23281	0.83887
0.01	-1.5	1.62693	1.75938	1.66612	1.38111	1.01155	0.66317
0.01	-1.45	1.50629	1.5878	1.4563	1.16368	0.81997	0.5171
0.01	-1.4	1.38801	1.42468	1.26208	0.96953	0.65585	0.3972
0.01	-1.35	1.2735	1.2703	1.08326	0.7977	0.51692	0.30019
0.01	-1.3	1.164	1.12468	0.91957	0.64714	0.40089	0.22292
0.01	-1.25	1.06037	0.98753	0.77071	0.51679	0.30545	0.16243
0.01	-1.2	0.96261	0.85845	0.63648	0.40548	0.22828	0.11596
0.01	-1.15	0.86985	0.73704	0.51672	0.31197	0.16707	0.08099
0.01	-1.1	0.7808	0.62316	0.41132	0.23489	0.11953	0.05526
0.01	-1.05	0.69378	0.51698	0.32019	0.17272	0.08346	0.03677
0.01	-1.	0.60681	0.41916	0.24313	0.12382	0.05678	0.02383
0.01	-0.95	0.51874	0.33086	0.17966	0.08638	0.03758	0.015
0.01	-0.9	0.43047	0.25347	0.12897	0.05855	0.02415	0.00916
0.01	-0.85	0.34489	0.18809	0.08981	0.03848	0.01503	0.00541
0.01	-0.8	0.26617	0.13508	0.06058	0.02448	0.00904	0.00309
0.01	-0.75	0.198	0.09384	0.03949	0.01502	0.00523	0.00169
0.01	-0.7	0.14227	0.06297	0.02481	0.00886	0.00291	0.00089
0.01	-0.65	0.09878	0.04066	0.01495	0.005	0.00154	0.00045
0.01	-0.6	0.06593	0.02513	0.00859	0.00268	0.00078	0.00021
0.01	-0.55	0.04203	0.01476	0.00468	0.00137	0.00037	0.0001
0.01	-0.5	0.02538	0.00817	0.0024	0.00066	0.00017	0.00004
0.01	-0.45	0.01433	0.00423	0.00116	0.0003	0.00007	0.00002
0.01	-0.4	0.00748	0.00204	0.00052	0.00013	0.00003	0.00000
0.01	-0.35	0.00361	0.00092	0.00022	0.00005	0.00001	0.00000
0.01	-0.3	0.00162	0.00039	0.00009	0.00002	0.00000	0.00000
0.01	-0.25	0.00068	0.00016	0.00003	0.00000	0.00000	0.00000
0.01	-0.2	0.00027	0.00006	0.00001	0.00000	0.00000	0.00000
0.01	-0.15	0.00011	0.00002	0.00000	0.00000	0.00000	0.00000
0.01	-0.1	0.00004	0.00000	0.00000	0.00000	0.00000	0.00000
0.01	-0.05	0.00001	0.00000	0.00000	0.00000	0.00000	0.00000
0.01	0.00	0.00000	0.00000	0.00000	0.00000	0.00000	0.00000
