EpsF	Log[10,x]	n=1	n=2	n=3	n=4	n=5	n=6
0.5	-8.9	0.20557	0.41114	0.82228	1.64448	3.28844	6.57398
0.5	-8.85	0.20557	0.41114	0.82228	1.64447	3.28838	6.57363
0.5	-8.8	0.20557	0.41114	0.82227	1.64446	3.28831	6.57325
0.5	-8.75	0.20557	0.41114	0.82227	1.64445	3.28824	6.57285
0.5	-8.7	0.20557	0.41114	0.82227	1.64443	3.28816	6.57242
0.5	-8.65	0.20557	0.41114	0.82227	1.64442	3.28808	6.57195
0.5	-8.6	0.20557	0.41114	0.82227	1.64441	3.28799	6.57145
0.5	-8.55	0.20557	0.41114	0.82227	1.64439	3.28789	6.5709
0.5	-8.5	0.20557	0.41114	0.82226	1.64437	3.28778	6.57032
0.5	-8.45	0.20557	0.41114	0.82226	1.64436	3.28767	6.56969
0.5	-8.4	0.20557	0.41114	0.82226	1.64434	3.28754	6.56902
0.5	-8.35	0.20557	0.41114	0.82226	1.64431	3.28741	6.5683
0.5	-8.3	0.20557	0.41114	0.82225	1.64429	3.28726	6.56752
0.5	-8.25	0.20557	0.41114	0.82225	1.64426	3.2871	6.56668
0.5	-8.2	0.20557	0.41114	0.82224	1.64424	3.28693	6.56578
0.5	-8.15	0.20557	0.41114	0.82224	1.64421	3.28675	6.56482
0.5	-8.1	0.20557	0.41114	0.82224	1.64417	3.28655	6.56378
0.5	-8.05	0.20557	0.41114	0.82223	1.64414	3.28634	6.56267
0.5	-8.	0.20557	0.41114	0.82223	1.6441	3.2861	6.56148
0.5	-7.95	0.20557	0.41114	0.82222	1.64406	3.28585	6.5602
0.5	-7.9	0.20557	0.41114	0.82221	1.64401	3.28558	6.55883
0.5	-7.85	0.20557	0.41114	0.82221	1.64396	3.28529	6.55736
0.5	-7.8	0.20557	0.41113	0.8222	1.64391	3.28498	6.55578
0.5	-7.75	0.20557	0.41113	0.82219	1.64385	3.28464	6.55409
0.5	-7.7	0.20557	0.41113	0.82218	1.64378	3.28427	6.55228
0.5	-7.65	0.20557	0.41113	0.82217	1.64372	3.28388	6.55034
0.5	-7.6	0.20557	0.41113	0.82216	1.64364	3.28345	6.54827
0.5	-7.55	0.20557	0.41113	0.82215	1.64356	3.28299	6.54605
0.5	-7.5	0.20557	0.41113	0.82213	1.64347	3.2825	6.54367
0.5	-7.45	0.20557	0.41112	0.82212	1.64338	3.28197	6.54113
0.5	-7.4	0.20557	0.41112	0.8221	1.64327	3.2814	6.53842
0.5	-7.35	0.20557	0.41112	0.82209	1.64316	3.28078	6.53552
0.5	-7.3	0.20557	0.41112	0.82207	1.64304	3.28012	6.53242
0.5	-7.25	0.20557	0.41112	0.82205	1.64291	3.27941	6.5291
0.5	-7.2	0.20557	0.41111	0.82203	1.64277	3.27865	6.52557
0.5	-7.15	0.20557	0.41111	0.822	1.64261	3.27783	6.52179
0.5	-7.1	0.20557	0.41111	0.82197	1.64244	3.27694	6.51777
0.5	-7.05	0.20557	0.4111	0.82195	1.64226	3.27599	6.51347
0.5	-7.	0.20557	0.4111	0.82191	1.64207	3.27498	6.50889
0.5	-6.95	0.20557	0.41109	0.82188	1.64186	3.27388	6.50401
0.5	-6.9	0.20557	0.41109	0.82184	1.64163	3.27271	6.49881
0.5	-6.85	0.20557	0.41108	0.8218	1.64138	3.27145	6.49327
0.5	-6.8	0.20557	0.41108	0.82176	1.64112	3.2701	6.48738
0.5	-6.75	0.20557	0.41107	0.82171	1.64083	3.26866	6.4811
0.5	-6.7	0.20556	0.41107	0.82166	1.64052	3.26711	6.47443
0.5	-6.65	0.20556	0.41106	0.8216	1.64019	3.26544	6.46733
0.5	-6.6	0.20556	0.41105	0.82154	1.63983	3.26367	6.45978
0.5	-6.55	0.20556	0.41104	0.82147	1.63944	3.26176	6.45176
0.5	-6.5	0.20556	0.41103	0.8214	1.63902	3.25972	6.44325
0.5	-6.45	0.20556	0.41102	0.82132	1.63856	3.25754	6.43421
0.5	-6.4	0.20556	0.41101	0.82124	1.63807	3.25521	6.42462
0.5	-6.35	0.20556	0.41099	0.82114	1.63755	3.25272	6.41444
0.5	-6.3	0.20556	0.41098	0.82104	1.63698	3.25006	6.40366
0.5	-6.25	0.20555	0.41096	0.82093	1.63637	3.24721	6.39222
0.5	-6.2	0.20555	0.41095	0.82081	1.63571	3.24417	6.38011
0.5	-6.15	0.20555	0.41093	0.82069	1.63501	3.24093	6.36729
0.5	-6.1	0.20555	0.41091	0.82055	1.63425	3.23747	6.35372
0.5	-6.05	0.20554	0.41088	0.82039	1.63343	3.23378	6.33936
0.5	-6.	0.20554	0.41086	0.82023	1.63255	3.22985	6.32419
0.5	-5.95	0.20554	0.41083	0.82005	1.63161	3.22566	6.30815
0.5	-5.9	0.20554	0.4108	0.81986	1.6306	3.2212	6.29121
0.5	-5.85	0.20553	0.41077	0.81965	1.62951	3.21645	6.27332
0.5	-5.8	0.20553	0.41073	0.81942	1.62834	3.21139	6.25445
0.5	-5.75	0.20552	0.4107	0.81918	1.62709	3.20601	6.23455
0.5	-5.7	0.20552	0.41065	0.81891	1.62574	3.20029	6.21357
0.5	-5.65	0.20551	0.41061	0.81863	1.6243	3.19422	6.19147
0.5	-5.6	0.20551	0.41056	0.81832	1.62276	3.18776	6.1682
0.5	-5.55	0.2055	0.4105	0.81798	1.62111	3.18091	6.14372
0.5	-5.5	0.20549	0.41044	0.81762	1.61934	3.17364	6.11796
0.5	-5.45	0.20548	0.41038	0.81723	1.61744	3.16593	6.0909
0.5	-5.4	0.20547	0.41031	0.81681	1.61541	3.15776	6.06246
0.5	-5.35	0.20546	0.41023	0.81635	1.61325	3.1491	6.03261
0.5	-5.3	0.20545	0.41015	0.81586	1.61093	3.13993	6.00129
0.5	-5.25	0.20544	0.41005	0.81533	1.60846	3.13022	5.96846
0.5	-5.2	0.20543	0.40995	0.81476	1.60582	3.11995	5.93405
0.5	-5.15	0.20541	0.40985	0.81414	1.603	3.1091	5.89801
0.5	-5.1	0.2054	0.40973	0.81348	1.59999	3.09764	5.8603
0.5	-5.05	0.20538	0.4096	0.81277	1.59678	3.08553	5.82086
0.5	-5.	0.20536	0.40946	0.812	1.59336	3.07275	5.77965
0.5	-4.95	0.20534	0.40931	0.81117	1.58972	3.05927	5.73661
0.5	-4.9	0.20532	0.40914	0.81029	1.58585	3.04507	5.69169
0.5	-4.85	0.20529	0.40896	0.80933	1.58172	3.03011	5.64485
0.5	-4.8	0.20526	0.40877	0.8083	1.57734	3.01436	5.59603
0.5	-4.75	0.20523	0.40856	0.8072	1.57268	2.99779	5.5452
0.5	-4.7	0.2052	0.40833	0.80602	1.56772	2.98037	5.49232
0.5	-4.65	0.20516	0.40808	0.80475	1.56247	2.96207	5.43733
0.5	-4.6	0.20512	0.40781	0.80339	1.55689	2.94286	5.38021
0.5	-4.55	0.20508	0.40752	0.80193	1.55097	2.9227	5.32092
0.5	-4.5	0.20503	0.40721	0.80036	1.54471	2.90158	5.25944
0.5	-4.45	0.20498	0.40687	0.79869	1.53807	2.87944	5.19572
0.5	-4.4	0.20492	0.4065	0.7969	1.53104	2.85627	5.12976
0.5	-4.35	0.20485	0.4061	0.79498	1.52361	2.83204	5.06152
0.5	-4.3	0.20479	0.40566	0.79293	1.51576	2.80672	4.99101
0.5	-4.25	0.20471	0.4052	0.79075	1.50746	2.78027	4.9182
0.5	-4.2	0.20463	0.40469	0.78841	1.49871	2.75268	4.8431
0.5	-4.15	0.20453	0.40414	0.78591	1.48947	2.72391	4.76572
0.5	-4.1	0.20444	0.40356	0.78325	1.47974	2.69394	4.68605
0.5	-4.05	0.20433	0.40292	0.78042	1.46949	2.66276	4.60412
0.5	-4.	0.20421	0.40223	0.7774	1.4587	2.63033	4.51995
0.5	-3.95	0.20408	0.40149	0.77418	1.44736	2.59665	4.43357
0.5	-3.9	0.20394	0.4007	0.77076	1.43544	2.5617	4.34503
0.5	-3.85	0.20378	0.39984	0.76712	1.42293	2.52546	4.25436
0.5	-3.8	0.20361	0.39892	0.76326	1.4098	2.48792	4.16164
0.5	-3.75	0.20343	0.39793	0.75915	1.39605	2.44909	4.06691
0.5	-3.7	0.20323	0.39686	0.7548	1.38164	2.40894	3.97026
0.5	-3.65	0.20301	0.39571	0.75019	1.36657	2.3675	3.87176
0.5	-3.6	0.20278	0.39448	0.7453	1.35083	2.32475	3.77152
0.5	-3.55	0.20252	0.39316	0.74013	1.33438	2.28072	3.66964
0.5	-3.5	0.20224	0.39175	0.73466	1.31723	2.2354	3.56622
0.5	-3.45	0.20193	0.39023	0.72888	1.29936	2.18884	3.46139
0.5	-3.4	0.2016	0.38861	0.72278	1.28075	2.14103	3.35528
0.5	-3.35	0.20124	0.38687	0.71635	1.26141	2.09203	3.24804
0.5	-3.3	0.20085	0.38501	0.70957	1.24131	2.04185	3.13981
0.5	-3.25	0.20043	0.38302	0.70243	1.22046	1.99055	3.03075
0.5	-3.2	0.19997	0.3809	0.69491	1.19885	1.93817	2.92104
0.5	-3.15	0.19947	0.37863	0.68702	1.17649	1.88476	2.81085
0.5	-3.1	0.19893	0.37622	0.67874	1.15337	1.83038	2.70036
0.5	-3.05	0.19835	0.37365	0.67005	1.12949	1.7751	2.58977
0.5	-3.	0.19771	0.37091	0.66095	1.10488	1.71898	2.47928
0.5	-2.95	0.19703	0.368	0.65142	1.07953	1.66212	2.3691
0.5	-2.9	0.19629	0.36491	0.64147	1.05346	1.60459	2.25943
0.5	-2.85	0.19549	0.36163	0.63108	1.0267	1.54648	2.15048
0.5	-2.8	0.19463	0.35815	0.62024	0.99926	1.4879	2.04249
0.5	-2.75	0.19371	0.35446	0.60896	0.97116	1.42894	1.93565
0.5	-2.7	0.19271	0.35055	0.59722	0.94245	1.36973	1.83021
0.5	-2.65	0.19163	0.34643	0.58504	0.91315	1.31036	1.72637
0.5	-2.6	0.19047	0.34207	0.5724	0.8833	1.25097	1.62435
0.5	-2.55	0.18923	0.33748	0.55931	0.85295	1.19167	1.52436
0.5	-2.5	0.18789	0.33263	0.54577	0.82215	1.1326	1.42663
0.5	-2.45	0.18646	0.32754	0.5318	0.79094	1.07389	1.33134
0.5	-2.4	0.18492	0.32218	0.51739	0.75939	1.01568	1.2387
0.5	-2.35	0.18328	0.31656	0.50257	0.72755	0.9581	1.14888
0.5	-2.3	0.18152	0.31067	0.48733	0.6955	0.90129	1.06207
0.5	-2.25	0.17964	0.3045	0.47172	0.66329	0.84539	0.97843
0.5	-2.2	0.17763	0.29806	0.45573	0.63102	0.79053	0.8981
0.5	-2.15	0.17549	0.29133	0.4394	0.59875	0.73686	0.82121
0.5	-2.1	0.17321	0.28432	0.42275	0.56656	0.68451	0.74788
0.5	-2.05	0.17078	0.27703	0.40582	0.53454	0.63361	0.67821
0.5	-2.	0.1682	0.26946	0.38863	0.50279	0.58428	0.61228
0.5	-1.95	0.16547	0.26162	0.37122	0.47137	0.53664	0.55014
0.5	-1.9	0.16257	0.25351	0.35364	0.4404	0.49081	0.49183
0.5	-1.85	0.15951	0.24513	0.33593	0.40995	0.44688	0.43736
0.5	-1.8	0.15627	0.23649	0.31812	0.38012	0.40495	0.38674
0.5	-1.75	0.15286	0.22762	0.30028	0.35101	0.36509	0.33991
0.5	-1.7	0.14927	0.21852	0.28246	0.32269	0.32739	0.29685
0.5	-1.65	0.14549	0.2092	0.26471	0.29526	0.29189	0.25747
0.5	-1.6	0.14153	0.19969	0.24709	0.2688	0.25864	0.22168
0.5	-1.55	0.13738	0.19002	0.22966	0.24339	0.22766	0.18937
0.5	-1.5	0.13304	0.18019	0.21249	0.2191	0.19898	0.16039
0.5	-1.45	0.12852	0.17025	0.19563	0.19601	0.17257	0.13461
0.5	-1.4	0.12382	0.16022	0.17915	0.17417	0.14844	0.11186
0.5	-1.35	0.11894	0.15013	0.16312	0.15363	0.12653	0.09195
0.5	-1.3	0.11389	0.14002	0.14759	0.13443	0.10681	0.07469
0.5	-1.25	0.10867	0.12994	0.13264	0.11662	0.08919	0.05989
0.5	-1.2	0.1033	0.11991	0.11832	0.10021	0.07361	0.04734
0.5	-1.15	0.09779	0.10999	0.10468	0.08521	0.05996	0.03682
0.5	-1.1	0.09215	0.10022	0.09179	0.07162	0.04814	0.02813
0.5	-1.05	0.0864	0.09064	0.07968	0.05942	0.03802	0.02106
0.5	-1.	0.08056	0.08131	0.0684	0.04859	0.02949	0.01541
0.5	-0.95	0.07465	0.07228	0.058	0.03909	0.02239	0.01097
0.5	-0.9	0.0687	0.0636	0.04848	0.03087	0.01659	0.00756
0.5	-0.85	0.06272	0.05531	0.03988	0.02385	0.01195	0.00501
0.5	-0.8	0.05677	0.04746	0.03219	0.01797	0.00831	0.00316
0.5	-0.75	0.05086	0.04011	0.02543	0.01313	0.00554	0.00187
0.5	-0.7	0.04503	0.03329	0.01957	0.00925	0.00349	0.00101
0.5	-0.65	0.03933	0.02705	0.01459	0.00621	0.00204	0.00046
0.5	-0.6	0.0338	0.02142	0.01046	0.00392	0.00106	0.00015
0.5	-0.55	0.02849	0.01642	0.00712	0.00226	0.00044	-0.00002
0.5	-0.5	0.02343	0.01208	0.00452	0.00113	0.00009	-0.00008
0.5	-0.45	0.0187	0.00841	0.00257	0.00041	-0.00008	-0.00009
0.5	-0.4	0.01432	0.00541	0.00121	0.00000	-0.00013	-0.00007
0.5	-0.35	0.01037	0.00305	0.00033	-0.00018	-0.00013	-0.00005
0.5	-0.3	0.00689	0.00132	-0.00015	-0.00021	-0.00009	-0.00003
0.5	-0.25	0.00393	0.00017	-0.00035	-0.00018	-0.00005	-0.00001
0.5	-0.2	0.00153	-0.00047	-0.00034	-0.00011	-0.00002	-0.00000
0.5	-0.15	-0.00025	-0.00068	-0.00024	-0.00005	-0.00000	-0.00000
0.5	-0.1	-0.00134	-0.00056	-0.00011	-0.00001	-0.00000	0.00000
0.5	-0.05	-0.0016	-0.00025	-0.00002	-0.00000	0.00000	0.00000
0.5	0.00	0.	0.	0.	0.	0.	0.
0.4	-8.9	0.21512	0.43024	0.86048	1.72088	3.44124	6.87954
0.4	-8.85	0.21512	0.43024	0.86048	1.72087	3.44118	6.87918
0.4	-8.8	0.21512	0.43024	0.86048	1.72086	3.44111	6.87881
0.4	-8.75	0.21512	0.43024	0.86047	1.72085	3.44104	6.8784
0.4	-8.7	0.21512	0.43024	0.86047	1.72083	3.44096	6.87796
0.4	-8.65	0.21512	0.43024	0.86047	1.72082	3.44088	6.87748
0.4	-8.6	0.21512	0.43024	0.86047	1.72081	3.44078	6.87697
0.4	-8.55	0.21512	0.43024	0.86047	1.72079	3.44068	6.87643
0.4	-8.5	0.21512	0.43024	0.86046	1.72077	3.44058	6.87584
0.4	-8.45	0.21512	0.43024	0.86046	1.72076	3.44046	6.8752
0.4	-8.4	0.21512	0.43024	0.86046	1.72074	3.44033	6.87452
0.4	-8.35	0.21512	0.43024	0.86046	1.72071	3.4402	6.87378
0.4	-8.3	0.21512	0.43024	0.86045	1.72069	3.44005	6.873
0.4	-8.25	0.21512	0.43024	0.86045	1.72066	3.43989	6.87215
0.4	-8.2	0.21512	0.43024	0.86045	1.72064	3.43972	6.87124
0.4	-8.15	0.21512	0.43024	0.86044	1.72061	3.43953	6.87026
0.4	-8.1	0.21512	0.43024	0.86044	1.72057	3.43933	6.86921
0.4	-8.05	0.21512	0.43024	0.86043	1.72054	3.43911	6.86808
0.4	-8.	0.21512	0.43024	0.86043	1.7205	3.43888	6.86687
0.4	-7.95	0.21512	0.43024	0.86042	1.72046	3.43862	6.86558
0.4	-7.9	0.21512	0.43024	0.86041	1.72041	3.43835	6.86418
0.4	-7.85	0.21512	0.43024	0.86041	1.72036	3.43805	6.86269
0.4	-7.8	0.21512	0.43023	0.8604	1.7203	3.43774	6.86109
0.4	-7.75	0.21512	0.43023	0.86039	1.72024	3.43739	6.85938
0.4	-7.7	0.21512	0.43023	0.86038	1.72018	3.43702	6.85754
0.4	-7.65	0.21512	0.43023	0.86037	1.72011	3.43662	6.85558
0.4	-7.6	0.21512	0.43023	0.86036	1.72003	3.43619	6.85347
0.4	-7.55	0.21512	0.43023	0.86035	1.71995	3.43573	6.85122
0.4	-7.5	0.21512	0.43023	0.86033	1.71986	3.43523	6.84881
0.4	-7.45	0.21512	0.43023	0.86032	1.71977	3.43469	6.84623
0.4	-7.4	0.21512	0.43022	0.8603	1.71966	3.43411	6.84347
0.4	-7.35	0.21512	0.43022	0.86029	1.71955	3.43349	6.84052
0.4	-7.3	0.21512	0.43022	0.86027	1.71943	3.43282	6.83738
0.4	-7.25	0.21512	0.43022	0.86025	1.71929	3.4321	6.83401
0.4	-7.2	0.21512	0.43021	0.86022	1.71915	3.43133	6.83042
0.4	-7.15	0.21512	0.43021	0.8602	1.71899	3.43049	6.82659
0.4	-7.1	0.21512	0.43021	0.86017	1.71883	3.4296	6.82249
0.4	-7.05	0.21512	0.4302	0.86014	1.71864	3.42864	6.81813
0.4	-7.	0.21512	0.4302	0.86011	1.71845	3.4276	6.81348
0.4	-6.95	0.21512	0.4302	0.86008	1.71823	3.4265	6.80851
0.4	-6.9	0.21512	0.43019	0.86004	1.718	3.42531	6.80323
0.4	-6.85	0.21512	0.43018	0.86	1.71775	3.42403	6.7976
0.4	-6.8	0.21512	0.43018	0.85996	1.71748	3.42266	6.7916
0.4	-6.75	0.21512	0.43017	0.85991	1.71719	3.4212	6.78522
0.4	-6.7	0.21511	0.43017	0.85986	1.71688	3.41962	6.77843
0.4	-6.65	0.21511	0.43016	0.8598	1.71654	3.41794	6.77121
0.4	-6.6	0.21511	0.43015	0.85974	1.71618	3.41613	6.76353
0.4	-6.55	0.21511	0.43014	0.85967	1.71578	3.4142	6.75537
0.4	-6.5	0.21511	0.43013	0.8596	1.71536	3.41213	6.7467
0.4	-6.45	0.21511	0.43012	0.85952	1.7149	3.40992	6.7375
0.4	-6.4	0.21511	0.43011	0.85943	1.7144	3.40755	6.72773
0.4	-6.35	0.21511	0.43009	0.85934	1.71387	3.40502	6.71737
0.4	-6.3	0.21511	0.43008	0.85923	1.7133	3.40232	6.70639
0.4	-6.25	0.2151	0.43006	0.85912	1.71268	3.39943	6.69474
0.4	-6.2	0.2151	0.43004	0.859	1.71201	3.39634	6.6824
0.4	-6.15	0.2151	0.43003	0.85887	1.7113	3.39305	6.66933
0.4	-6.1	0.2151	0.43	0.85873	1.71053	3.38953	6.6555
0.4	-6.05	0.21509	0.42998	0.85858	1.7097	3.38578	6.64087
0.4	-6.	0.21509	0.42996	0.85841	1.70881	3.38179	6.6254
0.4	-5.95	0.21509	0.42993	0.85823	1.70786	3.37753	6.60904
0.4	-5.9	0.21509	0.4299	0.85804	1.70683	3.37299	6.59176
0.4	-5.85	0.21508	0.42987	0.85782	1.70572	3.36816	6.57352
0.4	-5.8	0.21508	0.42983	0.8576	1.70454	3.36302	6.55426
0.4	-5.75	0.21507	0.42979	0.85735	1.70327	3.35755	6.53395
0.4	-5.7	0.21507	0.42975	0.85708	1.70191	3.35173	6.51253
0.4	-5.65	0.21506	0.4297	0.85679	1.70045	3.34555	6.48997
0.4	-5.6	0.21506	0.42965	0.85648	1.69888	3.33898	6.46621
0.4	-5.55	0.21505	0.4296	0.85614	1.6972	3.332	6.4412
0.4	-5.5	0.21504	0.42954	0.85577	1.69541	3.3246	6.41489
0.4	-5.45	0.21503	0.42947	0.85538	1.69349	3.31675	6.38722
0.4	-5.4	0.21502	0.4294	0.85495	1.69143	3.30842	6.35816
0.4	-5.35	0.21501	0.42932	0.85449	1.68923	3.2996	6.32764
0.4	-5.3	0.215	0.42924	0.85399	1.68688	3.29026	6.29561
0.4	-5.25	0.21499	0.42915	0.85346	1.68436	3.28037	6.26202
0.4	-5.2	0.21498	0.42905	0.85288	1.68168	3.2699	6.22681
0.4	-5.15	0.21496	0.42894	0.85226	1.67882	3.25884	6.18993
0.4	-5.1	0.21495	0.42882	0.85159	1.67576	3.24715	6.15133
0.4	-5.05	0.21493	0.42869	0.85086	1.6725	3.2348	6.11095
0.4	-5.	0.21491	0.42855	0.85009	1.66903	3.22176	6.06873
0.4	-4.95	0.21489	0.42839	0.84925	1.66533	3.20801	6.02463
0.4	-4.9	0.21487	0.42823	0.84835	1.66139	3.19351	5.97859
0.4	-4.85	0.21484	0.42805	0.84738	1.65719	3.17823	5.93057
0.4	-4.8	0.21481	0.42785	0.84634	1.65273	3.16215	5.88051
0.4	-4.75	0.21478	0.42764	0.84522	1.64799	3.14522	5.82837
0.4	-4.7	0.21475	0.42741	0.84402	1.64295	3.12743	5.7741
0.4	-4.65	0.21471	0.42716	0.84274	1.6376	3.10872	5.71766
0.4	-4.6	0.21467	0.42688	0.84136	1.63192	3.08908	5.65901
0.4	-4.55	0.21463	0.42659	0.83988	1.6259	3.06847	5.59811
0.4	-4.5	0.21458	0.42627	0.83829	1.61951	3.04686	5.53493
0.4	-4.45	0.21452	0.42593	0.83659	1.61275	3.02421	5.46943
0.4	-4.4	0.21446	0.42555	0.83477	1.60559	3.0005	5.4016
0.4	-4.35	0.2144	0.42515	0.83283	1.59802	2.97569	5.33141
0.4	-4.3	0.21433	0.42471	0.83075	1.59001	2.94975	5.25884
0.4	-4.25	0.21425	0.42424	0.82853	1.58155	2.92266	5.18389
0.4	-4.2	0.21417	0.42373	0.82615	1.57262	2.89438	5.10654
0.4	-4.15	0.21408	0.42317	0.82362	1.5632	2.86488	5.0268
0.4	-4.1	0.21398	0.42258	0.82092	1.55327	2.83415	4.94468
0.4	-4.05	0.21387	0.42194	0.81803	1.5428	2.80216	4.86019
0.4	-4.	0.21375	0.42124	0.81496	1.53178	2.76888	4.77334
0.4	-3.95	0.21362	0.42049	0.81169	1.52019	2.7343	4.68418
0.4	-3.9	0.21348	0.41969	0.80821	1.50801	2.6984	4.59274
0.4	-3.85	0.21332	0.41882	0.80452	1.49522	2.66116	4.49906
0.4	-3.8	0.21315	0.41789	0.80058	1.4818	2.62257	4.4032
0.4	-3.75	0.21297	0.41688	0.79641	1.46773	2.58263	4.30521
0.4	-3.7	0.21276	0.4158	0.79198	1.453	2.54133	4.20519
0.4	-3.65	0.21254	0.41464	0.78728	1.43757	2.49866	4.1032
0.4	-3.6	0.21231	0.41339	0.78231	1.42145	2.45464	3.99934
0.4	-3.55	0.21205	0.41205	0.77704	1.4046	2.40927	3.89371
0.4	-3.5	0.21176	0.41062	0.77146	1.38702	2.36256	3.78643
0.4	-3.45	0.21145	0.40908	0.76557	1.3687	2.31453	3.67762
0.4	-3.4	0.21112	0.40743	0.75935	1.34962	2.2652	3.5674
0.4	-3.35	0.21076	0.40567	0.75278	1.32977	2.2146	3.45593
0.4	-3.3	0.21036	0.40378	0.74586	1.30914	2.16276	3.34335
0.4	-3.25	0.20993	0.40176	0.73857	1.28772	2.10972	3.22983
0.4	-3.2	0.20947	0.39961	0.7309	1.26552	2.05554	3.11554
0.4	-3.15	0.20897	0.39731	0.72284	1.24252	2.00026	3.00066
0.4	-3.1	0.20842	0.39486	0.71437	1.21874	1.94393	2.88538
0.4	-3.05	0.20783	0.39224	0.70549	1.19417	1.88664	2.7699
0.4	-3.	0.20719	0.38946	0.69618	1.16882	1.82844	2.65441
0.4	-2.95	0.2065	0.3865	0.68643	1.1427	1.76941	2.53914
0.4	-2.9	0.20576	0.38336	0.67624	1.11583	1.70966	2.4243
0.4	-2.85	0.20495	0.38002	0.6656	1.08822	1.64925	2.31011
0.4	-2.8	0.20408	0.37647	0.65449	1.05989	1.5883	2.19679
0.4	-2.75	0.20314	0.37272	0.64293	1.03087	1.52691	2.08458
0.4	-2.7	0.20213	0.36874	0.63089	1.00119	1.46519	1.97369
0.4	-2.65	0.20104	0.36454	0.61838	0.97088	1.40326	1.86437
0.4	-2.6	0.19987	0.3601	0.6054	0.93998	1.34124	1.75683
0.4	-2.55	0.19861	0.35541	0.59195	0.90854	1.27925	1.65131
0.4	-2.5	0.19725	0.35047	0.57803	0.8766	1.21744	1.54801
0.4	-2.45	0.1958	0.34527	0.56365	0.84421	1.15594	1.44717
0.4	-2.4	0.19424	0.3398	0.54882	0.81143	1.09488	1.34897
0.4	-2.35	0.19258	0.33405	0.53354	0.77833	1.03441	1.25363
0.4	-2.3	0.19079	0.32803	0.51784	0.74497	0.97468	1.16133
0.4	-2.25	0.18888	0.32172	0.50172	0.71142	0.91582	1.07224
0.4	-2.2	0.18684	0.31512	0.48521	0.67775	0.85798	0.98652
0.4	-2.15	0.18467	0.30824	0.46833	0.64405	0.80131	0.90432
0.4	-2.1	0.18235	0.30106	0.45111	0.6104	0.74594	0.82577
0.4	-2.05	0.17989	0.29358	0.43357	0.57689	0.69201	0.75098
0.4	-2.	0.17727	0.28581	0.41576	0.5436	0.63966	0.68004
0.4	-1.95	0.17448	0.27776	0.3977	0.51062	0.589	0.61301
0.4	-1.9	0.17154	0.26942	0.37943	0.47806	0.54017	0.54995
0.4	-1.85	0.16842	0.2608	0.36101	0.446	0.49326	0.49089
0.4	-1.8	0.16512	0.25192	0.34247	0.41454	0.44839	0.43583
0.4	-1.75	0.16164	0.24277	0.32387	0.38377	0.40563	0.38474
0.4	-1.7	0.15797	0.23338	0.30526	0.35379	0.36508	0.3376
0.4	-1.65	0.15412	0.22377	0.2867	0.32468	0.32679	0.29433
0.4	-1.6	0.15007	0.21394	0.26824	0.29655	0.29082	0.25484
0.4	-1.55	0.14583	0.20393	0.24996	0.26946	0.2572	0.21904
0.4	-1.5	0.14139	0.19375	0.23191	0.24351	0.22595	0.18679
0.4	-1.45	0.13677	0.18344	0.21416	0.21876	0.19708	0.15794
0.4	-1.4	0.13195	0.17302	0.19677	0.19528	0.17058	0.13234
0.4	-1.35	0.12694	0.16252	0.17981	0.17313	0.14642	0.1098
0.4	-1.3	0.12176	0.15199	0.16335	0.15236	0.12455	0.09012
0.4	-1.25	0.1164	0.14146	0.14745	0.133	0.10491	0.07312
0.4	-1.2	0.11087	0.13098	0.13217	0.11508	0.08743	0.05857
0.4	-1.15	0.10519	0.12058	0.11758	0.09863	0.07201	0.04627
0.4	-1.1	0.09937	0.11031	0.10374	0.08365	0.05856	0.03599
0.4	-1.05	0.09343	0.10023	0.09069	0.07011	0.04694	0.02752
0.4	-1.	0.08739	0.09038	0.07847	0.05802	0.03703	0.02064
0.4	-0.95	0.08126	0.08082	0.06714	0.04732	0.0287	0.01515
0.4	-0.9	0.07508	0.07159	0.05673	0.03798	0.0218	0.01085
0.4	-0.85	0.06886	0.06274	0.04725	0.02992	0.01618	0.00756
0.4	-0.8	0.06265	0.05434	0.03871	0.02308	0.01169	0.00509
0.4	-0.75	0.05647	0.04642	0.03114	0.01738	0.00819	0.00329
0.4	-0.7	0.05037	0.03903	0.0245	0.01271	0.00553	0.00203
0.4	-0.65	0.04438	0.03222	0.01879	0.00898	0.00357	0.00118
0.4	-0.6	0.03854	0.02603	0.01398	0.00609	0.00217	0.00063
0.4	-0.55	0.0329	0.02048	0.01001	0.00391	0.00122	0.0003
0.4	-0.5	0.02752	0.0156	0.00683	0.00234	0.00062	0.00011
0.4	-0.45	0.02244	0.0114	0.00437	0.00127	0.00026	0.00002
0.4	-0.4	0.01771	0.00789	0.00256	0.00058	0.00007	-0.00001
0.4	-0.35	0.0134	0.00505	0.0013	0.00019	-0.00001	-0.00002
0.4	-0.3	0.00954	0.00287	0.0005	0.00000	-0.00003	-0.00001
0.4	-0.25	0.00619	0.0013	0.00006	-0.00006	-0.00003	-0.00000
0.4	-0.2	0.00339	0.0003	-0.00012	-0.00006	-0.00002	-0.00000
0.4	-0.15	0.0012	-0.00022	-0.00013	-0.00003	-0.00000	0.00000
0.4	-0.1	-0.00034	-0.00034	-0.00008	-0.00001	-0.00000	0.00000
0.4	-0.05	-0.00108	-0.00019	-0.00002	-0.00000	0.00000	0.00000
0.4	0.00	0.	0.	0.	0.	0.	0.
0.3	-8.9	0.22743	0.45487	0.90973	1.81938	3.63823	7.27347
0.3	-8.85	0.22743	0.45487	0.90973	1.81937	3.63817	7.27312
0.3	-8.8	0.22743	0.45487	0.90973	1.81936	3.6381	7.27273
0.3	-8.75	0.22743	0.45487	0.90972	1.81935	3.63803	7.27232
0.3	-8.7	0.22743	0.45487	0.90972	1.81933	3.63795	7.27187
0.3	-8.65	0.22743	0.45487	0.90972	1.81932	3.63786	7.27139
0.3	-8.6	0.22743	0.45487	0.90972	1.81931	3.63777	7.27087
0.3	-8.55	0.22743	0.45487	0.90972	1.81929	3.63767	7.27031
0.3	-8.5	0.22743	0.45487	0.90971	1.81927	3.63756	7.26971
0.3	-8.45	0.22743	0.45487	0.90971	1.81925	3.63744	7.26907
0.3	-8.4	0.22743	0.45487	0.90971	1.81923	3.63731	7.26837
0.3	-8.35	0.22743	0.45487	0.90971	1.81921	3.63717	7.26763
0.3	-8.3	0.22743	0.45487	0.9097	1.81919	3.63702	7.26682
0.3	-8.25	0.22743	0.45487	0.9097	1.81916	3.63686	7.26596
0.3	-8.2	0.22743	0.45487	0.9097	1.81913	3.63669	7.26504
0.3	-8.15	0.22743	0.45486	0.90969	1.8191	3.6365	7.26404
0.3	-8.1	0.22743	0.45486	0.90969	1.81907	3.63629	7.26297
0.3	-8.05	0.22743	0.45486	0.90968	1.81903	3.63607	7.26183
0.3	-8.	0.22743	0.45486	0.90968	1.81899	3.63583	7.26059
0.3	-7.95	0.22743	0.45486	0.90967	1.81895	3.63558	7.25927
0.3	-7.9	0.22743	0.45486	0.90966	1.8189	3.6353	7.25786
0.3	-7.85	0.22743	0.45486	0.90966	1.81885	3.635	7.25634
0.3	-7.8	0.22743	0.45486	0.90965	1.8188	3.63468	7.25471
0.3	-7.75	0.22743	0.45486	0.90964	1.81874	3.63433	7.25296
0.3	-7.7	0.22743	0.45486	0.90963	1.81867	3.63395	7.25109
0.3	-7.65	0.22743	0.45486	0.90962	1.8186	3.63355	7.24909
0.3	-7.6	0.22743	0.45486	0.90961	1.81852	3.63311	7.24695
0.3	-7.55	0.22743	0.45485	0.9096	1.81844	3.63264	7.24465
0.3	-7.5	0.22743	0.45485	0.90958	1.81835	3.63213	7.24219
0.3	-7.45	0.22743	0.45485	0.90957	1.81825	3.63158	7.23956
0.3	-7.4	0.22743	0.45485	0.90955	1.81815	3.631	7.23675
0.3	-7.35	0.22743	0.45485	0.90953	1.81803	3.63036	7.23375
0.3	-7.3	0.22743	0.45484	0.90952	1.81791	3.62968	7.23054
0.3	-7.25	0.22743	0.45484	0.9095	1.81777	3.62895	7.22711
0.3	-7.2	0.22743	0.45484	0.90947	1.81763	3.62816	7.22344
0.3	-7.15	0.22743	0.45484	0.90945	1.81747	3.62732	7.21953
0.3	-7.1	0.22743	0.45483	0.90942	1.8173	3.62641	7.21536
0.3	-7.05	0.22743	0.45483	0.90939	1.81711	3.62543	7.2109
0.3	-7.	0.22743	0.45482	0.90936	1.81691	3.62438	7.20615
0.3	-6.95	0.22743	0.45482	0.90932	1.8167	3.62325	7.20109
0.3	-6.9	0.22743	0.45481	0.90929	1.81646	3.62204	7.19569
0.3	-6.85	0.22743	0.45481	0.90925	1.81621	3.62074	7.18994
0.3	-6.8	0.22743	0.4548	0.9092	1.81594	3.61935	7.18381
0.3	-6.75	0.22743	0.4548	0.90915	1.81564	3.61785	7.17729
0.3	-6.7	0.22743	0.45479	0.9091	1.81532	3.61625	7.17035
0.3	-6.65	0.22743	0.45478	0.90904	1.81498	3.61454	7.16297
0.3	-6.6	0.22743	0.45477	0.90898	1.81461	3.6127	7.15513
0.3	-6.55	0.22742	0.45476	0.90891	1.81421	3.61073	7.14678
0.3	-6.5	0.22742	0.45475	0.90884	1.81378	3.60862	7.13792
0.3	-6.45	0.22742	0.45474	0.90876	1.81331	3.60637	7.12851
0.3	-6.4	0.22742	0.45473	0.90867	1.81281	3.60395	7.11852
0.3	-6.35	0.22742	0.45472	0.90857	1.81227	3.60137	7.10792
0.3	-6.3	0.22742	0.4547	0.90847	1.81169	3.59862	7.09667
0.3	-6.25	0.22742	0.45469	0.90836	1.81106	3.59567	7.08475
0.3	-6.2	0.22741	0.45467	0.90824	1.81038	3.59252	7.07212
0.3	-6.15	0.22741	0.45465	0.9081	1.80965	3.58916	7.05874
0.3	-6.1	0.22741	0.45463	0.90796	1.80887	3.58557	7.04457
0.3	-6.05	0.22741	0.4546	0.9078	1.80803	3.58175	7.02958
0.3	-6.	0.2274	0.45458	0.90764	1.80713	3.57767	7.01372
0.3	-5.95	0.2274	0.45455	0.90745	1.80615	3.57332	6.99696
0.3	-5.9	0.2274	0.45452	0.90726	1.80511	3.56869	6.97924
0.3	-5.85	0.22739	0.45449	0.90704	1.80399	3.56375	6.96053
0.3	-5.8	0.22739	0.45445	0.90681	1.80278	3.5585	6.94078
0.3	-5.75	0.22739	0.45441	0.90656	1.80149	3.55291	6.91994
0.3	-5.7	0.22738	0.45437	0.90629	1.8001	3.54696	6.89796
0.3	-5.65	0.22737	0.45432	0.90599	1.79861	3.54064	6.8748
0.3	-5.6	0.22737	0.45427	0.90568	1.79702	3.53393	6.8504
0.3	-5.55	0.22736	0.45422	0.90533	1.79531	3.5268	6.82471
0.3	-5.5	0.22735	0.45416	0.90496	1.79348	3.51922	6.79768
0.3	-5.45	0.22735	0.45409	0.90456	1.79152	3.51119	6.76926
0.3	-5.4	0.22734	0.45402	0.90413	1.78943	3.50267	6.73938
0.3	-5.35	0.22733	0.45394	0.90366	1.78719	3.49364	6.708
0.3	-5.3	0.22732	0.45385	0.90316	1.78479	3.48407	6.67506
0.3	-5.25	0.2273	0.45376	0.90261	1.78223	3.47394	6.64049
0.3	-5.2	0.22729	0.45366	0.90202	1.77949	3.46322	6.60426
0.3	-5.15	0.22727	0.45355	0.90139	1.77657	3.45188	6.56629
0.3	-5.1	0.22726	0.45343	0.90071	1.77345	3.4399	6.52653
0.3	-5.05	0.22724	0.4533	0.89998	1.77012	3.42724	6.48493
0.3	-5.	0.22722	0.45315	0.89919	1.76658	3.41387	6.44142
0.3	-4.95	0.2272	0.453	0.89833	1.7628	3.39976	6.39596
0.3	-4.9	0.22718	0.45283	0.89742	1.75877	3.38488	6.34848
0.3	-4.85	0.22715	0.45265	0.89644	1.75449	3.3692	6.29894
0.3	-4.8	0.22712	0.45245	0.89538	1.74993	3.35269	6.24727
0.3	-4.75	0.22709	0.45223	0.89424	1.74508	3.3353	6.19344
0.3	-4.7	0.22706	0.452	0.89302	1.73993	3.31701	6.13738
0.3	-4.65	0.22702	0.45175	0.89171	1.73446	3.29779	6.07907
0.3	-4.6	0.22698	0.45147	0.89031	1.72865	3.2776	6.01844
0.3	-4.55	0.22693	0.45117	0.8888	1.72249	3.2564	5.95546
0.3	-4.5	0.22688	0.45085	0.88719	1.71596	3.23416	5.89009
0.3	-4.45	0.22683	0.4505	0.88546	1.70904	3.21086	5.8223
0.3	-4.4	0.22677	0.45012	0.8836	1.70171	3.18644	5.75207
0.3	-4.35	0.22671	0.44971	0.88162	1.69395	3.16088	5.67935
0.3	-4.3	0.22664	0.44927	0.8795	1.68574	3.13416	5.60414
0.3	-4.25	0.22656	0.44879	0.87724	1.67707	3.10623	5.52641
0.3	-4.2	0.22647	0.44827	0.87482	1.66791	3.07706	5.44617
0.3	-4.15	0.22638	0.44771	0.87223	1.65825	3.04664	5.3634
0.3	-4.1	0.22628	0.4471	0.86947	1.64806	3.01492	5.27811
0.3	-4.05	0.22617	0.44645	0.86653	1.63731	2.98188	5.19031
0.3	-4.	0.22605	0.44575	0.8634	1.626	2.9475	5.10003
0.3	-3.95	0.22592	0.44499	0.86006	1.6141	2.91176	5.00727
0.3	-3.9	0.22577	0.44417	0.85651	1.60158	2.87463	4.91209
0.3	-3.85	0.22562	0.44329	0.85273	1.58843	2.83611	4.81452
0.3	-3.8	0.22545	0.44234	0.84871	1.57463	2.79616	4.71462
0.3	-3.75	0.22526	0.44132	0.84444	1.56016	2.7548	4.61244
0.3	-3.7	0.22505	0.44022	0.83991	1.54499	2.712	4.50807
0.3	-3.65	0.22483	0.43904	0.8351	1.5291	2.66777	4.40157
0.3	-3.6	0.22459	0.43777	0.83001	1.51249	2.6221	4.29305
0.3	-3.55	0.22433	0.43641	0.82461	1.49513	2.575	4.1826
0.3	-3.5	0.22404	0.43495	0.8189	1.477	2.52649	4.07033
0.3	-3.45	0.22373	0.43338	0.81287	1.4581	2.47657	3.95638
0.3	-3.4	0.22339	0.4317	0.80649	1.4384	2.42527	3.84087
0.3	-3.35	0.22302	0.42991	0.79976	1.41789	2.37261	3.72394
0.3	-3.3	0.22263	0.42798	0.79266	1.39657	2.31863	3.60576
0.3	-3.25	0.22219	0.42593	0.78518	1.37443	2.26336	3.48649
0.3	-3.2	0.22172	0.42373	0.7773	1.35146	2.20686	3.3663
0.3	-3.15	0.22121	0.42139	0.76902	1.32766	2.14916	3.24537
0.3	-3.1	0.22066	0.41888	0.76031	1.30302	2.09033	3.12391
0.3	-3.05	0.22006	0.41622	0.75118	1.27755	2.03044	3.00212
0.3	-3.	0.21941	0.41338	0.7416	1.25126	1.96955	2.8802
0.3	-2.95	0.21871	0.41035	0.73157	1.22415	1.90774	2.75837
0.3	-2.9	0.21796	0.40714	0.72107	1.19623	1.84511	2.63686
0.3	-2.85	0.21714	0.40373	0.7101	1.16753	1.78174	2.5159
0.3	-2.8	0.21626	0.4001	0.69865	1.13806	1.71774	2.39573
0.3	-2.75	0.2153	0.39626	0.68672	1.10785	1.65321	2.27657
0.3	-2.7	0.21428	0.39219	0.67429	1.07692	1.58826	2.15868
0.3	-2.65	0.21317	0.38789	0.66136	1.04531	1.52302	2.04228
0.3	-2.6	0.21198	0.38334	0.64794	1.01305	1.45761	1.92763
0.3	-2.55	0.2107	0.37853	0.63403	0.9802	1.39216	1.81496
0.3	-2.5	0.20932	0.37346	0.61962	0.94679	1.32682	1.7045
0.3	-2.45	0.20785	0.36812	0.60471	0.91288	1.26171	1.59649
0.3	-2.4	0.20626	0.36251	0.58933	0.87853	1.19699	1.49114
0.3	-2.35	0.20456	0.35661	0.57348	0.84379	1.1328	1.38868
0.3	-2.3	0.20274	0.35041	0.55716	0.80874	1.06929	1.28929
0.3	-2.25	0.2008	0.34392	0.5404	0.77346	1.00662	1.19318
0.3	-2.2	0.19872	0.33713	0.52322	0.738	0.94494	1.10052
0.3	-2.15	0.19651	0.33003	0.50563	0.70246	0.88439	1.01147
0.3	-2.1	0.19414	0.32263	0.48767	0.66693	0.82513	0.92619
0.3	-2.05	0.19163	0.31491	0.46936	0.63148	0.7673	0.84479
0.3	-2.	0.18895	0.30689	0.45073	0.59622	0.71105	0.76739
0.3	-1.95	0.18611	0.29857	0.43182	0.56123	0.65651	0.69406
0.3	-1.9	0.18309	0.28994	0.41268	0.52661	0.6038	0.62489
0.3	-1.85	0.1799	0.28101	0.39334	0.49247	0.55306	0.5599
0.3	-1.8	0.17652	0.2718	0.37385	0.4589	0.50439	0.49911
0.3	-1.75	0.17296	0.26231	0.35427	0.42601	0.4579	0.44254
0.3	-1.7	0.1692	0.25255	0.33465	0.39388	0.41367	0.39013
0.3	-1.65	0.16524	0.24255	0.31504	0.36262	0.37179	0.34184
0.3	-1.6	0.16108	0.23231	0.29552	0.33232	0.33231	0.2976
0.3	-1.55	0.15672	0.22186	0.27613	0.30308	0.29528	0.2573
0.3	-1.5	0.15216	0.21123	0.25695	0.27498	0.26073	0.22082
0.3	-1.45	0.14739	0.20044	0.23804	0.24809	0.22868	0.18802
0.3	-1.4	0.14243	0.18952	0.21948	0.2225	0.19913	0.15874
0.3	-1.35	0.13726	0.1785	0.20132	0.19827	0.17206	0.1328
0.3	-1.3	0.1319	0.16742	0.18365	0.17546	0.14743	0.11002
0.3	-1.25	0.12635	0.15632	0.16654	0.15411	0.12518	0.09017
0.3	-1.2	0.12062	0.14524	0.15003	0.13427	0.10525	0.07306
0.3	-1.15	0.11473	0.13423	0.13422	0.11594	0.08755	0.05845
0.3	-1.1	0.10868	0.12333	0.11914	0.09915	0.07198	0.04612
0.3	-1.05	0.10249	0.11259	0.10487	0.0839	0.05843	0.03585
0.3	-1.	0.09619	0.10207	0.09146	0.07017	0.04675	0.0274
0.3	-0.95	0.08978	0.09182	0.07894	0.05793	0.03683	0.02055
0.3	-0.9	0.08331	0.08189	0.06736	0.04714	0.02851	0.0151
0.3	-0.85	0.07678	0.07233	0.05675	0.03774	0.02163	0.01084
0.3	-0.8	0.07024	0.0632	0.04712	0.02967	0.01605	0.00757
0.3	-0.75	0.06372	0.05455	0.03849	0.02285	0.01161	0.00513
0.3	-0.7	0.05725	0.04644	0.03086	0.01717	0.00815	0.00336
0.3	-0.65	0.05088	0.0389	0.02421	0.01255	0.00553	0.0021
0.3	-0.6	0.04464	0.03198	0.01851	0.00888	0.0036	0.00125
0.3	-0.55	0.0386	0.02571	0.01373	0.00604	0.00223	0.0007
0.3	-0.5	0.03279	0.02013	0.00981	0.00391	0.0013	0.00036
0.3	-0.45	0.02727	0.01525	0.0067	0.00238	0.0007	0.00017
0.3	-0.4	0.02209	0.01109	0.00431	0.00133	0.00033	0.00007
0.3	-0.35	0.0173	0.00763	0.00255	0.00067	0.00014	0.00002
0.3	-0.3	0.01296	0.00487	0.00135	0.00028	0.00004	0.00000
0.3	-0.25	0.00911	0.00277	0.00059	0.00008	0.00000	-0.00000
0.3	-0.2	0.00579	0.00129	0.00017	0.00000	-0.00000	-0.00000
0.3	-0.15	0.00305	0.00038	-0.00000	-0.00001	-0.00000	0.00000
0.3	-0.1	0.00094	-0.00005	-0.00003	-0.00000	0.00000	0.00000
0.3	-0.05	-0.0004	-0.00011	-0.00001	0.00000	0.00000	0.00000
0.3	0.00	0.	0.	0.	0.	0.	0.
0.2	-8.9	0.24479	0.48958	0.97914	1.9582	3.91588	7.8287
0.2	-8.85	0.24479	0.48958	0.97914	1.95819	3.91581	7.82833
0.2	-8.8	0.24479	0.48958	0.97914	1.95818	3.91574	7.82794
0.2	-8.75	0.24479	0.48958	0.97914	1.95817	3.91567	7.82751
0.2	-8.7	0.24479	0.48958	0.97914	1.95816	3.91559	7.82706
0.2	-8.65	0.24479	0.48958	0.97913	1.95815	3.9155	7.82656
0.2	-8.6	0.24479	0.48957	0.97913	1.95813	3.9154	7.82604
0.2	-8.55	0.24479	0.48957	0.97913	1.95812	3.9153	7.82546
0.2	-8.5	0.24479	0.48957	0.97913	1.9581	3.91519	7.82485
0.2	-8.45	0.24479	0.48957	0.97913	1.95808	3.91507	7.82419
0.2	-8.4	0.24479	0.48957	0.97912	1.95806	3.91494	7.82348
0.2	-8.35	0.24479	0.48957	0.97912	1.95804	3.9148	7.82272
0.2	-8.3	0.24479	0.48957	0.97912	1.95801	3.91464	7.82189
0.2	-8.25	0.24479	0.48957	0.97911	1.95799	3.91448	7.82101
0.2	-8.2	0.24479	0.48957	0.97911	1.95796	3.9143	7.82006
0.2	-8.15	0.24479	0.48957	0.9791	1.95793	3.91411	7.81904
0.2	-8.1	0.24479	0.48957	0.9791	1.95789	3.9139	7.81795
0.2	-8.05	0.24479	0.48957	0.9791	1.95785	3.91367	7.81677
0.2	-8.	0.24479	0.48957	0.97909	1.95781	3.91343	7.81551
0.2	-7.95	0.24479	0.48957	0.97908	1.95777	3.91317	7.81416
0.2	-7.9	0.24479	0.48957	0.97908	1.95772	3.91288	7.81271
0.2	-7.85	0.24479	0.48957	0.97907	1.95767	3.91258	7.81115
0.2	-7.8	0.24479	0.48957	0.97906	1.95761	3.91225	7.80948
0.2	-7.75	0.24479	0.48957	0.97905	1.95755	3.91189	7.80769
0.2	-7.7	0.24479	0.48956	0.97904	1.95749	3.91151	7.80577
0.2	-7.65	0.24479	0.48956	0.97903	1.95741	3.91109	7.80372
0.2	-7.6	0.24479	0.48956	0.97902	1.95734	3.91065	7.80152
0.2	-7.55	0.24479	0.48956	0.97901	1.95725	3.91016	7.79916
0.2	-7.5	0.24479	0.48956	0.979	1.95716	3.90965	7.79664
0.2	-7.45	0.24479	0.48956	0.97898	1.95706	3.90909	7.79394
0.2	-7.4	0.24479	0.48956	0.97896	1.95695	3.90849	7.79105
0.2	-7.35	0.24479	0.48955	0.97895	1.95684	3.90784	7.78797
0.2	-7.3	0.24479	0.48955	0.97893	1.95671	3.90714	7.78467
0.2	-7.25	0.24479	0.48955	0.97891	1.95657	3.90639	7.78114
0.2	-7.2	0.24479	0.48955	0.97888	1.95642	3.90559	7.77738
0.2	-7.15	0.24479	0.48954	0.97886	1.95626	3.90472	7.77336
0.2	-7.1	0.24479	0.48954	0.97883	1.95609	3.90379	7.76906
0.2	-7.05	0.24478	0.48954	0.9788	1.9559	3.90279	7.76448
0.2	-7.	0.24478	0.48953	0.97877	1.9557	3.90171	7.7596
0.2	-6.95	0.24478	0.48953	0.97873	1.95548	3.90056	7.75438
0.2	-6.9	0.24478	0.48952	0.97869	1.95524	3.89932	7.74883
0.2	-6.85	0.24478	0.48952	0.97865	1.95498	3.89799	7.74291
0.2	-6.8	0.24478	0.48951	0.97861	1.9547	3.89656	7.7366
0.2	-6.75	0.24478	0.4895	0.97856	1.9544	3.89503	7.72989
0.2	-6.7	0.24478	0.4895	0.9785	1.95407	3.89338	7.72274
0.2	-6.65	0.24478	0.48949	0.97845	1.95372	3.89162	7.71514
0.2	-6.6	0.24478	0.48948	0.97838	1.95334	3.88974	7.70705
0.2	-6.55	0.24478	0.48947	0.97831	1.95294	3.88772	7.69845
0.2	-6.5	0.24478	0.48946	0.97824	1.95249	3.88556	7.68931
0.2	-6.45	0.24478	0.48945	0.97815	1.95202	3.88324	7.67961
0.2	-6.4	0.24477	0.48944	0.97807	1.95151	3.88076	7.6693
0.2	-6.35	0.24477	0.48942	0.97797	1.95095	3.87811	7.65836
0.2	-6.3	0.24477	0.48941	0.97786	1.95036	3.87528	7.64675
0.2	-6.25	0.24477	0.48939	0.97775	1.94971	3.87225	7.63445
0.2	-6.2	0.24477	0.48937	0.97763	1.94902	3.86902	7.6214
0.2	-6.15	0.24477	0.48935	0.97749	1.94828	3.86557	7.60757
0.2	-6.1	0.24476	0.48933	0.97735	1.94748	3.86188	7.59293
0.2	-6.05	0.24476	0.48931	0.97719	1.94662	3.85795	7.57744
0.2	-6.	0.24476	0.48928	0.97702	1.94569	3.85375	7.56104
0.2	-5.95	0.24475	0.48926	0.97683	1.9447	3.84927	7.5437
0.2	-5.9	0.24475	0.48922	0.97663	1.94363	3.84451	7.52537
0.2	-5.85	0.24475	0.48919	0.97641	1.94248	3.83943	7.506
0.2	-5.8	0.24474	0.48915	0.97617	1.94124	3.83402	7.48555
0.2	-5.75	0.24474	0.48911	0.97592	1.93992	3.82826	7.46397
0.2	-5.7	0.24473	0.48907	0.97564	1.9385	3.82213	7.4412
0.2	-5.65	0.24473	0.48902	0.97534	1.93697	3.81562	7.41719
0.2	-5.6	0.24472	0.48897	0.97502	1.93534	3.80869	7.3919
0.2	-5.55	0.24471	0.48892	0.97467	1.93359	3.80134	7.36525
0.2	-5.5	0.24471	0.48885	0.97429	1.93171	3.79353	7.33721
0.2	-5.45	0.2447	0.48879	0.97388	1.9297	3.78524	7.3077
0.2	-5.4	0.24469	0.48871	0.97344	1.92755	3.77644	7.27668
0.2	-5.35	0.24468	0.48863	0.97296	1.92525	3.76712	7.24408
0.2	-5.3	0.24467	0.48855	0.97244	1.92278	3.75724	7.20985
0.2	-5.25	0.24466	0.48845	0.97189	1.92015	3.74677	7.17392
0.2	-5.2	0.24464	0.48835	0.97129	1.91734	3.73569	7.13624
0.2	-5.15	0.24463	0.48824	0.97064	1.91434	3.72397	7.09673
0.2	-5.1	0.24461	0.48811	0.96995	1.91113	3.71157	7.05535
0.2	-5.05	0.24459	0.48798	0.9692	1.90771	3.69847	7.01202
0.2	-5.	0.24457	0.48783	0.96839	1.90406	3.68463	6.9667
0.2	-4.95	0.24455	0.48768	0.96752	1.90018	3.67002	6.91931
0.2	-4.9	0.24453	0.48751	0.96658	1.89603	3.65461	6.8698
0.2	-4.85	0.2445	0.48732	0.96557	1.89162	3.63835	6.81812
0.2	-4.8	0.24447	0.48712	0.96449	1.88693	3.62123	6.76419
0.2	-4.75	0.24444	0.4869	0.96333	1.88193	3.6032	6.70797
0.2	-4.7	0.24441	0.48666	0.96208	1.87662	3.58422	6.6494
0.2	-4.65	0.24437	0.4864	0.96074	1.87098	3.56427	6.58844
0.2	-4.6	0.24433	0.48612	0.9593	1.86499	3.5433	6.52503
0.2	-4.55	0.24428	0.48582	0.95775	1.85863	3.52127	6.45912
0.2	-4.5	0.24423	0.48549	0.9561	1.85189	3.49816	6.39067
0.2	-4.45	0.24418	0.48513	0.95432	1.84474	3.47391	6.31965
0.2	-4.4	0.24412	0.48475	0.95242	1.83717	3.44851	6.24602
0.2	-4.35	0.24405	0.48433	0.95039	1.82915	3.4219	6.16975
0.2	-4.3	0.24398	0.48388	0.94821	1.82067	3.39406	6.0908
0.2	-4.25	0.2439	0.48339	0.94589	1.8117	3.36496	6.00918
0.2	-4.2	0.24382	0.48286	0.9434	1.80222	3.33454	5.92485
0.2	-4.15	0.24372	0.48229	0.94075	1.79221	3.3028	5.83781
0.2	-4.1	0.24362	0.48167	0.93791	1.78166	3.26969	5.74806
0.2	-4.05	0.24351	0.48101	0.93489	1.77052	3.23518	5.6556
0.2	-4.	0.24339	0.48029	0.93166	1.7588	3.19925	5.56046
0.2	-3.95	0.24325	0.47951	0.92823	1.74645	3.16187	5.46264
0.2	-3.9	0.24311	0.47867	0.92457	1.73346	3.12302	5.36219
0.2	-3.85	0.24295	0.47777	0.92067	1.71981	3.08268	5.25915
0.2	-3.8	0.24277	0.4768	0.91653	1.70547	3.04083	5.15355
0.2	-3.75	0.24258	0.47576	0.91213	1.69042	2.99746	5.04546
0.2	-3.7	0.24238	0.47463	0.90746	1.67464	2.95255	4.93495
0.2	-3.65	0.24215	0.47343	0.9025	1.65811	2.90611	4.82211
0.2	-3.6	0.24191	0.47213	0.89724	1.64081	2.85812	4.70701
0.2	-3.55	0.24164	0.47073	0.89167	1.62272	2.80859	4.58976
0.2	-3.5	0.24135	0.46924	0.88577	1.60382	2.75753	4.47047
0.2	-3.45	0.24103	0.46763	0.87953	1.58409	2.70496	4.34927
0.2	-3.4	0.24069	0.46591	0.87293	1.56353	2.65088	4.2263
0.2	-3.35	0.24031	0.46407	0.86597	1.5421	2.59532	4.10169
0.2	-3.3	0.23991	0.4621	0.85861	1.51981	2.53832	3.97561
0.2	-3.25	0.23947	0.45999	0.85086	1.49664	2.47991	3.84822
0.2	-3.2	0.23899	0.45773	0.84269	1.47259	2.42013	3.71972
0.2	-3.15	0.23847	0.45532	0.8341	1.44764	2.35903	3.59028
0.2	-3.1	0.23791	0.45275	0.82507	1.4218	2.29667	3.4601
0.2	-3.05	0.2373	0.45001	0.81558	1.39507	2.23311	3.32941
0.2	-3.	0.23664	0.44708	0.80562	1.36745	2.16843	3.19842
0.2	-2.95	0.23593	0.44397	0.79518	1.33894	2.10271	3.06735
0.2	-2.9	0.23515	0.44066	0.78426	1.30956	2.03603	2.93645
0.2	-2.85	0.23432	0.43714	0.77283	1.27932	1.96848	2.80595
0.2	-2.8	0.23342	0.43341	0.76089	1.24824	1.90017	2.67611
0.2	-2.75	0.23245	0.42944	0.74844	1.21634	1.83122	2.54717
0.2	-2.7	0.2314	0.42524	0.73546	1.18365	1.76172	2.4194
0.2	-2.65	0.23027	0.42079	0.72195	1.15021	1.69182	2.29304
0.2	-2.6	0.22905	0.41609	0.70791	1.11604	1.62163	2.16836
0.2	-2.55	0.22774	0.41112	0.69333	1.0812	1.5513	2.04562
0.2	-2.5	0.22633	0.40587	0.67823	1.04572	1.48097	1.92507
0.2	-2.45	0.22482	0.40034	0.66259	1.00967	1.41079	1.80695
0.2	-2.4	0.2232	0.39452	0.64643	0.97309	1.3409	1.69152
0.2	-2.35	0.22146	0.38839	0.62976	0.93606	1.27147	1.57901
0.2	-2.3	0.21959	0.38196	0.61258	0.89863	1.20265	1.46964
0.2	-2.25	0.2176	0.37521	0.59492	0.8609	1.13461	1.36364
0.2	-2.2	0.21547	0.36814	0.57679	0.82292	1.0675	1.26119
0.2	-2.15	0.21319	0.36075	0.5582	0.78479	1.00149	1.1625
0.2	-2.1	0.21076	0.35303	0.53919	0.74659	0.93675	1.06772
0.2	-2.05	0.20817	0.34498	0.51979	0.70842	0.87342	0.97701
0.2	-2.	0.20542	0.3366	0.50002	0.67037	0.81167	0.8905
0.2	-1.95	0.20249	0.32789	0.47992	0.63255	0.75164	0.8083
0.2	-1.9	0.19938	0.31885	0.45954	0.59505	0.69349	0.7305
0.2	-1.85	0.19608	0.30949	0.43891	0.55797	0.63734	0.65716
0.2	-1.8	0.1926	0.29982	0.41809	0.52143	0.58333	0.58832
0.2	-1.75	0.18891	0.28984	0.39713	0.48553	0.53156	0.52399
0.2	-1.7	0.18502	0.27957	0.37608	0.45038	0.48216	0.46417
0.2	-1.65	0.18092	0.26901	0.355	0.41609	0.4352	0.40881
0.2	-1.6	0.17661	0.2582	0.33395	0.38274	0.39078	0.35785
0.2	-1.55	0.17208	0.24714	0.31301	0.35046	0.34894	0.31121
0.2	-1.5	0.16734	0.23587	0.29224	0.31932	0.30975	0.26878
0.2	-1.45	0.16237	0.2244	0.2717	0.28943	0.27322	0.23041
0.2	-1.4	0.15719	0.21277	0.25148	0.26087	0.23937	0.19595
0.2	-1.35	0.1518	0.20101	0.23165	0.23371	0.20819	0.16523
0.2	-1.3	0.14619	0.18916	0.21228	0.20803	0.17967	0.13806
0.2	-1.25	0.14038	0.17726	0.19344	0.18387	0.15375	0.11421
0.2	-1.2	0.13437	0.16535	0.17521	0.1613	0.13037	0.09348
0.2	-1.15	0.12817	0.15347	0.15766	0.14034	0.10945	0.07562
0.2	-1.1	0.1218	0.14168	0.14086	0.12101	0.09091	0.0604
0.2	-1.05	0.11527	0.13002	0.12487	0.10333	0.07462	0.04758
0.2	-1.	0.10859	0.11855	0.10975	0.0873	0.06046	0.03691
0.2	-0.95	0.1018	0.10733	0.09556	0.07288	0.04829	0.02816
0.2	-0.9	0.0949	0.09641	0.08235	0.06006	0.03796	0.02108
0.2	-0.85	0.08794	0.08584	0.07014	0.04877	0.02932	0.01546
0.2	-0.8	0.08093	0.07569	0.05897	0.03896	0.0222	0.01107
0.2	-0.75	0.07392	0.06602	0.04886	0.03056	0.01643	0.00772
0.2	-0.7	0.06694	0.05687	0.03982	0.02347	0.01186	0.00522
0.2	-0.65	0.06004	0.0483	0.03184	0.01759	0.0083	0.00341
0.2	-0.6	0.05325	0.04036	0.0249	0.01281	0.00562	0.00214
0.2	-0.55	0.04662	0.03309	0.01898	0.00903	0.00365	0.00127
0.2	-0.5	0.04021	0.02652	0.01402	0.00611	0.00225	0.00072
0.2	-0.45	0.03407	0.02068	0.00997	0.00394	0.00131	0.00037
0.2	-0.4	0.02825	0.01559	0.00676	0.00239	0.00071	0.00018
0.2	-0.35	0.0228	0.01126	0.00432	0.00134	0.00034	0.00008
0.2	-0.3	0.01778	0.00768	0.00254	0.00067	0.00015	0.00003
0.2	-0.25	0.01322	0.00484	0.00133	0.00029	0.00005	0.00000
0.2	-0.2	0.00918	0.0027	0.00058	0.0001	0.00001	0.00000
0.2	-0.15	0.00567	0.00122	0.00018	0.00002	0.00000	0.00000
0.2	-0.1	0.00275	0.00034	0.00003	0.00000	0.00000	0.00000
0.2	-0.05	0.00054	-0.00000	-0.00000	0.00000	0.00000	0.00000
0.2	0.00	0.	0.	0.	0.	0.	0.
0.1	-8.9	0.27445	0.54891	1.09781	2.19553	4.39051	8.77786
0.1	-8.85	0.27445	0.54891	1.0978	2.19552	4.39045	8.77748
0.1	-8.8	0.27445	0.54891	1.0978	2.19551	4.39038	8.77707
0.1	-8.75	0.27445	0.54891	1.0978	2.1955	4.3903	8.77663
0.1	-8.7	0.27445	0.54891	1.0978	2.19549	4.39021	8.77616
0.1	-8.65	0.27445	0.54891	1.0978	2.19547	4.39012	8.77565
0.1	-8.6	0.27445	0.54891	1.0978	2.19546	4.39003	8.7751
0.1	-8.55	0.27445	0.54891	1.09779	2.19544	4.38992	8.7745
0.1	-8.5	0.27445	0.54891	1.09779	2.19542	4.3898	8.77387
0.1	-8.45	0.27445	0.54891	1.09779	2.1954	4.38968	8.77318
0.1	-8.4	0.27445	0.54891	1.09779	2.19538	4.38954	8.77244
0.1	-8.35	0.27445	0.54891	1.09778	2.19536	4.3894	8.77165
0.1	-8.3	0.27445	0.54891	1.09778	2.19533	4.38924	8.77079
0.1	-8.25	0.27445	0.54891	1.09778	2.19531	4.38907	8.76988
0.1	-8.2	0.27445	0.5489	1.09777	2.19528	4.38889	8.76889
0.1	-8.15	0.27445	0.5489	1.09777	2.19524	4.38869	8.76783
0.1	-8.1	0.27445	0.5489	1.09776	2.19521	4.38847	8.76669
0.1	-8.05	0.27445	0.5489	1.09776	2.19517	4.38824	8.76547
0.1	-8.	0.27445	0.5489	1.09775	2.19513	4.38799	8.76415
0.1	-7.95	0.27445	0.5489	1.09775	2.19508	4.38771	8.76274
0.1	-7.9	0.27445	0.5489	1.09774	2.19503	4.38742	8.76123
0.1	-7.85	0.27445	0.5489	1.09773	2.19498	4.3871	8.75961
0.1	-7.8	0.27445	0.5489	1.09772	2.19492	4.38676	8.75787
0.1	-7.75	0.27445	0.5489	1.09771	2.19486	4.38639	8.756
0.1	-7.7	0.27445	0.5489	1.0977	2.19479	4.38599	8.754
0.1	-7.65	0.27445	0.5489	1.09769	2.19472	4.38556	8.75186
0.1	-7.6	0.27445	0.54889	1.09768	2.19464	4.3851	8.74956
0.1	-7.55	0.27445	0.54889	1.09767	2.19455	4.3846	8.7471
0.1	-7.5	0.27445	0.54889	1.09766	2.19446	4.38406	8.74447
0.1	-7.45	0.27445	0.54889	1.09764	2.19435	4.38348	8.74165
0.1	-7.4	0.27445	0.54889	1.09762	2.19424	4.38286	8.73864
0.1	-7.35	0.27445	0.54889	1.09761	2.19412	4.38219	8.73541
0.1	-7.3	0.27445	0.54888	1.09759	2.19399	4.38146	8.73196
0.1	-7.25	0.27445	0.54888	1.09756	2.19385	4.38069	8.72827
0.1	-7.2	0.27445	0.54888	1.09754	2.1937	4.37985	8.72433
0.1	-7.15	0.27445	0.54887	1.09752	2.19353	4.37895	8.72013
0.1	-7.1	0.27445	0.54887	1.09749	2.19335	4.37798	8.71563
0.1	-7.05	0.27445	0.54887	1.09746	2.19316	4.37694	8.71084
0.1	-7.	0.27445	0.54886	1.09742	2.19294	4.37582	8.70572
0.1	-6.95	0.27445	0.54886	1.09739	2.19272	4.37462	8.70026
0.1	-6.9	0.27445	0.54885	1.09735	2.19247	4.37333	8.69443
0.1	-6.85	0.27445	0.54885	1.09731	2.1922	4.37194	8.68822
0.1	-6.8	0.27445	0.54884	1.09726	2.19192	4.37045	8.68161
0.1	-6.75	0.27445	0.54883	1.09721	2.1916	4.36886	8.67456
0.1	-6.7	0.27445	0.54883	1.09715	2.19127	4.36715	8.66706
0.1	-6.65	0.27445	0.54882	1.09709	2.1909	4.36531	8.65907
0.1	-6.6	0.27445	0.54881	1.09703	2.19051	4.36334	8.65057
0.1	-6.55	0.27444	0.5488	1.09695	2.19009	4.36124	8.64153
0.1	-6.5	0.27444	0.54879	1.09688	2.18963	4.35898	8.63193
0.1	-6.45	0.27444	0.54878	1.09679	2.18914	4.35656	8.62171
0.1	-6.4	0.27444	0.54877	1.0967	2.18861	4.35398	8.61087
0.1	-6.35	0.27444	0.54875	1.0966	2.18803	4.35121	8.59935
0.1	-6.3	0.27444	0.54874	1.09649	2.18742	4.34825	8.58712
0.1	-6.25	0.27444	0.54872	1.09638	2.18675	4.34508	8.57415
0.1	-6.2	0.27443	0.5487	1.09625	2.18603	4.3417	8.56039
0.1	-6.15	0.27443	0.54868	1.09611	2.18526	4.33809	8.54581
0.1	-6.1	0.27443	0.54866	1.09596	2.18443	4.33423	8.53036
0.1	-6.05	0.27443	0.54864	1.0958	2.18353	4.33011	8.514
0.1	-6.	0.27442	0.54861	1.09562	2.18257	4.32571	8.49668
0.1	-5.95	0.27442	0.54858	1.09543	2.18154	4.32102	8.47836
0.1	-5.9	0.27442	0.54855	1.09522	2.18043	4.31602	8.45898
0.1	-5.85	0.27441	0.54851	1.095	2.17923	4.31069	8.43849
0.1	-5.8	0.27441	0.54848	1.09475	2.17795	4.30501	8.41684
0.1	-5.75	0.2744	0.54844	1.09449	2.17657	4.29897	8.39399
0.1	-5.7	0.2744	0.54839	1.0942	2.17509	4.29254	8.36986
0.1	-5.65	0.27439	0.54834	1.09389	2.1735	4.28569	8.34442
0.1	-5.6	0.27439	0.54829	1.09356	2.17179	4.27841	8.31758
0.1	-5.55	0.27438	0.54823	1.09319	2.16997	4.27068	8.28931
0.1	-5.5	0.27437	0.54817	1.0928	2.16801	4.26246	8.25953
0.1	-5.45	0.27436	0.5481	1.09238	2.16591	4.25373	8.22818
0.1	-5.4	0.27435	0.54802	1.09192	2.16367	4.24446	8.1952
0.1	-5.35	0.27434	0.54794	1.09143	2.16126	4.23464	8.16053
0.1	-5.3	0.27433	0.54785	1.0909	2.15869	4.22422	8.12409
0.1	-5.25	0.27432	0.54776	1.09032	2.15594	4.21317	8.08582
0.1	-5.2	0.27431	0.54765	1.0897	2.153	4.20148	8.04566
0.1	-5.15	0.27429	0.54753	1.08903	2.14986	4.18909	8.00353
0.1	-5.1	0.27427	0.54741	1.08831	2.1465	4.17599	7.95937
0.1	-5.05	0.27426	0.54727	1.08753	2.14292	4.16214	7.9131
0.1	-5.	0.27424	0.54712	1.08669	2.1391	4.14749	7.86467
0.1	-4.95	0.27421	0.54696	1.08579	2.13503	4.13203	7.81399
0.1	-4.9	0.27419	0.54679	1.08481	2.13068	4.1157	7.76101
0.1	-4.85	0.27416	0.54659	1.08377	2.12605	4.09848	7.70566
0.1	-4.8	0.27413	0.54639	1.08264	2.12112	4.08031	7.64787
0.1	-4.75	0.2741	0.54616	1.08143	2.11588	4.06118	7.58757
0.1	-4.7	0.27407	0.54592	1.08013	2.1103	4.04102	7.52471
0.1	-4.65	0.27403	0.54565	1.07874	2.10436	4.01982	7.45922
0.1	-4.6	0.27399	0.54536	1.07724	2.09806	3.99751	7.39104
0.1	-4.55	0.27394	0.54505	1.07563	2.09137	3.97407	7.32013
0.1	-4.5	0.27389	0.54471	1.07391	2.08426	3.94945	7.24642
0.1	-4.45	0.27383	0.54434	1.07206	2.07673	3.92361	7.16987
0.1	-4.4	0.27377	0.54394	1.07007	2.06874	3.89651	7.09044
0.1	-4.35	0.2737	0.54351	1.06795	2.06028	3.86811	7.00809
0.1	-4.3	0.27363	0.54305	1.06568	2.05132	3.83837	6.92277
0.1	-4.25	0.27355	0.54254	1.06325	2.04184	3.80725	6.83447
0.1	-4.2	0.27346	0.54199	1.06065	2.03182	3.77471	6.74315
0.1	-4.15	0.27337	0.5414	1.05787	2.02123	3.74071	6.64881
0.1	-4.1	0.27326	0.54076	1.05491	2.01005	3.70522	6.55143
0.1	-4.05	0.27315	0.54007	1.05174	1.99825	3.6682	6.45102
0.1	-4.	0.27302	0.53933	1.04836	1.98581	3.62962	6.34757
0.1	-3.95	0.27289	0.53853	1.04476	1.9727	3.58944	6.24111
0.1	-3.9	0.27274	0.53766	1.04092	1.9589	3.54765	6.13165
0.1	-3.85	0.27257	0.53673	1.03683	1.94439	3.5042	6.01923
0.1	-3.8	0.2724	0.53572	1.03248	1.92913	3.45909	5.9039
0.1	-3.75	0.2722	0.53464	1.02786	1.9131	3.41228	5.78571
0.1	-3.7	0.27199	0.53347	1.02294	1.89628	3.36377	5.66472
0.1	-3.65	0.27176	0.53221	1.01772	1.87865	3.31355	5.54101
0.1	-3.6	0.27151	0.53086	1.01218	1.86017	3.2616	5.41467
0.1	-3.55	0.27123	0.52941	1.00631	1.84083	3.20792	5.2858
0.1	-3.5	0.27093	0.52786	1.00008	1.82061	3.15251	5.15451
0.1	-3.45	0.27061	0.52619	0.99349	1.79949	3.09539	5.02093
0.1	-3.4	0.27026	0.52439	0.98652	1.77743	3.03656	4.88519
0.1	-3.35	0.26987	0.52247	0.97915	1.75444	2.97605	4.74745
0.1	-3.3	0.26945	0.52041	0.97136	1.73049	2.91388	4.60787
0.1	-3.25	0.269	0.51821	0.96315	1.70557	2.85009	4.46662
0.1	-3.2	0.26851	0.51585	0.95449	1.67966	2.78471	4.32389
0.1	-3.15	0.26797	0.51333	0.94536	1.65276	2.7178	4.17989
0.1	-3.1	0.26739	0.51064	0.93576	1.62487	2.6494	4.03483
0.1	-3.05	0.26677	0.50777	0.92566	1.59597	2.57959	3.88893
0.1	-3.	0.26609	0.50471	0.91506	1.56607	2.50843	3.74242
0.1	-2.95	0.26535	0.50144	0.90393	1.53517	2.436	3.59556
0.1	-2.9	0.26455	0.49797	0.89227	1.50328	2.3624	3.4486
0.1	-2.85	0.26369	0.49427	0.88006	1.47042	2.28771	3.30179
0.1	-2.8	0.26276	0.49034	0.86729	1.43658	2.21205	3.15542
0.1	-2.75	0.26175	0.48617	0.85395	1.40181	2.13552	3.00976
0.1	-2.7	0.26067	0.48174	0.84002	1.36612	2.05826	2.8651
0.1	-2.65	0.25949	0.47705	0.82552	1.32953	1.98038	2.72171
0.1	-2.6	0.25823	0.47208	0.81042	1.2921	1.90203	2.57989
0.1	-2.55	0.25687	0.46683	0.79472	1.25386	1.82335	2.43993
0.1	-2.5	0.25541	0.46127	0.77842	1.21485	1.7445	2.30212
0.1	-2.45	0.25384	0.45541	0.76153	1.17513	1.66563	2.16674
0.1	-2.4	0.25215	0.44923	0.74405	1.13475	1.58692	2.03407
0.1	-2.35	0.25034	0.44273	0.72598	1.09379	1.50852	1.90439
0.1	-2.3	0.2484	0.43589	0.70733	1.0523	1.43062	1.77796
0.1	-2.25	0.24632	0.4287	0.68812	1.01037	1.35339	1.65504
0.1	-2.2	0.24409	0.42117	0.66836	0.96809	1.27701	1.53587
0.1	-2.15	0.24171	0.41327	0.64807	0.92552	1.20167	1.42067
0.1	-2.1	0.23917	0.40501	0.62727	0.88278	1.12755	1.30966
0.1	-2.05	0.23646	0.39639	0.606	0.83996	1.05483	1.20304
0.1	-2.	0.23357	0.38739	0.58428	0.79715	0.98368	1.10096
0.1	-1.95	0.23049	0.37802	0.56215	0.75447	0.91428	1.00359
0.1	-1.9	0.22722	0.36829	0.53965	0.71203	0.84681	0.91104
0.1	-1.85	0.22375	0.35819	0.51682	0.66995	0.78142	0.82342
0.1	-1.8	0.22008	0.34772	0.49371	0.62833	0.71826	0.74081
0.1	-1.75	0.21618	0.33691	0.47039	0.5873	0.65749	0.66324
0.1	-1.7	0.21207	0.32575	0.44689	0.54698	0.59924	0.59074
0.1	-1.65	0.20772	0.31426	0.4233	0.50749	0.54362	0.52329
0.1	-1.6	0.20315	0.30245	0.39966	0.46894	0.49074	0.46086
0.1	-1.55	0.19833	0.29035	0.37606	0.43145	0.44069	0.40339
0.1	-1.5	0.19328	0.27798	0.35256	0.39514	0.39354	0.35077
0.1	-1.45	0.18798	0.26536	0.32925	0.36011	0.34935	0.30288
0.1	-1.4	0.18244	0.25253	0.3062	0.32646	0.30816	0.25957
0.1	-1.35	0.17665	0.23951	0.28349	0.2943	0.26997	0.22067
0.1	-1.3	0.17063	0.22634	0.26121	0.2637	0.23478	0.18599
0.1	-1.25	0.16436	0.21306	0.23943	0.23475	0.20258	0.1553
0.1	-1.2	0.15787	0.19972	0.21825	0.20751	0.1733	0.12838
0.1	-1.15	0.15115	0.18636	0.19774	0.18204	0.14689	0.10497
0.1	-1.1	0.14422	0.17304	0.17798	0.15838	0.12326	0.08481
0.1	-1.05	0.1371	0.15981	0.15906	0.13655	0.1023	0.06764
0.1	-1.	0.1298	0.14672	0.14103	0.11658	0.08389	0.05318
0.1	-0.95	0.12233	0.13384	0.12398	0.09844	0.06788	0.04116
0.1	-0.9	0.11473	0.12123	0.10797	0.08214	0.05413	0.03131
0.1	-0.85	0.10701	0.10894	0.09303	0.06762	0.04246	0.02336
0.1	-0.8	0.09921	0.09705	0.07923	0.05485	0.03271	0.01705
0.1	-0.75	0.09137	0.08562	0.06659	0.04374	0.02468	0.01214
0.1	-0.7	0.08352	0.07471	0.05514	0.03422	0.01818	0.00841
0.1	-0.65	0.0757	0.06438	0.04489	0.02619	0.01304	0.00564
0.1	-0.6	0.06796	0.05469	0.03583	0.01954	0.00906	0.00364
0.1	-0.55	0.06034	0.04569	0.02794	0.01415	0.00607	0.00225
0.1	-0.5	0.0529	0.03744	0.0212	0.00989	0.00389	0.00132
0.1	-0.45	0.0457	0.02996	0.01557	0.00661	0.00236	0.00072
0.1	-0.4	0.03878	0.0233	0.01097	0.00419	0.00134	0.00037
0.1	-0.35	0.0322	0.01747	0.00733	0.00248	0.0007	0.00017
0.1	-0.3	0.02601	0.0125	0.00458	0.00134	0.00033	0.00007
0.1	-0.25	0.02025	0.00837	0.0026	0.00064	0.00013	0.00002
0.1	-0.2	0.01496	0.0051	0.00128	0.00025	0.00004	0.00000
0.1	-0.15	0.01015	0.00265	0.0005	0.00007	0.00000	0.00000
0.1	-0.1	0.00585	0.00102	0.00013	0.00001	0.00000	0.00000
0.1	-0.05	0.00216	0.00018	0.00001	0.00000	0.00000	0.00000
0.1	0.00	0.	0.	0.	0.	0.	0.
0.07	-8.9	0.28972	0.57944	1.15887	2.31765	4.63475	9.26627
0.07	-8.85	0.28972	0.57944	1.15887	2.31764	4.63468	9.26588
0.07	-8.8	0.28972	0.57944	1.15886	2.31763	4.63461	9.26547
0.07	-8.75	0.28972	0.57944	1.15886	2.31762	4.63453	9.26502
0.07	-8.7	0.28972	0.57944	1.15886	2.31761	4.63445	9.26454
0.07	-8.65	0.28972	0.57944	1.15886	2.31759	4.63435	9.26402
0.07	-8.6	0.28972	0.57944	1.15886	2.31758	4.63425	9.26346
0.07	-8.55	0.28972	0.57944	1.15886	2.31756	4.63415	9.26285
0.07	-8.5	0.28972	0.57944	1.15885	2.31754	4.63403	9.2622
0.07	-8.45	0.28972	0.57944	1.15885	2.31752	4.6339	9.2615
0.07	-8.4	0.28972	0.57944	1.15885	2.3175	4.63376	9.26075
0.07	-8.35	0.28972	0.57944	1.15884	2.31748	4.63362	9.25994
0.07	-8.3	0.28972	0.57944	1.15884	2.31745	4.63346	9.25907
0.07	-8.25	0.28972	0.57944	1.15884	2.31742	4.63328	9.25814
0.07	-8.2	0.28972	0.57944	1.15883	2.31739	4.63309	9.25713
0.07	-8.15	0.28972	0.57943	1.15883	2.31736	4.63289	9.25605
0.07	-8.1	0.28972	0.57943	1.15882	2.31733	4.63267	9.25489
0.07	-8.05	0.28972	0.57943	1.15882	2.31729	4.63243	9.25364
0.07	-8.	0.28972	0.57943	1.15881	2.31725	4.63218	9.2523
0.07	-7.95	0.28972	0.57943	1.15881	2.3172	4.6319	9.25086
0.07	-7.9	0.28972	0.57943	1.1588	2.31715	4.6316	9.24932
0.07	-7.85	0.28972	0.57943	1.15879	2.3171	4.63128	9.24766
0.07	-7.8	0.28972	0.57943	1.15878	2.31704	4.63093	9.24588
0.07	-7.75	0.28972	0.57943	1.15878	2.31697	4.63056	9.24398
0.07	-7.7	0.28972	0.57943	1.15877	2.3169	4.63015	9.24194
0.07	-7.65	0.28972	0.57943	1.15875	2.31683	4.62971	9.23975
0.07	-7.6	0.28972	0.57942	1.15874	2.31675	4.62924	9.2374
0.07	-7.55	0.28972	0.57942	1.15873	2.31666	4.62873	9.23489
0.07	-7.5	0.28972	0.57942	1.15872	2.31656	4.62819	9.2322
0.07	-7.45	0.28972	0.57942	1.1587	2.31646	4.6276	9.22932
0.07	-7.4	0.28972	0.57942	1.15868	2.31635	4.62696	9.22624
0.07	-7.35	0.28972	0.57942	1.15866	2.31622	4.62627	9.22294
0.07	-7.3	0.28972	0.57941	1.15864	2.31609	4.62554	9.21941
0.07	-7.25	0.28972	0.57941	1.15862	2.31595	4.62474	9.21564
0.07	-7.2	0.28972	0.57941	1.1586	2.31579	4.62389	9.21161
0.07	-7.15	0.28972	0.5794	1.15857	2.31562	4.62297	9.20731
0.07	-7.1	0.28972	0.5794	1.15854	2.31544	4.62198	9.20271
0.07	-7.05	0.28972	0.5794	1.15851	2.31524	4.62092	9.1978
0.07	-7.	0.28972	0.57939	1.15848	2.31503	4.61978	9.19256
0.07	-6.95	0.28972	0.57939	1.15844	2.3148	4.61856	9.18697
0.07	-6.9	0.28971	0.57938	1.1584	2.31454	4.61724	9.18101
0.07	-6.85	0.28971	0.57938	1.15836	2.31427	4.61582	9.17466
0.07	-6.8	0.28971	0.57937	1.15831	2.31398	4.61431	9.16788
0.07	-6.75	0.28971	0.57936	1.15826	2.31366	4.61268	9.16066
0.07	-6.7	0.28971	0.57936	1.1582	2.31332	4.61093	9.15298
0.07	-6.65	0.28971	0.57935	1.15814	2.31295	4.60906	9.14479
0.07	-6.6	0.28971	0.57934	1.15808	2.31255	4.60705	9.13608
0.07	-6.55	0.28971	0.57933	1.158	2.31212	4.6049	9.12682
0.07	-6.5	0.28971	0.57932	1.15793	2.31166	4.60259	9.11697
0.07	-6.45	0.28971	0.57931	1.15784	2.31115	4.60012	9.1065
0.07	-6.4	0.28971	0.57929	1.15775	2.31061	4.59748	9.09537
0.07	-6.35	0.2897	0.57928	1.15765	2.31003	4.59465	9.08355
0.07	-6.3	0.2897	0.57927	1.15754	2.3094	4.59162	9.07101
0.07	-6.25	0.2897	0.57925	1.15742	2.30872	4.58839	9.0577
0.07	-6.2	0.2897	0.57923	1.15729	2.30799	4.58493	9.04358
0.07	-6.15	0.2897	0.57921	1.15715	2.3072	4.58123	9.02861
0.07	-6.1	0.28969	0.57919	1.157	2.30636	4.57728	9.01274
0.07	-6.05	0.28969	0.57916	1.15683	2.30545	4.57307	8.99593
0.07	-6.	0.28969	0.57914	1.15665	2.30446	4.56857	8.97814
0.07	-5.95	0.28969	0.57911	1.15646	2.30341	4.56377	8.95931
0.07	-5.9	0.28968	0.57908	1.15624	2.30228	4.55865	8.93938
0.07	-5.85	0.28968	0.57904	1.15602	2.30106	4.55319	8.91832
0.07	-5.8	0.28967	0.579	1.15577	2.29975	4.54738	8.89606
0.07	-5.75	0.28967	0.57896	1.1555	2.29834	4.54119	8.87255
0.07	-5.7	0.28966	0.57892	1.15521	2.29683	4.53459	8.84773
0.07	-5.65	0.28966	0.57887	1.15489	2.29521	4.52758	8.82154
0.07	-5.6	0.28965	0.57881	1.15455	2.29347	4.52012	8.79392
0.07	-5.55	0.28964	0.57876	1.15419	2.2916	4.51218	8.7648
0.07	-5.5	0.28964	0.57869	1.15379	2.28961	4.50375	8.73413
0.07	-5.45	0.28963	0.57862	1.15336	2.28746	4.4948	8.70183
0.07	-5.4	0.28962	0.57855	1.15289	2.28517	4.48529	8.66785
0.07	-5.35	0.28961	0.57846	1.15239	2.28271	4.47521	8.6321
0.07	-5.3	0.2896	0.57837	1.15185	2.28008	4.46451	8.59453
0.07	-5.25	0.28958	0.57827	1.15126	2.27727	4.45317	8.55506
0.07	-5.2	0.28957	0.57817	1.15063	2.27427	4.44116	8.51362
0.07	-5.15	0.28955	0.57805	1.14995	2.27105	4.42843	8.47014
0.07	-5.1	0.28954	0.57792	1.14921	2.26762	4.41497	8.42455
0.07	-5.05	0.28952	0.57778	1.14842	2.26396	4.40073	8.37677
0.07	-5.	0.2895	0.57763	1.14756	2.26004	4.38567	8.32674
0.07	-4.95	0.28948	0.57747	1.14664	2.25587	4.36977	8.27437
0.07	-4.9	0.28945	0.57729	1.14565	2.25142	4.35297	8.2196
0.07	-4.85	0.28943	0.5771	1.14459	2.24668	4.33524	8.16237
0.07	-4.8	0.2894	0.57688	1.14344	2.24163	4.31655	8.10258
0.07	-4.75	0.28936	0.57666	1.14221	2.23626	4.29684	8.04019
0.07	-4.7	0.28933	0.57641	1.14088	2.23054	4.27608	7.97512
0.07	-4.65	0.28929	0.57614	1.13946	2.22446	4.25423	7.9073
0.07	-4.6	0.28925	0.57584	1.13793	2.21799	4.23124	7.83667
0.07	-4.55	0.2892	0.57553	1.13629	2.21113	4.20707	7.76318
0.07	-4.5	0.28915	0.57518	1.13453	2.20384	4.18168	7.68677
0.07	-4.45	0.28909	0.57481	1.13264	2.1961	4.15502	7.60738
0.07	-4.4	0.28903	0.5744	1.13061	2.1879	4.12705	7.52496
0.07	-4.35	0.28896	0.57397	1.12845	2.17921	4.09772	7.43947
0.07	-4.3	0.28889	0.57349	1.12612	2.17001	4.067	7.35088
0.07	-4.25	0.28881	0.57298	1.12364	2.16027	4.03485	7.25914
0.07	-4.2	0.28872	0.57242	1.12098	2.14996	4.00121	7.16423
0.07	-4.15	0.28862	0.57182	1.11814	2.13907	3.96605	7.06613
0.07	-4.1	0.28852	0.57117	1.11511	2.12757	3.92933	6.96483
0.07	-4.05	0.2884	0.57047	1.11187	2.11543	3.89102	6.86032
0.07	-4.	0.28827	0.56971	1.10841	2.10262	3.85107	6.7526
0.07	-3.95	0.28814	0.5689	1.10472	2.08913	3.80946	6.64168
0.07	-3.9	0.28798	0.56801	1.10079	2.07491	3.76614	6.52759
0.07	-3.85	0.28782	0.56706	1.0966	2.05995	3.7211	6.41035
0.07	-3.8	0.28764	0.56604	1.09214	2.04422	3.67431	6.29001
0.07	-3.75	0.28744	0.56493	1.0874	2.02769	3.62574	6.16662
0.07	-3.7	0.28723	0.56374	1.08236	2.01033	3.57538	6.04024
0.07	-3.65	0.28699	0.56246	1.07701	1.99213	3.52321	5.91094
0.07	-3.6	0.28674	0.56109	1.07132	1.97305	3.46921	5.77882
0.07	-3.55	0.28646	0.55961	1.06529	1.95307	3.4134	5.64397
0.07	-3.5	0.28616	0.55802	1.0589	1.93217	3.35576	5.5065
0.07	-3.45	0.28583	0.55631	1.05213	1.91032	3.29629	5.36655
0.07	-3.4	0.28547	0.55449	1.04497	1.88751	3.23502	5.22424
0.07	-3.35	0.28508	0.55252	1.03739	1.8637	3.17197	5.07974
0.07	-3.3	0.28466	0.55042	1.02938	1.8389	3.10714	4.93321
0.07	-3.25	0.2842	0.54817	1.02093	1.81307	3.04058	4.78483
0.07	-3.2	0.2837	0.54576	1.01201	1.78622	2.97232	4.63479
0.07	-3.15	0.28316	0.54318	1.00261	1.75831	2.90241	4.48329
0.07	-3.1	0.28257	0.54043	0.99272	1.72936	2.83091	4.33057
0.07	-3.05	0.28193	0.53749	0.98231	1.69935	2.75788	4.17684
0.07	-3.	0.28124	0.53436	0.97137	1.66828	2.68338	4.02235
0.07	-2.95	0.28049	0.53102	0.95989	1.63615	2.60751	3.86736
0.07	-2.9	0.27968	0.52746	0.94785	1.60297	2.53034	3.71213
0.07	-2.85	0.2788	0.52367	0.93524	1.56875	2.45198	3.55694
0.07	-2.8	0.27785	0.51964	0.92204	1.5335	2.37253	3.40207
0.07	-2.75	0.27683	0.51536	0.90824	1.49725	2.29211	3.2478
0.07	-2.7	0.27573	0.51081	0.89383	1.46001	2.21084	3.09445
0.07	-2.65	0.27453	0.506	0.87881	1.42181	2.12886	2.9423
0.07	-2.6	0.27325	0.50089	0.86316	1.3827	2.04631	2.79166
0.07	-2.55	0.27186	0.49549	0.84689	1.3427	1.96334	2.64284
0.07	-2.5	0.27038	0.48978	0.82998	1.30187	1.88011	2.49614
0.07	-2.45	0.26877	0.48375	0.81245	1.26027	1.79677	2.35188
0.07	-2.4	0.26705	0.47739	0.79428	1.21794	1.71351	2.21034
0.07	-2.35	0.2652	0.47069	0.77549	1.17495	1.6305	2.07182
0.07	-2.3	0.26322	0.46364	0.75609	1.13138	1.54793	1.93661
0.07	-2.25	0.26109	0.45623	0.73608	1.08729	1.46597	1.80499
0.07	-2.2	0.25882	0.44845	0.71548	1.04279	1.38483	1.67721
0.07	-2.15	0.25639	0.44029	0.69431	0.99794	1.30468	1.55352
0.07	-2.1	0.25379	0.43176	0.6726	0.95286	1.22574	1.43416
0.07	-2.05	0.25101	0.42284	0.65036	0.90764	1.14817	1.31935
0.07	-2.	0.24805	0.41352	0.62764	0.86239	1.07219	1.20926
0.07	-1.95	0.2449	0.40382	0.60446	0.81721	0.99797	1.10408
0.07	-1.9	0.24155	0.39373	0.58087	0.77223	0.9257	1.00394
0.07	-1.85	0.23799	0.38324	0.55691	0.72757	0.85556	0.90898
0.07	-1.8	0.23422	0.37237	0.53263	0.68334	0.7877	0.81927
0.07	-1.75	0.23022	0.36113	0.50808	0.63967	0.72229	0.73489
0.07	-1.7	0.22598	0.34951	0.48333	0.59669	0.65948	0.65586
0.07	-1.65	0.22152	0.33754	0.45844	0.55452	0.5994	0.5822
0.07	-1.6	0.2168	0.32523	0.43347	0.51329	0.54217	0.51387
0.07	-1.55	0.21184	0.31259	0.4085	0.47313	0.4879	0.45082
0.07	-1.5	0.20663	0.29965	0.38361	0.43415	0.43666	0.39296
0.07	-1.45	0.20116	0.28644	0.35886	0.39647	0.38853	0.34017
0.07	-1.4	0.19543	0.27298	0.33436	0.36021	0.34355	0.29231
0.07	-1.35	0.18944	0.25931	0.31017	0.32547	0.30176	0.2492
0.07	-1.3	0.1832	0.24547	0.28638	0.29235	0.26315	0.21065
0.07	-1.25	0.1767	0.23148	0.2631	0.26093	0.22771	0.17645
0.07	-1.2	0.16996	0.21741	0.24039	0.23129	0.1954	0.14634
0.07	-1.15	0.16298	0.20329	0.21836	0.2035	0.16616	0.12007
0.07	-1.1	0.15576	0.18918	0.19708	0.17761	0.13991	0.09737
0.07	-1.05	0.14834	0.17514	0.17665	0.15365	0.11655	0.07796
0.07	-1.	0.14071	0.16122	0.15713	0.13164	0.09595	0.06155
0.07	-0.95	0.1329	0.14748	0.13861	0.1116	0.07797	0.04785
0.07	-0.9	0.12493	0.134	0.12115	0.0935	0.06245	0.03657
0.07	-0.85	0.11683	0.12083	0.10481	0.07732	0.04923	0.02742
0.07	-0.8	0.10862	0.10804	0.08966	0.06302	0.03811	0.02012
0.07	-0.75	0.10035	0.0957	0.07572	0.05052	0.02892	0.01442
0.07	-0.7	0.09205	0.08389	0.06302	0.03975	0.02144	0.01005
0.07	-0.65	0.08376	0.07265	0.0516	0.03062	0.01548	0.00678
0.07	-0.6	0.07553	0.06206	0.04145	0.023	0.01084	0.00441
0.07	-0.55	0.0674	0.05218	0.03256	0.01678	0.00732	0.00275
0.07	-0.5	0.05943	0.04306	0.0249	0.01183	0.00473	0.00163
0.07	-0.45	0.05168	0.03474	0.01845	0.00799	0.0029	0.0009
0.07	-0.4	0.0442	0.02727	0.01313	0.00512	0.00167	0.00046
0.07	-0.35	0.03704	0.02067	0.00889	0.00307	0.00088	0.00022
0.07	-0.3	0.03025	0.01497	0.00563	0.00169	0.00042	0.00009
0.07	-0.25	0.02387	0.01019	0.00325	0.00082	0.00017	0.00003
0.07	-0.2	0.01793	0.00633	0.00164	0.00033	0.00006	0.00000
0.07	-0.15	0.01245	0.00339	0.00067	0.0001	0.00001	0.00000
0.07	-0.1	0.00745	0.00138	0.00018	0.00002	0.00000	0.00000
0.07	-0.05	0.003	0.00027	0.00002	0.00000	0.00000	0.00000
0.07	0.00	0.	0.	0.	0.	0.	0.
0.05	-8.9	0.30412	0.60824	1.21647	2.43286	4.86515	9.72702
0.05	-8.85	0.30412	0.60824	1.21647	2.43285	4.86508	9.72663
0.05	-8.8	0.30412	0.60824	1.21647	2.43284	4.86501	9.7262
0.05	-8.75	0.30412	0.60824	1.21647	2.43282	4.86493	9.72575
0.05	-8.7	0.30412	0.60824	1.21646	2.43281	4.86484	9.72526
0.05	-8.65	0.30412	0.60824	1.21646	2.4328	4.86475	9.72473
0.05	-8.6	0.30412	0.60824	1.21646	2.43278	4.86465	9.72416
0.05	-8.55	0.30412	0.60824	1.21646	2.43276	4.86454	9.72354
0.05	-8.5	0.30412	0.60824	1.21646	2.43275	4.86442	9.72288
0.05	-8.45	0.30412	0.60824	1.21645	2.43273	4.86429	9.72217
0.05	-8.4	0.30412	0.60824	1.21645	2.4327	4.86415	9.7214
0.05	-8.35	0.30412	0.60824	1.21645	2.43268	4.864	9.72058
0.05	-8.3	0.30412	0.60824	1.21644	2.43265	4.86384	9.71969
0.05	-8.25	0.30412	0.60824	1.21644	2.43263	4.86366	9.71874
0.05	-8.2	0.30412	0.60824	1.21644	2.4326	4.86347	9.71772
0.05	-8.15	0.30412	0.60824	1.21643	2.43256	4.86326	9.71661
0.05	-8.1	0.30412	0.60824	1.21643	2.43253	4.86304	9.71543
0.05	-8.05	0.30412	0.60824	1.21642	2.43249	4.8628	9.71416
0.05	-8.	0.30412	0.60823	1.21642	2.43244	4.86254	9.7128
0.05	-7.95	0.30412	0.60823	1.21641	2.4324	4.86226	9.71133
0.05	-7.9	0.30412	0.60823	1.2164	2.43235	4.86196	9.70976
0.05	-7.85	0.30412	0.60823	1.21639	2.43229	4.86163	9.70807
0.05	-7.8	0.30412	0.60823	1.21639	2.43223	4.86127	9.70626
0.05	-7.75	0.30412	0.60823	1.21638	2.43217	4.86089	9.70431
0.05	-7.7	0.30412	0.60823	1.21637	2.4321	4.86048	9.70223
0.05	-7.65	0.30412	0.60823	1.21636	2.43202	4.86003	9.7
0.05	-7.6	0.30412	0.60823	1.21634	2.43194	4.85955	9.69761
0.05	-7.55	0.30412	0.60822	1.21633	2.43185	4.85904	9.69504
0.05	-7.5	0.30412	0.60822	1.21632	2.43175	4.85848	9.6923
0.05	-7.45	0.30412	0.60822	1.2163	2.43165	4.85788	9.68936
0.05	-7.4	0.30412	0.60822	1.21628	2.43153	4.85723	9.68622
0.05	-7.35	0.30412	0.60822	1.21627	2.43141	4.85654	9.68285
0.05	-7.3	0.30412	0.60821	1.21625	2.43127	4.85579	9.67925
0.05	-7.25	0.30412	0.60821	1.21622	2.43113	4.85498	9.67541
0.05	-7.2	0.30412	0.60821	1.2162	2.43097	4.85411	9.67129
0.05	-7.15	0.30412	0.60821	1.21617	2.4308	4.85317	9.6669
0.05	-7.1	0.30412	0.6082	1.21614	2.43061	4.85217	9.6622
0.05	-7.05	0.30412	0.6082	1.21611	2.43041	4.85109	9.65719
0.05	-7.	0.30412	0.60819	1.21608	2.43019	4.84993	9.65184
0.05	-6.95	0.30412	0.60819	1.21604	2.42996	4.84868	9.64613
0.05	-6.9	0.30412	0.60818	1.216	2.4297	4.84734	9.64003
0.05	-6.85	0.30411	0.60818	1.21596	2.42943	4.84589	9.63354
0.05	-6.8	0.30411	0.60817	1.21591	2.42913	4.84435	9.62661
0.05	-6.75	0.30411	0.60817	1.21586	2.42881	4.84269	9.61923
0.05	-6.7	0.30411	0.60816	1.2158	2.42846	4.84091	9.61137
0.05	-6.65	0.30411	0.60815	1.21574	2.42809	4.839	9.603
0.05	-6.6	0.30411	0.60814	1.21567	2.42768	4.83695	9.5941
0.05	-6.55	0.30411	0.60813	1.2156	2.42724	4.83476	9.58462
0.05	-6.5	0.30411	0.60812	1.21552	2.42677	4.8324	9.57454
0.05	-6.45	0.30411	0.60811	1.21543	2.42626	4.82988	9.56382
0.05	-6.4	0.30411	0.60809	1.21534	2.42571	4.82719	9.55243
0.05	-6.35	0.30411	0.60808	1.21523	2.42512	4.8243	9.54033
0.05	-6.3	0.3041	0.60807	1.21512	2.42448	4.82121	9.52749
0.05	-6.25	0.3041	0.60805	1.215	2.42379	4.81791	9.51385
0.05	-6.2	0.3041	0.60803	1.21487	2.42304	4.81438	9.49939
0.05	-6.15	0.3041	0.60801	1.21473	2.42224	4.8106	9.48405
0.05	-6.1	0.30409	0.60799	1.21457	2.42138	4.80657	9.46779
0.05	-6.05	0.30409	0.60796	1.21441	2.42045	4.80227	9.45057
0.05	-6.	0.30409	0.60794	1.21422	2.41945	4.79767	9.43232
0.05	-5.95	0.30409	0.60791	1.21403	2.41838	4.79277	9.41301
0.05	-5.9	0.30408	0.60787	1.21381	2.41722	4.78754	9.39258
0.05	-5.85	0.30408	0.60784	1.21358	2.41598	4.78196	9.37098
0.05	-5.8	0.30407	0.6078	1.21333	2.41465	4.77601	9.34814
0.05	-5.75	0.30407	0.60776	1.21306	2.41321	4.76968	9.32401
0.05	-5.7	0.30406	0.60771	1.21276	2.41168	4.76294	9.29853
0.05	-5.65	0.30406	0.60766	1.21244	2.41002	4.75576	9.27164
0.05	-5.6	0.30405	0.60761	1.2121	2.40825	4.74813	9.24327
0.05	-5.55	0.30404	0.60755	1.21172	2.40635	4.74001	9.21336
0.05	-5.5	0.30404	0.60748	1.21132	2.40431	4.73138	9.18185
0.05	-5.45	0.30403	0.60741	1.21088	2.40213	4.72222	9.14866
0.05	-5.4	0.30402	0.60734	1.21041	2.39979	4.71248	9.11372
0.05	-5.35	0.30401	0.60725	1.2099	2.39728	4.70215	9.07697
0.05	-5.3	0.304	0.60716	1.20935	2.3946	4.69119	9.03832
0.05	-5.25	0.30398	0.60706	1.20875	2.39173	4.67957	8.99772
0.05	-5.2	0.30397	0.60695	1.20811	2.38866	4.66726	8.95508
0.05	-5.15	0.30395	0.60683	1.20742	2.38538	4.65422	8.91032
0.05	-5.1	0.30394	0.60671	1.20667	2.38188	4.64041	8.86338
0.05	-5.05	0.30392	0.60656	1.20586	2.37813	4.62581	8.81418
0.05	-5.	0.3039	0.60641	1.20499	2.37414	4.61036	8.76263
0.05	-4.95	0.30388	0.60625	1.20406	2.36987	4.59404	8.70867
0.05	-4.9	0.30385	0.60607	1.20305	2.36533	4.5768	8.65222
0.05	-4.85	0.30382	0.60587	1.20196	2.36048	4.5586	8.5932
0.05	-4.8	0.30379	0.60566	1.2008	2.35532	4.5394	8.53154
0.05	-4.75	0.30376	0.60542	1.19954	2.34982	4.51915	8.46717
0.05	-4.7	0.30373	0.60517	1.19819	2.34397	4.49782	8.40001
0.05	-4.65	0.30369	0.6049	1.19674	2.33775	4.47536	8.33
0.05	-4.6	0.30364	0.6046	1.19518	2.33113	4.45173	8.25706
0.05	-4.55	0.3036	0.60428	1.19351	2.3241	4.42687	8.18114
0.05	-4.5	0.30354	0.60393	1.19171	2.31664	4.40075	8.10217
0.05	-4.45	0.30349	0.60355	1.18979	2.30872	4.37331	8.0201
0.05	-4.4	0.30343	0.60314	1.18772	2.30031	4.34452	7.93486
0.05	-4.35	0.30336	0.60269	1.18551	2.29141	4.31433	7.84642
0.05	-4.3	0.30328	0.60221	1.18315	2.28197	4.28268	7.75473
0.05	-4.25	0.3032	0.60169	1.18061	2.27198	4.24955	7.65976
0.05	-4.2	0.30311	0.60113	1.1779	2.26141	4.21488	7.56146
0.05	-4.15	0.30301	0.60052	1.175	2.25024	4.17863	7.45982
0.05	-4.1	0.30291	0.59986	1.1719	2.23844	4.14075	7.35481
0.05	-4.05	0.30279	0.59914	1.16859	2.22597	4.10122	7.24644
0.05	-4.	0.30266	0.59837	1.16506	2.21282	4.05998	7.13469
0.05	-3.95	0.30252	0.59754	1.16129	2.19896	4.01701	7.01957
0.05	-3.9	0.30237	0.59665	1.15727	2.18435	3.97227	6.90111
0.05	-3.85	0.3022	0.59568	1.15299	2.16897	3.92572	6.77932
0.05	-3.8	0.30202	0.59464	1.14843	2.15279	3.87734	6.65425
0.05	-3.75	0.30182	0.59351	1.14358	2.13579	3.82711	6.52596
0.05	-3.7	0.3016	0.5923	1.13842	2.11793	3.775	6.39449
0.05	-3.65	0.30137	0.591	1.13294	2.09919	3.72099	6.25992
0.05	-3.6	0.30111	0.5896	1.12712	2.07954	3.66507	6.12234
0.05	-3.55	0.30083	0.58809	1.12094	2.05895	3.60724	5.98184
0.05	-3.5	0.30052	0.58648	1.11439	2.03741	3.54749	5.83855
0.05	-3.45	0.30019	0.58474	1.10745	2.01488	3.48582	5.69259
0.05	-3.4	0.29982	0.58287	1.1001	1.99134	3.42225	5.54409
0.05	-3.35	0.29943	0.58087	1.09233	1.96678	3.35678	5.39321
0.05	-3.3	0.299	0.57873	1.08411	1.94117	3.28945	5.24012
0.05	-3.25	0.29853	0.57643	1.07543	1.91449	3.22027	5.08501
0.05	-3.2	0.29803	0.57397	1.06628	1.88673	3.1493	4.92807
0.05	-3.15	0.29748	0.57135	1.05662	1.85789	3.07657	4.76951
0.05	-3.1	0.29688	0.56854	1.04645	1.82793	3.00214	4.60955
0.05	-3.05	0.29623	0.56553	1.03575	1.79687	2.92607	4.44844
0.05	-3.	0.29553	0.56233	1.0245	1.7647	2.84843	4.28643
0.05	-2.95	0.29477	0.55891	1.01268	1.73141	2.7693	4.12377
0.05	-2.9	0.29395	0.55527	1.00028	1.69701	2.68877	3.96074
0.05	-2.85	0.29306	0.5514	0.98729	1.66151	2.60694	3.79764
0.05	-2.8	0.2921	0.54728	0.97368	1.62493	2.52392	3.63474
0.05	-2.75	0.29106	0.54289	0.95946	1.58728	2.43983	3.47236
0.05	-2.7	0.28993	0.53824	0.94459	1.54858	2.35479	3.3108
0.05	-2.65	0.28872	0.5333	0.92908	1.50886	2.26894	3.15038
0.05	-2.6	0.28742	0.52807	0.91292	1.46816	2.18242	2.99143
0.05	-2.55	0.28601	0.52253	0.8961	1.42651	2.0954	2.83425
0.05	-2.5	0.28449	0.51668	0.87862	1.38397	2.00803	2.67918
0.05	-2.45	0.28286	0.51049	0.86048	1.34058	1.92048	2.52653
0.05	-2.4	0.28111	0.50395	0.84167	1.29641	1.83294	2.37662
0.05	-2.35	0.27922	0.49707	0.8222	1.25151	1.74558	2.22977
0.05	-2.3	0.2772	0.48982	0.80208	1.20597	1.65859	2.08628
0.05	-2.25	0.27504	0.48219	0.78132	1.15985	1.57218	1.94644
0.05	-2.2	0.27271	0.47419	0.75993	1.11325	1.48653	1.81054
0.05	-2.15	0.27023	0.46579	0.73794	1.06626	1.40186	1.67885
0.05	-2.1	0.26758	0.45699	0.71535	1.01897	1.31836	1.55161
0.05	-2.05	0.26474	0.44779	0.69221	0.97149	1.23623	1.42907
0.05	-2.	0.26172	0.43818	0.66854	0.92393	1.15569	1.31143
0.05	-1.95	0.25849	0.42816	0.64437	0.8764	1.07692	1.19888
0.05	-1.9	0.25507	0.41772	0.61975	0.82902	1.00013	1.09159
0.05	-1.85	0.25142	0.40688	0.59472	0.78192	0.9255	0.98969
0.05	-1.8	0.24755	0.39563	0.56934	0.73523	0.8532	0.8933
0.05	-1.75	0.24345	0.38397	0.54365	0.68907	0.78342	0.80248
0.05	-1.7	0.23911	0.37193	0.51771	0.64358	0.71632	0.71731
0.05	-1.65	0.23453	0.3595	0.4916	0.59889	0.65203	0.63777
0.05	-1.6	0.22969	0.34671	0.46537	0.55513	0.5907	0.56388
0.05	-1.55	0.22459	0.33357	0.43911	0.51244	0.53243	0.49556
0.05	-1.5	0.21922	0.3201	0.41289	0.47095	0.47734	0.43276
0.05	-1.45	0.21359	0.30633	0.3868	0.43078	0.42549	0.37535
0.05	-1.4	0.20768	0.29228	0.36092	0.39205	0.37694	0.32319
0.05	-1.35	0.20151	0.278	0.33533	0.35488	0.33174	0.27611
0.05	-1.3	0.19506	0.26351	0.31014	0.31937	0.2899	0.23392
0.05	-1.25	0.18835	0.24886	0.28542	0.28563	0.25141	0.19639
0.05	-1.2	0.18137	0.23409	0.26128	0.25373	0.21624	0.16328
0.05	-1.15	0.17413	0.21926	0.23781	0.22375	0.18433	0.13431
0.05	-1.1	0.16665	0.20441	0.2151	0.19575	0.15562	0.10922
0.05	-1.05	0.15893	0.1896	0.19324	0.16977	0.12999	0.0877
0.05	-1.	0.151	0.17489	0.17231	0.14586	0.10732	0.06945
0.05	-0.95	0.14286	0.16035	0.1524	0.12401	0.08748	0.05417
0.05	-0.9	0.13455	0.14604	0.13358	0.10422	0.0703	0.04154
0.05	-0.85	0.12608	0.13204	0.11593	0.08647	0.05561	0.03126
0.05	-0.8	0.1175	0.11841	0.09949	0.07073	0.04321	0.02303
0.05	-0.75	0.10882	0.10522	0.08432	0.05692	0.03292	0.01656
0.05	-0.7	0.10009	0.09255	0.07046	0.04497	0.02451	0.01159
0.05	-0.65	0.09136	0.08046	0.05793	0.03479	0.01778	0.00787
0.05	-0.6	0.08267	0.06902	0.04675	0.02627	0.01251	0.00515
0.05	-0.55	0.07406	0.0583	0.03691	0.01927	0.00849	0.00322
0.05	-0.5	0.0656	0.04836	0.02839	0.01366	0.00552	0.00192
0.05	-0.45	0.05733	0.03924	0.02116	0.00929	0.00341	0.00107
0.05	-0.4	0.04931	0.03101	0.01517	0.006	0.00198	0.00056
0.05	-0.35	0.0416	0.02369	0.01035	0.00363	0.00105	0.00026
0.05	-0.3	0.03425	0.01731	0.00662	0.00201	0.00051	0.00011
0.05	-0.25	0.02728	0.01191	0.00387	0.00099	0.00021	0.00004
0.05	-0.2	0.02074	0.00749	0.00198	0.00041	0.00007	0.00000
0.05	-0.15	0.01463	0.00409	0.00082	0.00013	0.00002	0.00000
0.05	-0.1	0.00895	0.00171	0.00023	0.00002	0.00000	0.00000
0.05	-0.05	0.00378	0.00036	0.00002	0.00000	0.00000	0.00000
0.05	0.00	0.	0.	0.	0.	0.	0.
0.03	-8.9	0.32598	0.65197	1.30392	2.60776	5.21494	10.42652
0.03	-8.85	0.32598	0.65197	1.30392	2.60775	5.21487	10.42611
0.03	-8.8	0.32598	0.65197	1.30392	2.60774	5.2148	10.42568
0.03	-8.75	0.32598	0.65197	1.30392	2.60772	5.21471	10.42521
0.03	-8.7	0.32598	0.65197	1.30392	2.60771	5.21463	10.42471
0.03	-8.65	0.32598	0.65197	1.30391	2.6077	5.21453	10.42417
0.03	-8.6	0.32598	0.65197	1.30391	2.60768	5.21443	10.42358
0.03	-8.55	0.32598	0.65196	1.30391	2.60766	5.21431	10.42295
0.03	-8.5	0.32598	0.65196	1.30391	2.60765	5.21419	10.42227
0.03	-8.45	0.32598	0.65196	1.3039	2.60762	5.21406	10.42154
0.03	-8.4	0.32598	0.65196	1.3039	2.6076	5.21392	10.42076
0.03	-8.35	0.32598	0.65196	1.3039	2.60758	5.21377	10.41991
0.03	-8.3	0.32598	0.65196	1.3039	2.60755	5.2136	10.419
0.03	-8.25	0.32598	0.65196	1.30389	2.60752	5.21342	10.41802
0.03	-8.2	0.32598	0.65196	1.30389	2.60749	5.21322	10.41697
0.03	-8.15	0.32598	0.65196	1.30388	2.60746	5.21301	10.41584
0.03	-8.1	0.32598	0.65196	1.30388	2.60742	5.21278	10.41462
0.03	-8.05	0.32598	0.65196	1.30387	2.60738	5.21254	10.41331
0.03	-8.	0.32598	0.65196	1.30387	2.60734	5.21227	10.41191
0.03	-7.95	0.32598	0.65196	1.30386	2.60729	5.21198	10.4104
0.03	-7.9	0.32598	0.65196	1.30385	2.60724	5.21167	10.40879
0.03	-7.85	0.32598	0.65196	1.30384	2.60718	5.21134	10.40705
0.03	-7.8	0.32598	0.65196	1.30384	2.60712	5.21097	10.40519
0.03	-7.75	0.32598	0.65196	1.30383	2.60706	5.21058	10.40319
0.03	-7.7	0.32598	0.65195	1.30382	2.60698	5.21016	10.40104
0.03	-7.65	0.32598	0.65195	1.30381	2.60691	5.2097	10.39875
0.03	-7.6	0.32598	0.65195	1.30379	2.60682	5.20921	10.39628
0.03	-7.55	0.32598	0.65195	1.30378	2.60673	5.20868	10.39364
0.03	-7.5	0.32598	0.65195	1.30377	2.60663	5.20811	10.39082
0.03	-7.45	0.32598	0.65195	1.30375	2.60652	5.20749	10.38779
0.03	-7.4	0.32598	0.65194	1.30373	2.60641	5.20683	10.38455
0.03	-7.35	0.32598	0.65194	1.30371	2.60628	5.20611	10.38108
0.03	-7.3	0.32598	0.65194	1.30369	2.60614	5.20534	10.37738
0.03	-7.25	0.32598	0.65194	1.30367	2.60599	5.20452	10.37341
0.03	-7.2	0.32598	0.65193	1.30365	2.60583	5.20362	10.36917
0.03	-7.15	0.32598	0.65193	1.30362	2.60566	5.20266	10.36463
0.03	-7.1	0.32598	0.65193	1.30359	2.60547	5.20163	10.35979
0.03	-7.05	0.32598	0.65192	1.30356	2.60526	5.20052	10.35462
0.03	-7.	0.32598	0.65192	1.30352	2.60504	5.19933	10.3491
0.03	-6.95	0.32598	0.65191	1.30349	2.6048	5.19804	10.3432
0.03	-6.9	0.32598	0.65191	1.30344	2.60454	5.19666	10.33691
0.03	-6.85	0.32598	0.6519	1.3034	2.60426	5.19518	10.3302
0.03	-6.8	0.32598	0.6519	1.30335	2.60395	5.19359	10.32305
0.03	-6.75	0.32598	0.65189	1.3033	2.60362	5.19189	10.31542
0.03	-6.7	0.32598	0.65188	1.30324	2.60327	5.19005	10.3073
0.03	-6.65	0.32597	0.65187	1.30318	2.60288	5.18809	10.29865
0.03	-6.6	0.32597	0.65186	1.30311	2.60247	5.18598	10.28944
0.03	-6.55	0.32597	0.65185	1.30303	2.60202	5.18372	10.27964
0.03	-6.5	0.32597	0.65184	1.30295	2.60153	5.1813	10.26921
0.03	-6.45	0.32597	0.65183	1.30286	2.60101	5.17871	10.25812
0.03	-6.4	0.32597	0.65182	1.30277	2.60045	5.17593	10.24633
0.03	-6.35	0.32597	0.6518	1.30266	2.59984	5.17296	10.23381
0.03	-6.3	0.32597	0.65179	1.30255	2.59918	5.16977	10.22051
0.03	-6.25	0.32596	0.65177	1.30243	2.59847	5.16637	10.20639
0.03	-6.2	0.32596	0.65175	1.30229	2.59771	5.16273	10.1914
0.03	-6.15	0.32596	0.65173	1.30215	2.59689	5.15884	10.1755
0.03	-6.1	0.32596	0.65171	1.30199	2.596	5.15468	10.15865
0.03	-6.05	0.32595	0.65168	1.30182	2.59505	5.15023	10.14078
0.03	-6.	0.32595	0.65166	1.30163	2.59403	5.14549	10.12186
0.03	-5.95	0.32595	0.65163	1.30143	2.59292	5.14043	10.10182
0.03	-5.9	0.32594	0.65159	1.30121	2.59174	5.13503	10.08062
0.03	-5.85	0.32594	0.65156	1.30097	2.59046	5.12926	10.05819
0.03	-5.8	0.32594	0.65152	1.30072	2.58909	5.12312	10.03447
0.03	-5.75	0.32593	0.65148	1.30044	2.58762	5.11658	10.0094
0.03	-5.7	0.32593	0.65143	1.30014	2.58603	5.10961	9.98292
0.03	-5.65	0.32592	0.65138	1.29981	2.58433	5.10219	9.95497
0.03	-5.6	0.32591	0.65132	1.29946	2.58251	5.09429	9.92547
0.03	-5.55	0.32591	0.65126	1.29907	2.58056	5.0859	9.89436
0.03	-5.5	0.3259	0.6512	1.29866	2.57846	5.07697	9.86157
0.03	-5.45	0.32589	0.65113	1.29821	2.57621	5.06748	9.82702
0.03	-5.4	0.32588	0.65105	1.29773	2.5738	5.0574	9.79064
0.03	-5.35	0.32587	0.65096	1.29721	2.57122	5.0467	9.75235
0.03	-5.3	0.32586	0.65087	1.29664	2.56846	5.03534	9.71209
0.03	-5.25	0.32584	0.65077	1.29603	2.5655	5.0233	9.66976
0.03	-5.2	0.32583	0.65066	1.29537	2.56234	5.01053	9.62529
0.03	-5.15	0.32581	0.65054	1.29466	2.55895	4.997	9.5786
0.03	-5.1	0.3258	0.6504	1.29389	2.55534	4.98268	9.52961
0.03	-5.05	0.32578	0.65026	1.29307	2.55148	4.96752	9.47824
0.03	-5.	0.32576	0.65011	1.29218	2.54735	4.95148	9.4244
0.03	-4.95	0.32574	0.64994	1.29122	2.54295	4.93452	9.36802
0.03	-4.9	0.32571	0.64975	1.29018	2.53826	4.91661	9.30901
0.03	-4.85	0.32568	0.64955	1.28907	2.53325	4.89769	9.24729
0.03	-4.8	0.32565	0.64933	1.28787	2.52791	4.87773	9.18278
0.03	-4.75	0.32562	0.6491	1.28658	2.52223	4.85667	9.1154
0.03	-4.7	0.32558	0.64884	1.28519	2.51618	4.83447	9.04508
0.03	-4.65	0.32554	0.64856	1.2837	2.50974	4.81108	8.97173
0.03	-4.6	0.3255	0.64826	1.2821	2.5029	4.78647	8.89529
0.03	-4.55	0.32545	0.64793	1.28038	2.49562	4.76057	8.81567
0.03	-4.5	0.3254	0.64757	1.27853	2.48789	4.73334	8.73283
0.03	-4.45	0.32534	0.64718	1.27655	2.47968	4.70473	8.64668
0.03	-4.4	0.32528	0.64676	1.27443	2.47097	4.67469	8.55717
0.03	-4.35	0.32521	0.64631	1.27215	2.46174	4.64317	8.46425
0.03	-4.3	0.32513	0.64582	1.26971	2.45195	4.61013	8.36786
0.03	-4.25	0.32505	0.64528	1.2671	2.44159	4.57551	8.26797
0.03	-4.2	0.32496	0.64471	1.26431	2.43062	4.53927	8.16452
0.03	-4.15	0.32486	0.64408	1.26132	2.41902	4.50135	8.0575
0.03	-4.1	0.32475	0.64341	1.25812	2.40675	4.46173	7.94687
0.03	-4.05	0.32463	0.64268	1.25471	2.3938	4.42034	7.83263
0.03	-4.	0.3245	0.64189	1.25106	2.38012	4.37715	7.71476
0.03	-3.95	0.32436	0.64104	1.24717	2.3657	4.33212	7.59327
0.03	-3.9	0.3242	0.64012	1.24302	2.35049	4.2852	7.46817
0.03	-3.85	0.32403	0.63913	1.23859	2.33448	4.23637	7.33948
0.03	-3.8	0.32385	0.63806	1.23388	2.31762	4.18559	7.20724
0.03	-3.75	0.32365	0.6369	1.22886	2.2999	4.13282	7.07149
0.03	-3.7	0.32343	0.63566	1.22352	2.28127	4.07805	6.9323
0.03	-3.65	0.32318	0.63433	1.21785	2.26171	4.02126	6.78973
0.03	-3.6	0.32292	0.63289	1.21182	2.2412	3.96242	6.64386
0.03	-3.55	0.32264	0.63134	1.20542	2.21969	3.90153	6.4948
0.03	-3.5	0.32232	0.62968	1.19863	2.19718	3.83857	6.34267
0.03	-3.45	0.32198	0.62789	1.19143	2.17361	3.77355	6.18757
0.03	-3.4	0.32161	0.62597	1.18381	2.14898	3.70648	6.02967
0.03	-3.35	0.32121	0.62391	1.17574	2.12326	3.63736	5.86912
0.03	-3.3	0.32077	0.62171	1.1672	2.09643	3.56622	5.70608
0.03	-3.25	0.3203	0.61934	1.15819	2.06846	3.49309	5.54075
0.03	-3.2	0.31978	0.61681	1.14866	2.03934	3.41799	5.37333
0.03	-3.15	0.31922	0.6141	1.13862	2.00905	3.34097	5.20403
0.03	-3.1	0.31861	0.6112	1.12803	1.97758	3.26209	5.0331
0.03	-3.05	0.31795	0.6081	1.11688	1.94493	3.18141	4.86078
0.03	-3.	0.31723	0.6048	1.10515	1.91108	3.09899	4.68734
0.03	-2.95	0.31646	0.60127	1.09283	1.87603	3.01492	4.51304
0.03	-2.9	0.31561	0.59751	1.07989	1.83978	2.92929	4.33818
0.03	-2.85	0.3147	0.5935	1.06632	1.80235	2.8422	4.16305
0.03	-2.8	0.31372	0.58923	1.0521	1.76374	2.75376	3.98798
0.03	-2.75	0.31265	0.5847	1.03721	1.72396	2.66409	3.81327
0.03	-2.7	0.3115	0.57988	1.02165	1.68305	2.57332	3.63927
0.03	-2.65	0.31026	0.57476	1.00541	1.64102	2.4816	3.4663
0.03	-2.6	0.30892	0.56934	0.98847	1.59791	2.38907	3.29471
0.03	-2.55	0.30748	0.56359	0.97082	1.55376	2.29589	3.12485
0.03	-2.5	0.30592	0.55751	0.95246	1.50861	2.20224	2.95705
0.03	-2.45	0.30425	0.55107	0.93339	1.46252	2.1083	2.79168
0.03	-2.4	0.30244	0.54428	0.91361	1.41555	2.01424	2.62907
0.03	-2.35	0.30051	0.53711	0.89311	1.36775	1.92028	2.46956
0.03	-2.3	0.29843	0.52956	0.87191	1.31922	1.8266	2.3135
0.03	-2.25	0.2962	0.52161	0.85001	1.27002	1.73341	2.16119
0.03	-2.2	0.29381	0.51326	0.82742	1.22024	1.64094	2.01296
0.03	-2.15	0.29125	0.50449	0.80417	1.16998	1.54939	1.86911
0.03	-2.1	0.28851	0.4953	0.78027	1.11934	1.45897	1.72992
0.03	-2.05	0.28559	0.48567	0.75575	1.06843	1.36993	1.59564
0.03	-2.	0.28246	0.47561	0.73064	1.01736	1.28246	1.46653
0.03	-1.95	0.27913	0.4651	0.70497	0.96625	1.19678	1.3428
0.03	-1.9	0.27559	0.45415	0.67879	0.91524	1.11312	1.22464
0.03	-1.85	0.27181	0.44276	0.65214	0.86444	1.03168	1.11222
0.03	-1.8	0.2678	0.43093	0.62507	0.81401	0.95265	1.00568
0.03	-1.75	0.26355	0.41866	0.59764	0.76407	0.87623	0.90511
0.03	-1.7	0.25905	0.40596	0.5699	0.71476	0.8026	0.81058
0.03	-1.65	0.25428	0.39285	0.54193	0.66625	0.73193	0.72214
0.03	-1.6	0.24924	0.37932	0.5138	0.61865	0.66436	0.63979
0.03	-1.55	0.24393	0.36541	0.48558	0.57213	0.60005	0.56349
0.03	-1.5	0.23834	0.35114	0.45735	0.52682	0.53909	0.49318
0.03	-1.45	0.23246	0.33652	0.42921	0.48286	0.48159	0.42875
0.03	-1.4	0.22629	0.32158	0.40124	0.44039	0.42764	0.37007
0.03	-1.35	0.21982	0.30637	0.37354	0.39953	0.37727	0.31697
0.03	-1.3	0.21307	0.29091	0.3462	0.3604	0.33052	0.26925
0.03	-1.25	0.20602	0.27524	0.31932	0.32312	0.2874	0.22667
0.03	-1.2	0.19869	0.25942	0.293	0.28779	0.24788	0.189
0.03	-1.15	0.19107	0.2435	0.26735	0.25448	0.21193	0.15594
0.03	-1.1	0.18318	0.22752	0.24246	0.22329	0.17946	0.12721
0.03	-1.05	0.17502	0.21155	0.21843	0.19426	0.15039	0.10248
0.03	-1.	0.16662	0.19565	0.19537	0.16743	0.12459	0.08144
0.03	-0.95	0.158	0.17989	0.17335	0.14284	0.10192	0.06375
0.03	-0.9	0.14916	0.16434	0.15247	0.12049	0.08221	0.04907
0.03	-0.85	0.14014	0.14906	0.1328	0.10037	0.06529	0.03708
0.03	-0.8	0.13097	0.13415	0.11442	0.08243	0.05096	0.02743
0.03	-0.75	0.12168	0.11966	0.09739	0.06664	0.03899	0.01982
0.03	-0.7	0.11231	0.10569	0.08175	0.0529	0.02917	0.01394
0.03	-0.65	0.1029	0.09231	0.06755	0.04113	0.02127	0.00951
0.03	-0.6	0.09351	0.07958	0.0548	0.03122	0.01505	0.00625
0.03	-0.55	0.08417	0.06759	0.04352	0.02304	0.01028	0.00394
0.03	-0.5	0.07495	0.0564	0.03369	0.01644	0.00673	0.00236
0.03	-0.45	0.0659	0.04608	0.02529	0.01126	0.00419	0.00133
0.03	-0.4	0.05707	0.03669	0.01827	0.00733	0.00244	0.0007
0.03	-0.35	0.04853	0.02826	0.01257	0.00447	0.00132	0.00033
0.03	-0.3	0.04032	0.02086	0.00812	0.00251	0.00064	0.00014
0.03	-0.25	0.03247	0.01451	0.0048	0.00125	0.00027	0.00005
0.03	-0.2	0.025	0.00926	0.0025	0.00052	0.00009	0.00001
0.03	-0.15	0.01793	0.00515	0.00106	0.00017	0.00002	0.00000
0.03	-0.1	0.01124	0.00221	0.00031	0.00003	0.00000	0.00000
0.03	-0.05	0.00498	0.00049	0.00003	0.00000	0.00000	0.00000
0.03	0.00	0.	0.	0.	0.	0.	0.
0.01	-8.9	0.373	0.74601	1.492	2.98391	5.96722	11.9309
0.01	-8.85	0.373	0.74601	1.492	2.9839	5.96715	11.93048
0.01	-8.8	0.373	0.74601	1.492	2.98389	5.96707	11.93002
0.01	-8.75	0.373	0.74601	1.492	2.98388	5.96698	11.92953
0.01	-8.7	0.373	0.746	1.49199	2.98386	5.96689	11.929
0.01	-8.65	0.373	0.746	1.49199	2.98385	5.96679	11.92842
0.01	-8.6	0.373	0.746	1.49199	2.98383	5.96668	11.92781
0.01	-8.55	0.373	0.746	1.49199	2.98381	5.96657	11.92714
0.01	-8.5	0.373	0.746	1.49199	2.98379	5.96644	11.92643
0.01	-8.45	0.373	0.746	1.49198	2.98377	5.9663	11.92566
0.01	-8.4	0.373	0.746	1.49198	2.98375	5.96615	11.92482
0.01	-8.35	0.373	0.746	1.49198	2.98372	5.96599	11.92393
0.01	-8.3	0.373	0.746	1.49197	2.9837	5.96582	11.92297
0.01	-8.25	0.373	0.746	1.49197	2.98367	5.96563	11.92194
0.01	-8.2	0.373	0.746	1.49196	2.98364	5.96542	11.92082
0.01	-8.15	0.373	0.746	1.49196	2.9836	5.9652	11.91963
0.01	-8.1	0.373	0.746	1.49195	2.98356	5.96496	11.91834
0.01	-8.05	0.373	0.746	1.49195	2.98352	5.9647	11.91696
0.01	-8.	0.373	0.746	1.49194	2.98347	5.96442	11.91547
0.01	-7.95	0.373	0.746	1.49194	2.98343	5.96412	11.91388
0.01	-7.9	0.373	0.746	1.49193	2.98337	5.96379	11.91216
0.01	-7.85	0.373	0.746	1.49192	2.98331	5.96344	11.91032
0.01	-7.8	0.373	0.746	1.49191	2.98325	5.96306	11.90835
0.01	-7.75	0.373	0.74599	1.4919	2.98318	5.96265	11.90623
0.01	-7.7	0.373	0.74599	1.49189	2.98311	5.9622	11.90395
0.01	-7.65	0.373	0.74599	1.49188	2.98302	5.96172	11.90151
0.01	-7.6	0.373	0.74599	1.49187	2.98294	5.9612	11.8989
0.01	-7.55	0.373	0.74599	1.49185	2.98284	5.96065	11.8961
0.01	-7.5	0.373	0.74599	1.49184	2.98274	5.96004	11.89309
0.01	-7.45	0.373	0.74599	1.49182	2.98262	5.95939	11.88988
0.01	-7.4	0.373	0.74598	1.4918	2.9825	5.95869	11.88643
0.01	-7.35	0.373	0.74598	1.49178	2.98237	5.95794	11.88275
0.01	-7.3	0.373	0.74598	1.49176	2.98222	5.95713	11.8788
0.01	-7.25	0.373	0.74598	1.49174	2.98207	5.95625	11.87458
0.01	-7.2	0.373	0.74597	1.49171	2.9819	5.95531	11.87006
0.01	-7.15	0.373	0.74597	1.49169	2.98172	5.9543	11.86523
0.01	-7.1	0.373	0.74597	1.49166	2.98152	5.9532	11.86007
0.01	-7.05	0.373	0.74596	1.49162	2.9813	5.95203	11.85455
0.01	-7.	0.373	0.74596	1.49159	2.98107	5.95077	11.84866
0.01	-6.95	0.373	0.74595	1.49155	2.98082	5.94941	11.84237
0.01	-6.9	0.373	0.74595	1.49151	2.98054	5.94795	11.83565
0.01	-6.85	0.373	0.74594	1.49146	2.98025	5.94638	11.82849
0.01	-6.8	0.373	0.74593	1.49141	2.97993	5.9447	11.82084
0.01	-6.75	0.373	0.74593	1.49135	2.97958	5.94289	11.81269
0.01	-6.7	0.373	0.74592	1.49129	2.97921	5.94095	11.80401
0.01	-6.65	0.37299	0.74591	1.49123	2.9788	5.93886	11.79475
0.01	-6.6	0.37299	0.7459	1.49115	2.97837	5.93663	11.78489
0.01	-6.55	0.37299	0.74589	1.49108	2.9779	5.93423	11.77439
0.01	-6.5	0.37299	0.74588	1.49099	2.97739	5.93166	11.76321
0.01	-6.45	0.37299	0.74587	1.4909	2.97684	5.9289	11.75132
0.01	-6.4	0.37299	0.74585	1.4908	2.97624	5.92595	11.73868
0.01	-6.35	0.37299	0.74584	1.49069	2.9756	5.92279	11.72524
0.01	-6.3	0.37299	0.74582	1.49057	2.97491	5.91941	11.71095
0.01	-6.25	0.37298	0.7458	1.49044	2.97416	5.91578	11.69578
0.01	-6.2	0.37298	0.74578	1.4903	2.97336	5.91191	11.67967
0.01	-6.15	0.37298	0.74576	1.49015	2.97249	5.90776	11.66258
0.01	-6.1	0.37298	0.74574	1.48999	2.97156	5.90333	11.64444
0.01	-6.05	0.37297	0.74571	1.48981	2.97056	5.89859	11.62521
0.01	-6.	0.37297	0.74569	1.48961	2.96947	5.89353	11.60482
0.01	-5.95	0.37297	0.74566	1.4894	2.96831	5.88813	11.58322
0.01	-5.9	0.37296	0.74562	1.48917	2.96705	5.88236	11.56035
0.01	-5.85	0.37296	0.74558	1.48893	2.9657	5.8762	11.53614
0.01	-5.8	0.37295	0.74554	1.48866	2.96425	5.86964	11.51053
0.01	-5.75	0.37295	0.7455	1.48837	2.96269	5.86264	11.48345
0.01	-5.7	0.37294	0.74545	1.48805	2.96102	5.85518	11.45482
0.01	-5.65	0.37294	0.7454	1.48771	2.95922	5.84724	11.42458
0.01	-5.6	0.37293	0.74534	1.48734	2.95729	5.83878	11.39265
0.01	-5.55	0.37292	0.74528	1.48694	2.95521	5.82978	11.35896
0.01	-5.5	0.37292	0.74521	1.4865	2.95299	5.8202	11.32341
0.01	-5.45	0.37291	0.74514	1.48603	2.9506	5.81001	11.28594
0.01	-5.4	0.3729	0.74506	1.48552	2.94804	5.79919	11.24646
0.01	-5.35	0.37289	0.74497	1.48497	2.9453	5.78769	11.20488
0.01	-5.3	0.37287	0.74487	1.48438	2.94236	5.77548	11.16112
0.01	-5.25	0.37286	0.74476	1.48374	2.93921	5.76253	11.11508
0.01	-5.2	0.37285	0.74465	1.48305	2.93585	5.74878	11.06669
0.01	-5.15	0.37283	0.74452	1.4823	2.93225	5.73421	11.01584
0.01	-5.1	0.37281	0.74439	1.48149	2.92839	5.71877	10.96245
0.01	-5.05	0.37279	0.74424	1.48062	2.92428	5.70242	10.90641
0.01	-5.	0.37277	0.74408	1.47968	2.91988	5.68511	10.84765
0.01	-4.95	0.37275	0.7439	1.47867	2.91518	5.66679	10.78606
0.01	-4.9	0.37272	0.74371	1.47758	2.91016	5.64743	10.72154
0.01	-4.85	0.3727	0.7435	1.4764	2.90481	5.62697	10.65402
0.01	-4.8	0.37266	0.74327	1.47514	2.89911	5.60535	10.58338
0.01	-4.75	0.37263	0.74302	1.47377	2.89302	5.58254	10.50954
0.01	-4.7	0.37259	0.74276	1.47231	2.88654	5.55848	10.4324
0.01	-4.65	0.37255	0.74246	1.47073	2.87965	5.53311	10.35188
0.01	-4.6	0.37251	0.74215	1.46903	2.8723	5.50638	10.26789
0.01	-4.55	0.37246	0.7418	1.46721	2.86449	5.47824	10.18034
0.01	-4.5	0.3724	0.74143	1.46526	2.85619	5.44862	10.08916
0.01	-4.45	0.37234	0.74103	1.46315	2.84737	5.41748	9.99425
0.01	-4.4	0.37228	0.74059	1.4609	2.83801	5.38476	9.89555
0.01	-4.35	0.37221	0.74011	1.45848	2.82807	5.3504	9.79299
0.01	-4.3	0.37213	0.73959	1.45589	2.81753	5.31434	9.6865
0.01	-4.25	0.37204	0.73904	1.45311	2.80636	5.27653	9.57602
0.01	-4.2	0.37195	0.73843	1.45014	2.79452	5.23691	9.46151
0.01	-4.15	0.37185	0.73778	1.44696	2.782	5.19543	9.34291
0.01	-4.1	0.37173	0.73707	1.44355	2.76874	5.15203	9.2202
0.01	-4.05	0.37161	0.7363	1.43991	2.75473	5.10666	9.09334
0.01	-4.	0.37148	0.73547	1.43602	2.73993	5.05927	8.96231
0.01	-3.95	0.37133	0.73458	1.43186	2.7243	5.0098	8.8271
0.01	-3.9	0.37117	0.73361	1.42743	2.70781	4.95821	8.68773
0.01	-3.85	0.37099	0.73256	1.4227	2.69043	4.90446	8.54419
0.01	-3.8	0.3708	0.73144	1.41765	2.67212	4.84851	8.39652
0.01	-3.75	0.37059	0.73022	1.41228	2.65284	4.79031	8.24476
0.01	-3.7	0.37036	0.72891	1.40656	2.63257	4.72983	8.08895
0.01	-3.65	0.37011	0.7275	1.40047	2.61126	4.66704	7.92916
0.01	-3.6	0.36984	0.72598	1.39399	2.58888	4.60192	7.76549
0.01	-3.55	0.36954	0.72435	1.38711	2.5654	4.53444	7.59801
0.01	-3.5	0.36922	0.72259	1.37981	2.54079	4.46459	7.42684
0.01	-3.45	0.36886	0.72069	1.37206	2.515	4.39237	7.25213
0.01	-3.4	0.36848	0.71866	1.36384	2.48802	4.31777	7.074
0.01	-3.35	0.36806	0.71648	1.35513	2.45981	4.2408	6.89262
0.01	-3.3	0.3676	0.71413	1.34591	2.43034	4.16148	6.70818
0.01	-3.25	0.36711	0.71162	1.33616	2.3996	4.07981	6.52088
0.01	-3.2	0.36657	0.70893	1.32585	2.36754	3.99585	6.33092
0.01	-3.15	0.36598	0.70605	1.31496	2.33416	3.90961	6.13855
0.01	-3.1	0.36534	0.70296	1.30348	2.29943	3.82117	5.94402
0.01	-3.05	0.36465	0.69966	1.29137	2.26335	3.73056	5.74759
0.01	-3.	0.3639	0.69613	1.27861	2.22589	3.63787	5.54956
0.01	-2.95	0.36309	0.69236	1.26519	2.18705	3.54318	5.35023
0.01	-2.9	0.36221	0.68833	1.25109	2.14683	3.44658	5.14991
0.01	-2.85	0.36125	0.68404	1.23627	2.10523	3.34817	4.94895
0.01	-2.8	0.36022	0.67947	1.22073	2.06226	3.24807	4.74768
0.01	-2.75	0.3591	0.6746	1.20444	2.01792	3.14641	4.54647
0.01	-2.7	0.35789	0.66943	1.18739	1.97224	3.04332	4.34569
0.01	-2.65	0.35659	0.66392	1.16956	1.92524	2.93896	4.14573
0.01	-2.6	0.35518	0.65808	1.15094	1.87696	2.83349	3.94697
0.01	-2.55	0.35365	0.65188	1.13151	1.82742	2.72708	3.74982
0.01	-2.5	0.35201	0.64532	1.11127	1.77667	2.61993	3.55467
0.01	-2.45	0.35024	0.63836	1.09021	1.72477	2.51222	3.36193
0.01	-2.4	0.34834	0.63101	1.06833	1.67177	2.40417	3.172
0.01	-2.35	0.34629	0.62324	1.04561	1.61775	2.296	2.98528
0.01	-2.3	0.34408	0.61504	1.02208	1.56278	2.18792	2.80217
0.01	-2.25	0.34172	0.60639	0.99772	1.50694	2.08018	2.62305
0.01	-2.2	0.33918	0.5973	0.97256	1.45032	1.97301	2.44831
0.01	-2.15	0.33645	0.58773	0.94661	1.39304	1.86667	2.27831
0.01	-2.1	0.33354	0.57768	0.91987	1.33519	1.76139	2.11339
0.01	-2.05	0.33042	0.56714	0.89239	1.2769	1.65745	1.95389
0.01	-2.	0.32708	0.5561	0.86419	1.21829	1.55509	1.80011
0.01	-1.95	0.32352	0.54456	0.8353	1.1595	1.45456	1.65232
0.01	-1.9	0.31972	0.53251	0.80576	1.10066	1.35613	1.5108
0.01	-1.85	0.31567	0.51994	0.77562	1.04192	1.26003	1.37575
0.01	-1.8	0.31136	0.50686	0.74493	0.98343	1.16652	1.24737
0.01	-1.75	0.30678	0.49326	0.71375	0.92536	1.07582	1.12581
0.01	-1.7	0.30192	0.47916	0.68214	0.86787	0.98817	1.01119
0.01	-1.65	0.29676	0.46456	0.65018	0.81111	0.90376	0.90359
0.01	-1.6	0.29131	0.44947	0.61794	0.75527	0.8228	0.80306
0.01	-1.55	0.28554	0.43391	0.58551	0.7005	0.74546	0.70959
0.01	-1.5	0.27946	0.41789	0.55297	0.64698	0.6719	0.62313
0.01	-1.45	0.27304	0.40144	0.52042	0.59488	0.60226	0.54361
0.01	-1.4	0.2663	0.38459	0.48797	0.54435	0.53666	0.4709
0.01	-1.35	0.25922	0.36738	0.4557	0.49555	0.47518	0.40484
0.01	-1.3	0.2518	0.34982	0.42375	0.44864	0.41788	0.34522
0.01	-1.25	0.24403	0.33198	0.39221	0.40376	0.3648	0.2918
0.01	-1.2	0.23593	0.3139	0.36121	0.36103	0.31594	0.24432
0.01	-1.15	0.22749	0.29563	0.33087	0.32058	0.27127	0.20246
0.01	-1.1	0.21872	0.27723	0.3013	0.28251	0.23074	0.1659
0.01	-1.05	0.20963	0.25876	0.27262	0.24691	0.19426	0.13428
0.01	-1.	0.20023	0.2403	0.24494	0.21384	0.16172	0.10723
0.01	-0.95	0.19054	0.22191	0.21839	0.18336	0.13297	0.08436
0.01	-0.9	0.18058	0.20367	0.19307	0.15549	0.10784	0.06528
0.01	-0.85	0.17037	0.18568	0.16908	0.13025	0.08612	0.0496
0.01	-0.8	0.15995	0.168	0.14653	0.10761	0.06761	0.03691
0.01	-0.75	0.14934	0.15073	0.12549	0.08753	0.05206	0.02683
0.01	-0.7	0.13858	0.13396	0.10603	0.06995	0.0392	0.019
0.01	-0.65	0.12773	0.11779	0.08823	0.05477	0.02878	0.01304
0.01	-0.6	0.11682	0.10229	0.07211	0.04189	0.02051	0.00864
0.01	-0.55	0.10591	0.08757	0.05773	0.03116	0.01412	0.00549
0.01	-0.5	0.09506	0.07371	0.04508	0.02242	0.00932	0.00332
0.01	-0.45	0.08433	0.0608	0.03416	0.0155	0.00585	0.00189
0.01	-0.4	0.07377	0.0489	0.02493	0.01019	0.00345	0.00099
0.01	-0.35	0.06343	0.03811	0.01736	0.00629	0.00188	0.00048
0.01	-0.3	0.05337	0.02849	0.01135	0.00357	0.00092	0.0002
0.01	-0.25	0.04361	0.02012	0.00681	0.00181	0.00039	0.00007
0.01	-0.2	0.03417	0.01306	0.0036	0.00077	0.00013	0.00002
0.01	-0.15	0.02502	0.00742	0.00156	0.00025	0.00003	0.00000
0.01	-0.1	0.01615	0.00329	0.00047	0.00005	0.00000	0.00000
0.01	-0.05	0.00755	0.00078	0.00006	0.00000	0.00000	0.00000
0.01	0.00	0.	0.	0.	0.	0.	0.
