EpsF	Log[10,x]	n=1	n=2	n=3	n=4	n=5	n=6
0.5	-8.9	0.00000	0.00007	0.00097	0.00935	0.06858	0.40794
0.5	-8.85	0.00000	0.00008	0.00107	0.01024	0.07456	0.44025
0.5	-8.8	0.00000	0.00009	0.00118	0.01122	0.08104	0.47498
0.5	-8.75	0.00000	0.00009	0.00131	0.01228	0.08806	0.5123
0.5	-8.7	0.00000	0.00011	0.00144	0.01345	0.09567	0.55238
0.5	-8.65	0.00000	0.00012	0.00159	0.01472	0.1039	0.59542
0.5	-8.6	0.00000	0.00013	0.00175	0.01611	0.11282	0.64162
0.5	-8.55	0.00000	0.00014	0.00194	0.01762	0.12247	0.69119
0.5	-8.5	0.00000	0.00016	0.00213	0.01927	0.13292	0.74436
0.5	-8.45	0.00000	0.00018	0.00235	0.02108	0.14421	0.80136
0.5	-8.4	0.00000	0.0002	0.00259	0.02305	0.15643	0.86244
0.5	-8.35	0.00000	0.00022	0.00286	0.0252	0.16963	0.92787
0.5	-8.3	0.00000	0.00025	0.00315	0.02754	0.18389	0.99794
0.5	-8.25	0.00001	0.00027	0.00347	0.03009	0.1993	1.07293
0.5	-8.2	0.00001	0.0003	0.00383	0.03287	0.21594	1.15316
0.5	-8.15	0.00001	0.00034	0.00421	0.0359	0.23389	1.23895
0.5	-8.1	0.00002	0.00038	0.00464	0.0392	0.25327	1.33065
0.5	-8.05	0.00002	0.00042	0.00511	0.0428	0.27417	1.42862
0.5	-8.	0.00002	0.00046	0.00563	0.04671	0.2967	1.53324
0.5	-7.95	0.00002	0.00052	0.00619	0.05097	0.32099	1.64491
0.5	-7.9	0.00003	0.00057	0.00682	0.0556	0.34715	1.76405
0.5	-7.85	0.00003	0.00064	0.0075	0.06064	0.37533	1.89108
0.5	-7.8	0.00003	0.00071	0.00825	0.06612	0.40566	2.02647
0.5	-7.75	0.00004	0.00078	0.00908	0.07207	0.4383	2.17069
0.5	-7.7	0.00004	0.00087	0.00999	0.07854	0.4734	2.32424
0.5	-7.65	0.00004	0.00097	0.01098	0.08556	0.51114	2.48762
0.5	-7.6	0.00005	0.00107	0.01207	0.09319	0.55169	2.66137
0.5	-7.55	0.00006	0.00119	0.01327	0.10148	0.59525	2.84605
0.5	-7.5	0.00006	0.00132	0.01458	0.11046	0.64202	3.04223
0.5	-7.45	0.00007	0.00147	0.01602	0.12021	0.69221	3.25051
0.5	-7.4	0.00008	0.00163	0.0176	0.13077	0.74604	3.47148
0.5	-7.35	0.00009	0.00181	0.01933	0.14223	0.80375	3.7058
0.5	-7.3	0.0001	0.002	0.02122	0.15464	0.8656	3.9541
0.5	-7.25	0.00011	0.00222	0.0233	0.16808	0.93183	4.21704
0.5	-7.2	0.00012	0.00246	0.02557	0.18262	1.00273	4.49532
0.5	-7.15	0.00014	0.00273	0.02806	0.19837	1.07857	4.78962
0.5	-7.1	0.00016	0.00303	0.03078	0.2154	1.15968	5.10065
0.5	-7.05	0.00018	0.00336	0.03375	0.23381	1.24635	5.42913
0.5	-7.	0.0002	0.00372	0.03701	0.25371	1.33892	5.77579
0.5	-6.95	0.00022	0.00413	0.04057	0.2752	1.43773	6.14136
0.5	-6.9	0.00025	0.00457	0.04446	0.29841	1.54314	6.52657
0.5	-6.85	0.00028	0.00507	0.04871	0.32346	1.65552	6.93218
0.5	-6.8	0.00031	0.00561	0.05335	0.35048	1.77525	7.3589
0.5	-6.75	0.00035	0.00622	0.05841	0.37961	1.90273	7.80747
0.5	-6.7	0.00039	0.00689	0.06395	0.41101	2.03838	8.27861
0.5	-6.65	0.00044	0.00762	0.06998	0.44482	2.18262	8.77303
0.5	-6.6	0.0005	0.00844	0.07656	0.48122	2.33587	9.29141
0.5	-6.55	0.00056	0.00934	0.08374	0.52038	2.4986	9.8344
0.5	-6.5	0.00062	0.01034	0.09155	0.5625	2.67126	10.40265
0.5	-6.45	0.0007	0.01144	0.10007	0.60775	2.85432	10.99674
0.5	-6.4	0.00078	0.01265	0.10935	0.65636	3.04824	11.61723
0.5	-6.35	0.00088	0.014	0.11944	0.70854	3.25351	12.26461
0.5	-6.3	0.00098	0.01548	0.13042	0.76451	3.47062	12.93933
0.5	-6.25	0.0011	0.01711	0.14236	0.82451	3.70005	13.64176
0.5	-6.2	0.00124	0.01892	0.15534	0.88879	3.9423	14.37222
0.5	-6.15	0.00139	0.02091	0.16944	0.95761	4.19783	15.13093
0.5	-6.1	0.00155	0.0231	0.18475	1.03124	4.46714	15.91801
0.5	-6.05	0.00174	0.02551	0.20137	1.10995	4.7507	16.7335
0.5	-6.	0.00195	0.02818	0.2194	1.19404	5.04896	17.57731
0.5	-5.95	0.00219	0.03111	0.23894	1.28381	5.36237	18.44925
0.5	-5.9	0.00246	0.03434	0.26012	1.37955	5.69134	19.34899
0.5	-5.85	0.00276	0.0379	0.28305	1.4816	6.03629	20.27604
0.5	-5.8	0.00309	0.04181	0.30787	1.59026	6.39756	21.22979
0.5	-5.75	0.00346	0.04611	0.33471	1.70588	6.7755	22.20944
0.5	-5.7	0.00388	0.05085	0.36374	1.82878	7.1704	23.21404
0.5	-5.65	0.00435	0.05605	0.39509	1.95931	7.5825	24.24244
0.5	-5.6	0.00488	0.06176	0.42893	2.09781	8.012	25.29329
0.5	-5.55	0.00547	0.06804	0.46544	2.24461	8.45901	26.36506
0.5	-5.5	0.00613	0.07493	0.5048	2.40005	8.92361	27.45599
0.5	-5.45	0.00687	0.08249	0.5472	2.56448	9.40578	28.56409
0.5	-5.4	0.00769	0.09078	0.59284	2.73822	9.90543	29.68717
0.5	-5.35	0.00862	0.09987	0.64193	2.92159	10.42237	30.82277
0.5	-5.3	0.00966	0.10983	0.69469	3.11489	10.9563	31.96821
0.5	-5.25	0.01082	0.12074	0.75134	3.31841	11.50685	33.12056
0.5	-5.2	0.01211	0.13268	0.81211	3.53242	12.07348	34.27664
0.5	-5.15	0.01357	0.14575	0.87725	3.75716	12.65558	35.43302
0.5	-5.1	0.01519	0.16003	0.947	3.99284	13.25236	36.58602
0.5	-5.05	0.01701	0.17563	1.02161	4.23964	13.86291	37.73172
0.5	-5.	0.01904	0.19267	1.10135	4.49769	14.48617	38.86597
0.5	-4.95	0.0213	0.21127	1.18646	4.76708	15.12092	39.98436
0.5	-4.9	0.02384	0.23155	1.27722	5.04785	15.76577	41.08231
0.5	-4.85	0.02667	0.25366	1.37388	5.33996	16.41916	42.15499
0.5	-4.8	0.02984	0.27773	1.47669	5.64333	17.07936	43.19742
0.5	-4.75	0.03338	0.30392	1.58592	5.9578	17.74446	44.20443
0.5	-4.7	0.03733	0.33239	1.70181	6.28311	18.41234	45.17072
0.5	-4.65	0.04175	0.36331	1.82459	6.61893	19.08073	46.09089
0.5	-4.6	0.04667	0.39688	1.95447	6.96483	19.74714	46.95944
0.5	-4.55	0.05216	0.43327	2.09167	7.32027	20.40894	47.77085
0.5	-4.5	0.05828	0.47268	2.23635	7.6846	21.06326	48.51958
0.5	-4.45	0.06509	0.51533	2.38867	8.05705	21.70711	49.20014
0.5	-4.4	0.07269	0.56143	2.54873	8.43672	22.3373	49.80712
0.5	-4.35	0.08114	0.6112	2.71662	8.82259	22.95051	50.33526
0.5	-4.3	0.09055	0.66486	2.89236	9.21349	23.54326	50.77946
0.5	-4.25	0.10102	0.72266	3.07593	9.6081	24.11196	51.13491
0.5	-4.2	0.11267	0.7848	3.26725	10.00497	24.65293	51.39706
0.5	-4.15	0.12561	0.85154	3.46616	10.40248	25.16239	51.56175
0.5	-4.1	0.13998	0.92309	3.67246	10.79886	25.63654	51.62524
0.5	-4.05	0.15591	0.99968	3.88582	11.1922	26.07153	51.58424
0.5	-4.	0.17356	1.08151	4.10586	11.58044	26.46357	51.43606
0.5	-3.95	0.19312	1.1688	4.33207	11.96137	26.8089	51.17853
0.5	-3.9	0.21477	1.26172	4.56386	12.33264	27.10386	50.8102
0.5	-3.85	0.23871	1.36042	4.8005	12.69178	27.34494	50.33027
0.5	-3.8	0.26516	1.46502	5.04115	13.03621	27.52884	49.73875
0.5	-3.75	0.29432	1.57561	5.28484	13.36325	27.65245	49.03635
0.5	-3.7	0.32643	1.69221	5.53048	13.67014	27.71301	48.22468
0.5	-3.65	0.36171	1.81482	5.77682	13.95409	27.70804	47.30614
0.5	-3.6	0.40044	1.94337	6.02248	14.21227	27.63551	46.28401
0.5	-3.55	0.44289	2.0777	6.26594	14.44186	27.4938	45.16241
0.5	-3.5	0.48933	2.21757	6.50553	14.64009	27.28177	43.94634
0.5	-3.45	0.54003	2.36266	6.73944	14.80428	26.99885	42.64157
0.5	-3.4	0.59528	2.51252	6.96577	14.93187	26.64501	41.2547
0.5	-3.35	0.65533	2.66659	7.18245	15.02048	26.22085	39.79309
0.5	-3.3	0.72042	2.82419	7.38737	15.06794	25.72759	38.26473
0.5	-3.25	0.79076	2.98447	7.5783	15.07237	25.16711	36.67828
0.5	-3.2	0.86653	3.14646	7.75298	15.03218	24.54195	35.04284
0.5	-3.15	0.94785	3.30902	7.90913	14.94618	23.8553	33.36803
0.5	-3.1	1.03476	3.47085	8.04448	14.81356	23.11101	31.6637
0.5	-3.05	1.12715	3.63051	8.15683	14.63397	22.31353	29.93996
0.5	-3.	1.2249	3.78638	8.24408	14.40758	21.46789	28.20693
0.5	-2.95	1.32776	3.93672	8.30428	14.13502	20.57963	26.4747
0.5	-2.9	1.43531	4.07964	8.33569	13.81752	19.65479	24.75323
0.5	-2.85	1.54687	4.21316	8.33682	13.45681	18.69972	23.05209
0.5	-2.8	1.66163	4.33522	8.30652	13.05519	17.72114	21.38049
0.5	-2.75	1.77864	4.44374	8.24399	12.61547	16.7259	19.74703
0.5	-2.7	1.89658	4.53666	8.14883	12.14097	15.721	18.15974
0.5	-2.65	2.01395	4.61199	8.02112	11.63545	14.71336	16.62584
0.5	-2.6	2.12901	4.66792	7.8614	11.10308	13.70984	15.15181
0.5	-2.55	2.23967	4.70286	7.67071	10.54832	12.71706	13.74318
0.5	-2.5	2.34393	4.71556	7.45055	9.97589	11.7413	12.40462
0.5	-2.45	2.43984	4.70509	7.2029	9.39067	10.78848	11.13988
0.5	-2.4	2.52523	4.67089	6.93016	8.79758	9.86397	9.95171
0.5	-2.35	2.59804	4.61287	6.63512	8.20155	8.97265	8.842
0.5	-2.3	2.65638	4.53144	6.32085	7.60735	8.11875	7.81167
0.5	-2.25	2.69859	4.42746	5.99069	7.01956	7.30591	6.86084
0.5	-2.2	2.72377	4.30227	5.64809	6.44251	6.53707	5.9888
0.5	-2.15	2.73158	4.15749	5.29657	5.88017	5.81456	5.1941
0.5	-2.1	2.72168	3.99504	4.93964	5.33615	5.13998	4.47461
0.5	-2.05	2.69431	3.8171	4.58074	4.81363	4.51436	3.82762
0.5	-2.	2.65002	3.626	4.22321	4.31537	3.93808	3.24992
0.5	-1.95	2.5897	3.42421	3.87015	3.84364	3.41095	2.73783
0.5	-1.9	2.51467	3.21423	3.52448	3.40027	2.93226	2.28741
0.5	-1.85	2.42644	2.9985	3.18884	2.9866	2.50078	1.89437
0.5	-1.8	2.32625	2.77942	2.86561	2.60354	2.11491	1.55432
0.5	-1.75	2.21541	2.55937	2.55686	2.25155	1.77261	1.26273
0.5	-1.7	2.09537	2.34071	2.26435	1.93067	1.47157	1.01507
0.5	-1.65	1.96785	2.12567	1.98946	1.64055	1.20923	0.80684
0.5	-1.6	1.83511	1.91631	1.73324	1.38051	0.98281	0.63366
0.5	-1.55	1.69955	1.71433	1.49637	1.14954	0.78943	0.49128
0.5	-1.5	1.56301	1.52112	1.27925	0.94639	0.62611	0.37569
0.5	-1.45	1.42705	1.33782	1.08201	0.7696	0.48984	0.2831
0.5	-1.4	1.29304	1.16533	0.90455	0.6175	0.37763	0.20999
0.5	-1.35	1.16208	1.00437	0.74653	0.4883	0.28656	0.15317
0.5	-1.3	1.0352	0.85551	0.60744	0.38006	0.21377	0.10973
0.5	-1.25	0.91327	0.71909	0.48658	0.29076	0.15658	0.07712
0.5	-1.2	0.79662	0.5954	0.38308	0.21833	0.11247	0.05311
0.5	-1.15	0.6857	0.48463	0.29592	0.16069	0.07911	0.03578
0.5	-1.1	0.58091	0.38691	0.2239	0.11574	0.05441	0.02356
0.5	-1.05	0.48263	0.3023	0.16566	0.08146	0.03654	0.01513
0.5	-1.	0.39184	0.23071	0.11968	0.05594	0.02392	0.00946
0.5	-0.95	0.31023	0.1717	0.08427	0.03742	0.01523	0.00575
0.5	-0.9	0.23905	0.12443	0.05775	0.02432	0.00942	0.00339
0.5	-0.85	0.17906	0.08765	0.03842	0.01534	0.00564	0.00193
0.5	-0.8	0.13023	0.05989	0.02477	0.00935	0.00326	0.00106
0.5	-0.75	0.09175	0.03959	0.01542	0.0055	0.00182	0.00056
0.5	-0.7	0.06243	0.02524	0.00924	0.00311	0.00097	0.00029
0.5	-0.65	0.04095	0.01546	0.00531	0.00168	0.0005	0.00014
0.5	-0.6	0.02573	0.00905	0.00291	0.00087	0.00024	0.00006
0.5	-0.55	0.01541	0.00504	0.00152	0.00043	0.00011	0.00003
0.5	-0.5	0.00875	0.00266	0.00075	0.0002	0.00005	0.00001
0.5	-0.45	0.00467	0.00132	0.00035	0.00009	0.00002	0.00000
0.5	-0.4	0.00232	0.00061	0.00015	0.00004	0.00000	0.00000
0.5	-0.35	0.00108	0.00027	0.00006	0.00001	0.00000	0.00000
0.5	-0.3	0.00047	0.00011	0.00003	0.00000	0.00000	0.00000
0.5	-0.25	0.00019	0.00004	0.00000	0.00000	0.00000	0.00000
0.5	-0.2	0.00007	0.00002	0.00000	0.00000	0.00000	0.00000
0.5	-0.15	0.00003	0.00000	0.00000	0.00000	0.00000	0.00000
0.5	-0.1	0.00001	0.00000	0.00000	0.00000	0.00000	0.00000
0.5	-0.05	0.00000	0.00000	0.00000	0.00000	0.00000	0.00000
0.5	0.00	0.00000	0.00000	0.00000	0.00000	0.00000	0.00000
0.4	-8.9	0.00000	0.00007	0.00097	0.00937	0.06875	0.40938
0.4	-8.85	0.00000	0.00008	0.00107	0.01026	0.07474	0.44182
0.4	-8.8	0.00000	0.00009	0.00119	0.01123	0.08124	0.47669
0.4	-8.75	0.00000	0.00009	0.00131	0.0123	0.08828	0.51417
0.4	-8.7	0.00000	0.00011	0.00144	0.01347	0.09591	0.55443
0.4	-8.65	0.00000	0.00012	0.00159	0.01474	0.10417	0.59766
0.4	-8.6	0.00000	0.00013	0.00176	0.01613	0.11312	0.64406
0.4	-8.55	0.00000	0.00014	0.00194	0.01765	0.1228	0.69385
0.4	-8.5	0.00000	0.00016	0.00214	0.01931	0.13328	0.74726
0.4	-8.45	0.00000	0.00018	0.00236	0.02111	0.14461	0.80452
0.4	-8.4	0.00000	0.0002	0.0026	0.02309	0.15686	0.86589
0.4	-8.35	0.00000	0.00022	0.00286	0.02524	0.1701	0.93163
0.4	-8.3	0.00000	0.00025	0.00315	0.02759	0.18441	1.00203
0.4	-8.25	0.00001	0.00027	0.00348	0.03014	0.19987	1.07739
0.4	-8.2	0.00001	0.0003	0.00383	0.03293	0.21657	1.15801
0.4	-8.15	0.00001	0.00034	0.00422	0.03597	0.23459	1.24423
0.4	-8.1	0.00002	0.00038	0.00465	0.03928	0.25403	1.3364
0.4	-8.05	0.00002	0.00042	0.00512	0.04288	0.275	1.43488
0.4	-8.	0.00002	0.00046	0.00563	0.0468	0.29762	1.54005
0.4	-7.95	0.00002	0.00052	0.0062	0.05107	0.32199	1.65232
0.4	-7.9	0.00002	0.00057	0.00682	0.05571	0.34825	1.7721
0.4	-7.85	0.00003	0.00064	0.00751	0.06076	0.37653	1.89984
0.4	-7.8	0.00003	0.00071	0.00826	0.06625	0.40698	2.03599
0.4	-7.75	0.00004	0.00078	0.00909	0.07222	0.43975	2.18103
0.4	-7.7	0.00004	0.00087	0.01	0.0787	0.47499	2.33547
0.4	-7.65	0.00004	0.00097	0.01099	0.08574	0.51288	2.49981
0.4	-7.6	0.00005	0.00107	0.01209	0.09339	0.5536	2.67461
0.4	-7.55	0.00006	0.00119	0.01328	0.10169	0.59734	2.86042
0.4	-7.5	0.00006	0.00132	0.0146	0.1107	0.64431	3.05782
0.4	-7.45	0.00007	0.00147	0.01604	0.12047	0.69471	3.26741
0.4	-7.4	0.00008	0.00163	0.01762	0.13107	0.74878	3.48981
0.4	-7.35	0.00009	0.00181	0.01935	0.14255	0.80676	3.72566
0.4	-7.3	0.0001	0.002	0.02125	0.155	0.86888	3.97561
0.4	-7.25	0.00011	0.00222	0.02333	0.16847	0.93542	4.24034
0.4	-7.2	0.00013	0.00247	0.0256	0.18306	1.00666	4.52054
0.4	-7.15	0.00014	0.00273	0.02809	0.19885	1.08288	4.81692
0.4	-7.1	0.00016	0.00303	0.03081	0.21593	1.16438	5.13018
0.4	-7.05	0.00018	0.00336	0.03379	0.2344	1.25149	5.46107
0.4	-7.	0.0002	0.00373	0.03705	0.25436	1.34453	5.81031
0.4	-6.95	0.00022	0.00413	0.04062	0.27592	1.44386	6.17865
0.4	-6.9	0.00025	0.00458	0.04451	0.2992	1.54984	6.56686
0.4	-6.85	0.00028	0.00507	0.04877	0.32433	1.66283	6.97566
0.4	-6.8	0.00031	0.00562	0.05342	0.35144	1.78323	7.40583
0.4	-6.75	0.00035	0.00622	0.05849	0.38068	1.91144	7.85809
0.4	-6.7	0.00039	0.00689	0.06403	0.41218	2.04788	8.33319
0.4	-6.65	0.00044	0.00763	0.07008	0.44611	2.19297	8.83184
0.4	-6.6	0.0005	0.00844	0.07667	0.48265	2.34716	9.35475
0.4	-6.55	0.00056	0.00935	0.08386	0.52196	2.5109	9.9026
0.4	-6.5	0.00062	0.01034	0.09169	0.56423	2.68466	10.47603
0.4	-6.45	0.0007	0.01144	0.10022	0.60966	2.86891	11.07566
0.4	-6.4	0.00078	0.01266	0.10951	0.65847	3.06412	11.70205
0.4	-6.35	0.00088	0.014	0.11962	0.71086	3.27079	12.35574
0.4	-6.3	0.00098	0.01549	0.13062	0.76706	3.48942	13.03718
0.4	-6.25	0.0011	0.01712	0.14259	0.82732	3.72049	13.74677
0.4	-6.2	0.00124	0.01892	0.15559	0.89189	3.9645	14.48484
0.4	-6.15	0.00139	0.02091	0.16972	0.96103	4.22195	15.25163
0.4	-6.1	0.00156	0.02311	0.18506	1.035	4.49333	16.0473
0.4	-6.05	0.00174	0.02553	0.20172	1.11409	4.77912	16.87189
0.4	-6.	0.00196	0.02819	0.21978	1.1986	5.07979	17.72536
0.4	-5.95	0.00219	0.03112	0.23937	1.28882	5.39579	18.60752
0.4	-5.9	0.00246	0.03435	0.2606	1.38506	5.72756	19.51807
0.4	-5.85	0.00276	0.03791	0.28358	1.48765	6.07552	20.45654
0.4	-5.8	0.00309	0.04182	0.30847	1.59692	6.44003	21.42234
0.4	-5.75	0.00347	0.04613	0.33538	1.7132	6.82145	22.4147
0.4	-5.7	0.00389	0.05086	0.36448	1.83682	7.22008	23.43266
0.4	-5.65	0.00435	0.05606	0.39592	1.96814	7.63619	24.47512
0.4	-5.6	0.00488	0.06178	0.42986	2.10749	8.06997	25.54073
0.4	-5.55	0.00547	0.06806	0.46648	2.25523	8.52159	26.62797
0.4	-5.5	0.00613	0.07495	0.50596	2.41171	8.9911	27.73509
0.4	-5.45	0.00686	0.08252	0.5485	2.57726	9.47853	28.86012
0.4	-5.4	0.00769	0.09081	0.59429	2.75223	9.98379	30.00086
0.4	-5.35	0.00861	0.09991	0.64355	2.93693	10.5067	31.15487
0.4	-5.3	0.00965	0.10987	0.69649	3.13169	11.04701	32.31946
0.4	-5.25	0.01081	0.12079	0.75335	3.33679	11.60433	33.49168
0.4	-5.2	0.01211	0.13274	0.81435	3.55253	12.17816	34.66834
0.4	-5.15	0.01356	0.14581	0.87975	3.77914	12.7679	35.846
0.4	-5.1	0.01518	0.1601	0.94979	4.01686	13.37277	37.02096
0.4	-5.05	0.017	0.17572	1.02472	4.26587	13.99188	38.18926
0.4	-5.	0.01903	0.19277	1.10482	4.52632	14.62419	39.34671
0.4	-4.95	0.0213	0.21138	1.19033	4.79831	15.26847	40.48888
0.4	-4.9	0.02383	0.23168	1.28153	5.08189	15.92336	41.61109
0.4	-4.85	0.02667	0.2538	1.37869	5.37705	16.5873	42.70849
0.4	-4.8	0.02984	0.27788	1.48206	5.6837	17.25857	43.776
0.4	-4.75	0.03337	0.30409	1.5919	6.00172	17.93524	44.80838
0.4	-4.7	0.03732	0.33259	1.70847	6.33085	18.61521	45.80024
0.4	-4.65	0.04173	0.36354	1.83201	6.67078	19.2962	46.74607
0.4	-4.6	0.04664	0.39714	1.96274	7.02109	19.97572	47.64027
0.4	-4.55	0.05211	0.43357	2.10087	7.38127	20.65108	48.4772
0.4	-4.5	0.05822	0.47304	2.2466	7.75067	21.31944	49.25117
0.4	-4.45	0.06502	0.51575	2.40007	8.12854	21.97775	49.95656
0.4	-4.4	0.0726	0.56192	2.56141	8.51401	22.6228	50.58782
0.4	-4.35	0.08104	0.61177	2.73072	8.90604	23.25122	51.13949
0.4	-4.3	0.09043	0.66553	2.90803	9.30349	23.85948	51.60635
0.4	-4.25	0.10087	0.72344	3.09334	9.70506	24.44393	51.98338
0.4	-4.2	0.11248	0.78572	3.28658	10.10927	25.00082	52.26586
0.4	-4.15	0.12539	0.85261	3.48762	10.51454	25.5263	52.44945
0.4	-4.1	0.13971	0.92436	3.69624	10.91908	26.01647	52.5302
0.4	-4.05	0.15558	1.00117	3.91217	11.32099	26.4674	52.50465
0.4	-4.	0.17318	1.08328	4.13503	11.71817	26.87517	52.3699
0.4	-3.95	0.19268	1.17088	4.36434	12.10842	27.23591	52.12362
0.4	-3.9	0.21424	1.26417	4.59951	12.48935	27.54585	51.76417
0.4	-3.85	0.23805	1.36332	4.83985	12.85847	27.80133	51.29059
0.4	-3.8	0.26433	1.46845	5.08454	13.21315	27.99889	50.70273
0.4	-3.75	0.29329	1.57967	5.33262	13.55065	28.13531	50.00119
0.4	-3.7	0.32519	1.69705	5.58301	13.86818	28.20763	49.18744
0.4	-3.65	0.36027	1.82058	5.83448	14.16286	28.21326	48.2638
0.4	-3.6	0.39877	1.9502	6.08565	14.43177	28.14997	47.23349
0.4	-3.55	0.44097	2.0858	6.33501	14.672	28.016	46.10061
0.4	-3.5	0.48714	2.22716	6.58087	14.88069	27.81007	44.87014
0.4	-3.45	0.53756	2.37399	6.82145	15.05503	27.53145	43.54792
0.4	-3.4	0.59252	2.52587	7.05478	15.19234	27.17999	42.14062
0.4	-3.35	0.65229	2.68228	7.27881	15.2901	26.75617	40.65573
0.4	-3.3	0.71711	2.84256	7.49135	15.34599	26.26112	39.10138
0.4	-3.25	0.78719	3.00593	7.69013	15.35798	25.69667	37.48645
0.4	-3.2	0.86274	3.17144	7.87282	15.32433	25.06529	35.82027
0.4	-3.15	0.94391	3.338	8.03703	15.24369	24.37018	34.11274
0.4	-3.1	1.03084	3.50434	8.1804	15.11511	23.61523	32.37402
0.4	-3.05	1.12353	3.66901	8.30059	14.93811	22.80495	30.61453
0.4	-3.	1.22192	3.83041	8.39534	14.71271	21.94448	28.84475
0.4	-2.95	1.32581	3.98675	8.46255	14.4395	21.03952	27.07514
0.4	-2.9	1.43486	4.13611	8.5003	14.1196	20.09628	25.31602
0.4	-2.85	1.54854	4.27641	8.50694	13.75473	19.12136	23.5773
0.4	-2.8	1.66616	4.40548	8.48112	13.3472	18.12171	21.86855
0.4	-2.75	1.7868	4.52109	8.42187	12.89988	17.10446	20.19869
0.4	-2.7	1.9092	4.62097	8.32868	12.41618	16.0769	18.57604
0.4	-2.65	2.03183	4.70294	8.2015	11.90002	15.04626	17.00806
0.4	-2.6	2.15282	4.76495	8.04079	11.35573	14.0197	15.50145
0.4	-2.55	2.2701	4.80519	7.84758	10.788	13.00409	14.06191
0.4	-2.5	2.38143	4.82215	7.6234	10.20181	12.006	12.69421
0.4	-2.45	2.48449	4.8147	7.37033	9.6023	11.03156	11.40219
0.4	-2.4	2.57677	4.78216	7.09091	8.99464	10.08634	10.18862
0.4	-2.35	2.65588	4.72437	6.78811	8.38402	9.17537	9.05539
0.4	-2.3	2.71963	4.64174	6.46525	7.77544	8.30298	8.00336
0.4	-2.25	2.76613	4.53521	6.12589	7.17371	7.47287	7.0326
0.4	-2.2	2.79429	4.40624	5.77372	6.58331	6.68804	6.14229
0.4	-2.15	2.80376	4.25663	5.41251	6.00836	5.95076	5.33089
0.4	-2.1	2.79426	4.0885	5.04599	5.45257	5.26263	4.59614
0.4	-2.05	2.766	3.90421	4.67781	4.91916	4.62459	3.93524
0.4	-2.	2.71967	3.70635	4.31146	4.41092	4.03697	3.34486
0.4	-1.95	2.65608	3.4976	3.9502	3.93008	3.49945	2.82123
0.4	-1.9	2.57661	3.28074	3.59704	3.47843	3.01125	2.3603
0.4	-1.85	2.48316	3.05847	3.25464	3.05723	2.57106	1.95773
0.4	-1.8	2.37723	2.8334	2.92538	2.66731	2.17717	1.60904
0.4	-1.75	2.2606	2.60805	2.61126	2.30903	1.82751	1.30965
0.4	-1.7	2.13522	2.38483	2.31394	1.98234	1.5197	1.05499
0.4	-1.65	2.00317	2.1659	2.03471	1.68683	1.25114	0.8405
0.4	-1.6	1.86677	1.95319	1.77451	1.42176	1.01903	0.66176
0.4	-1.55	1.72822	1.74828	1.53395	1.1861	0.82046	0.5145
0.4	-1.5	1.58911	1.55246	1.31337	0.97856	0.65242	0.39464
0.4	-1.45	1.45109	1.3668	1.11286	0.79768	0.51192	0.29837
0.4	-1.4	1.31536	1.19214	0.93228	0.64178	0.39593	0.22213
0.4	-1.35	1.1829	1.02915	0.77129	0.50906	0.30151	0.16266
0.4	-1.3	1.05472	0.87834	0.62935	0.39758	0.22581	0.11704
0.4	-1.25	0.93163	0.74005	0.50577	0.30534	0.16611	0.08264
0.4	-1.2	0.81401	0.61451	0.39966	0.23027	0.11988	0.05719
0.4	-1.15	0.70223	0.5019	0.31003	0.17028	0.08475	0.03875
0.4	-1.1	0.59656	0.40233	0.2357	0.12328	0.05862	0.02566
0.4	-1.05	0.49743	0.31585	0.17532	0.08727	0.03961	0.01658
0.4	-1.	0.40583	0.24237	0.12739	0.0603	0.0261	0.01044
0.4	-0.95	0.32315	0.18146	0.09027	0.0406	0.01674	0.00639
0.4	-0.9	0.25058	0.13235	0.06228	0.02659	0.01043	0.0038
0.4	-0.85	0.18894	0.09388	0.04176	0.0169	0.0063	0.00218
0.4	-0.8	0.13838	0.06464	0.02714	0.0104	0.00368	0.00121
0.4	-0.75	0.09825	0.0431	0.01705	0.00617	0.00207	0.00065
0.4	-0.7	0.06745	0.02775	0.01032	0.00352	0.00112	0.00033
0.4	-0.65	0.04469	0.01718	0.006	0.00193	0.00058	0.00016
0.4	-0.6	0.02841	0.01019	0.00333	0.00101	0.00029	0.00008
0.4	-0.55	0.01726	0.00575	0.00176	0.0005	0.00013	0.00003
0.4	-0.5	0.00995	0.00307	0.00088	0.00024	0.00006	0.00001
0.4	-0.45	0.00539	0.00154	0.00041	0.00011	0.00003	0.00000
0.4	-0.4	0.00272	0.00073	0.00018	0.00004	0.00001	0.00000
0.4	-0.35	0.00129	0.00032	0.00008	0.00002	0.00000	0.00000
0.4	-0.3	0.00057	0.00014	0.00003	0.00000	0.00000	0.00000
0.4	-0.25	0.00024	0.00005	0.00001	0.00000	0.00000	0.00000
0.4	-0.2	0.00009	0.00002	0.00000	0.00000	0.00000	0.00000
0.4	-0.15	0.00004	0.00000	0.00000	0.00000	0.00000	0.00000
0.4	-0.1	0.00001	0.00000	0.00000	0.00000	0.00000	0.00000
0.4	-0.05	0.00000	0.00000	0.00000	0.00000	0.00000	0.00000
0.4	0.00	0.00000	0.00000	0.00000	0.00000	0.00000	0.00000
0.3	-8.9	0.00000	0.00007	0.00103	0.00981	0.07165	0.42501
0.3	-8.85	0.00000	0.00008	0.00113	0.01074	0.07789	0.45862
0.3	-8.8	0.00000	0.00009	0.00125	0.01177	0.08465	0.49475
0.3	-8.75	0.00000	0.0001	0.00138	0.01288	0.09197	0.53356
0.3	-8.7	0.00000	0.00011	0.00152	0.0141	0.0999	0.57525
0.3	-8.65	0.00000	0.00012	0.00168	0.01543	0.10849	0.62
0.3	-8.6	0.00000	0.00014	0.00185	0.01688	0.11778	0.66803
0.3	-8.55	0.00000	0.00015	0.00204	0.01847	0.12784	0.71957
0.3	-8.5	0.00000	0.00017	0.00225	0.0202	0.13873	0.77483
0.3	-8.45	0.00000	0.00019	0.00248	0.02209	0.15049	0.83407
0.3	-8.4	0.00000	0.00021	0.00273	0.02415	0.16322	0.89755
0.3	-8.35	0.00000	0.00024	0.00301	0.02639	0.17697	0.96554
0.3	-8.3	0.00001	0.00026	0.00332	0.02884	0.19182	1.03833
0.3	-8.25	0.00001	0.00029	0.00366	0.03151	0.20787	1.11624
0.3	-8.2	0.00001	0.00032	0.00403	0.03441	0.22519	1.19957
0.3	-8.15	0.00002	0.00036	0.00444	0.03758	0.24388	1.28868
0.3	-8.1	0.00002	0.0004	0.00489	0.04103	0.26405	1.38391
0.3	-8.05	0.00002	0.00044	0.00538	0.04478	0.2858	1.48565
0.3	-8.	0.00002	0.00049	0.00592	0.04887	0.30924	1.59427
0.3	-7.95	0.00002	0.00055	0.00652	0.05332	0.33451	1.71021
0.3	-7.9	0.00003	0.00061	0.00717	0.05815	0.36172	1.83388
0.3	-7.85	0.00003	0.00067	0.00789	0.06341	0.39103	1.96574
0.3	-7.8	0.00003	0.00075	0.00868	0.06913	0.42257	2.10626
0.3	-7.75	0.00004	0.00083	0.00955	0.07534	0.4565	2.25593
0.3	-7.7	0.00004	0.00092	0.0105	0.08209	0.49299	2.41525
0.3	-7.65	0.00005	0.00103	0.01154	0.08942	0.53221	2.58477
0.3	-7.6	0.00005	0.00114	0.01269	0.09737	0.57436	2.76504
0.3	-7.55	0.00006	0.00126	0.01394	0.10601	0.61962	2.95662
0.3	-7.5	0.00007	0.0014	0.01532	0.11537	0.66821	3.16012
0.3	-7.45	0.00008	0.00156	0.01683	0.12553	0.72035	3.37614
0.3	-7.4	0.00009	0.00173	0.01848	0.13654	0.77626	3.60532
0.3	-7.35	0.0001	0.00191	0.02029	0.14848	0.83619	3.84831
0.3	-7.3	0.00011	0.00212	0.02228	0.1614	0.9004	4.10578
0.3	-7.25	0.00012	0.00235	0.02445	0.17539	0.96916	4.37842
0.3	-7.2	0.00013	0.00261	0.02683	0.19054	1.04276	4.66693
0.3	-7.15	0.00015	0.00289	0.02943	0.20693	1.12148	4.97204
0.3	-7.1	0.00017	0.00321	0.03228	0.22465	1.20564	5.29448
0.3	-7.05	0.00019	0.00356	0.03539	0.24381	1.29557	5.63498
0.3	-7.	0.00021	0.00394	0.0388	0.26451	1.39161	5.9943
0.3	-6.95	0.00024	0.00437	0.04252	0.28687	1.4941	6.37321
0.3	-6.9	0.00027	0.00484	0.04659	0.311	1.60343	6.77246
0.3	-6.85	0.0003	0.00536	0.05103	0.33704	1.71997	7.19282
0.3	-6.8	0.00034	0.00594	0.05588	0.36513	1.84412	7.63505
0.3	-6.75	0.00038	0.00657	0.06117	0.3954	1.97628	8.09992
0.3	-6.7	0.00042	0.00728	0.06695	0.42802	2.1169	8.58816
0.3	-6.65	0.00048	0.00806	0.07325	0.46314	2.2664	9.10051
0.3	-6.6	0.00053	0.00892	0.08012	0.50095	2.42524	9.63768
0.3	-6.55	0.0006	0.00987	0.0876	0.54161	2.59387	10.20037
0.3	-6.5	0.00067	0.01092	0.09576	0.58533	2.77277	10.78922
0.3	-6.45	0.00075	0.01207	0.10464	0.6323	2.96242	11.40486
0.3	-6.4	0.00084	0.01335	0.11431	0.68274	3.16332	12.04786
0.3	-6.35	0.00094	0.01477	0.12483	0.73687	3.37595	12.71875
0.3	-6.3	0.00106	0.01633	0.13628	0.79492	3.60082	13.41801
0.3	-6.25	0.00118	0.01804	0.14871	0.85715	3.83844	14.14602
0.3	-6.2	0.00133	0.01994	0.16223	0.92379	4.0893	14.90312
0.3	-6.15	0.00149	0.02203	0.17691	0.99513	4.35392	15.68955
0.3	-6.1	0.00167	0.02433	0.19284	1.07144	4.63278	16.50546
0.3	-6.05	0.00187	0.02687	0.21013	1.153	4.92637	17.3509
0.3	-6.	0.0021	0.02967	0.22888	1.24012	5.23518	18.2258
0.3	-5.95	0.00235	0.03275	0.2492	1.33309	5.55966	19.12998
0.3	-5.9	0.00264	0.03614	0.2712	1.43225	5.90024	20.0631
0.3	-5.85	0.00296	0.03986	0.29503	1.5379	6.25736	21.02471
0.3	-5.8	0.00331	0.04397	0.32081	1.6504	6.63138	22.01419
0.3	-5.75	0.00371	0.04847	0.34869	1.77006	7.02266	23.03073
0.3	-5.7	0.00416	0.05343	0.37881	1.89725	7.4315	24.07339
0.3	-5.65	0.00466	0.05887	0.41134	2.03231	7.85817	25.14099
0.3	-5.6	0.00522	0.06485	0.44644	2.17559	8.30287	26.23219
0.3	-5.55	0.00585	0.07142	0.4843	2.32743	8.76575	27.34543
0.3	-5.5	0.00656	0.07862	0.5251	2.48821	9.24688	28.47892
0.3	-5.45	0.00735	0.08652	0.56903	2.65825	9.74626	29.63065
0.3	-5.4	0.00823	0.09518	0.61631	2.83789	10.2638	30.79838
0.3	-5.35	0.00922	0.10467	0.66714	3.02748	10.79933	31.97961
0.3	-5.3	0.01032	0.11507	0.72175	3.22731	11.35258	33.17161
0.3	-5.25	0.01156	0.12644	0.78036	3.4377	11.92314	34.37138
0.3	-5.2	0.01294	0.13889	0.84322	3.65892	12.51052	35.57568
0.3	-5.15	0.01449	0.15249	0.91057	3.89122	13.11409	36.78099
0.3	-5.1	0.01622	0.16736	0.98267	4.13483	13.73306	37.98354
0.3	-5.05	0.01815	0.1836	1.05977	4.38993	14.36652	39.17932
0.3	-5.	0.02031	0.20131	1.14214	4.65667	15.01342	40.36405
0.3	-4.95	0.02273	0.22064	1.23003	4.93515	15.6725	41.53321
0.3	-4.9	0.02543	0.24169	1.32372	5.22542	16.34238	42.68207
0.3	-4.85	0.02844	0.26462	1.42348	5.52745	17.02149	43.80566
0.3	-4.8	0.0318	0.28958	1.52957	5.84118	17.70805	44.89883
0.3	-4.75	0.03555	0.31671	1.64224	6.16644	18.40014	45.95622
0.3	-4.7	0.03974	0.34618	1.76175	6.503	19.09561	46.97236
0.3	-4.65	0.0444	0.37818	1.88834	6.85053	19.79214	47.94162
0.3	-4.6	0.0496	0.41287	2.02224	7.20861	20.48722	48.8583
0.3	-4.55	0.05539	0.45046	2.16365	7.57671	21.17812	49.71662
0.3	-4.5	0.06184	0.49115	2.31275	7.95419	21.86194	50.51079
0.3	-4.45	0.06902	0.53514	2.46971	8.34029	22.53561	51.23506
0.3	-4.4	0.077	0.58265	2.63465	8.73411	23.19585	51.88375
0.3	-4.35	0.08589	0.6339	2.80766	9.13463	23.83925	52.45128
0.3	-4.3	0.09576	0.68912	2.98877	9.54068	24.46223	52.93226
0.3	-4.25	0.10673	0.74854	3.17797	9.95094	25.06108	53.32158
0.3	-4.2	0.11889	0.81239	3.37521	10.36396	25.63197	53.61434
0.3	-4.15	0.13239	0.8809	3.58034	10.77811	26.17099	53.80609
0.3	-4.1	0.14734	0.95431	3.79316	11.19161	26.67417	53.89271
0.3	-4.05	0.16389	1.03284	4.01338	11.60251	27.13748	53.87063
0.3	-4.	0.18219	1.11669	4.24062	12.00874	27.55694	53.73681
0.3	-3.95	0.20241	1.20609	4.47442	12.40804	27.92858	53.48879
0.3	-3.9	0.22472	1.3012	4.71418	12.79802	28.24851	53.1248
0.3	-3.85	0.24933	1.40221	4.95923	13.17615	28.513	52.64378
0.3	-3.8	0.27643	1.50923	5.20873	13.53977	28.71846	52.04548
0.3	-3.75	0.30624	1.62237	5.46175	13.88612	28.86154	51.33041
0.3	-3.7	0.33897	1.74168	5.71721	14.21234	28.9392	50.5
0.3	-3.65	0.37489	1.86718	5.97389	14.51551	28.9487	49.5565
0.3	-3.6	0.41422	1.99882	6.23041	14.79266	28.88769	48.50314
0.3	-3.55	0.45722	2.13647	6.48527	15.04081	28.75429	47.34401
0.3	-3.5	0.50414	2.27995	6.73681	15.25701	28.54711	46.08415
0.3	-3.45	0.55524	2.42897	6.98322	15.43836	28.26529	44.72947
0.3	-3.4	0.61079	2.58315	7.22256	15.58209	27.90857	43.28674
0.3	-3.35	0.67105	2.74201	7.45274	15.68556	27.47736	41.76362
0.3	-3.3	0.73628	2.90493	7.67156	15.74634	26.9727	40.16844
0.3	-3.25	0.80674	3.07116	7.87671	15.76226	26.39636	38.51029
0.3	-3.2	0.88262	3.2398	8.06583	15.73146	25.7508	36.7988
0.3	-3.15	0.96408	3.40978	8.23645	15.65242	25.03922	35.04414
0.3	-3.1	1.05125	3.5799	8.38613	15.52408	24.26552	33.25683
0.3	-3.05	1.14426	3.74875	8.51243	15.34582	23.43432	31.44768
0.3	-3.	1.24309	3.91475	8.61297	15.11755	22.55085	29.62753
0.3	-2.95	1.34767	4.07612	8.6855	14.83972	21.62097	27.80726
0.3	-2.9	1.45776	4.2309	8.72794	14.51342	20.6511	25.9976
0.3	-2.85	1.5729	4.377	8.73847	14.14029	19.64807	24.20888
0.3	-2.8	1.6925	4.51217	8.71555	13.72264	18.61911	22.45107
0.3	-2.75	1.81576	4.63406	8.65805	13.26337	17.57166	20.73345
0.3	-2.7	1.9415	4.74028	8.56527	12.76599	16.51334	19.0647
0.3	-2.65	2.06829	4.82844	8.43699	12.23452	15.45171	17.45257
0.3	-2.6	2.19435	4.89629	8.27358	11.67351	14.3943	15.90402
0.3	-2.55	2.31761	4.94173	8.07595	11.08787	13.34833	14.42495
0.3	-2.5	2.43571	4.96297	7.84565	10.48284	12.32066	13.02027
0.3	-2.45	2.54607	4.95859	7.58477	9.86387	11.31773	11.69391
0.3	-2.4	2.64593	4.92768	7.29599	9.23648	10.34535	10.44866
0.3	-2.35	2.73249	4.86987	6.98247	8.60617	9.40876	9.28639
0.3	-2.3	2.80307	4.78543	6.64777	7.97825	8.51242	8.20789
0.3	-2.25	2.85533	4.6753	6.29576	7.35782	7.66013	7.2131
0.3	-2.2	2.88779	4.54103	5.93048	6.7496	6.8549	6.3011
0.3	-2.15	2.89982	4.38461	5.55602	6.15791	6.099	5.47017
0.3	-2.1	2.89088	4.20841	5.17644	5.58655	5.39396	4.7179
0.3	-2.05	2.86101	4.01517	4.7957	5.03885	4.74063	4.0413
0.3	-2.	2.81091	3.8079	4.41752	4.51757	4.13922	3.4369
0.3	-1.95	2.74172	3.58972	4.0453	4.02491	3.5893	2.90077
0.3	-1.9	2.65546	3.3638	3.68212	3.5626	3.08997	2.42872
0.3	-1.85	2.55486	3.13308	3.33064	3.13179	2.63978	2.01628
0.3	-1.8	2.44195	2.90027	2.9932	2.73321	2.23694	1.65886
0.3	-1.75	2.31876	2.66792	2.67171	2.36713	1.87925	1.35176
0.3	-1.7	2.1874	2.43839	2.36777	2.03343	1.56427	1.09033
0.3	-1.65	2.04989	2.21379	2.08258	1.7316	1.2893	0.86992
0.3	-1.6	1.90849	1.99601	1.81703	1.46083	1.05149	0.68604
0.3	-1.55	1.76546	1.78657	1.57165	1.22003	0.84785	0.53433
0.3	-1.5	1.62241	1.58672	1.34671	1.00786	0.67534	0.41066
0.3	-1.45	1.48085	1.39747	1.14226	0.82281	0.5309	0.31116
0.3	-1.4	1.34203	1.21958	0.9581	0.66315	0.41147	0.2322
0.3	-1.35	1.20685	1.0537	0.79384	0.52706	0.31408	0.17048
0.3	-1.3	1.07621	0.90027	0.64892	0.41256	0.23583	0.123
0.3	-1.25	0.95097	0.75962	0.52259	0.31765	0.17397	0.08712
0.3	-1.2	0.83154	0.63193	0.41398	0.24023	0.12593	0.06049
0.3	-1.15	0.71826	0.51731	0.32204	0.17819	0.08933	0.04112
0.3	-1.1	0.61135	0.41582	0.24559	0.12945	0.06201	0.02734
0.3	-1.05	0.51108	0.32749	0.18331	0.09197	0.04206	0.01774
0.3	-1.	0.41831	0.2522	0.1337	0.0638	0.02783	0.01122
0.3	-0.95	0.33438	0.18956	0.09513	0.04314	0.01793	0.0069
0.3	-0.9	0.26036	0.13882	0.06592	0.02839	0.01123	0.00412
0.3	-0.85	0.19716	0.09891	0.04441	0.01813	0.00682	0.00238
0.3	-0.8	0.14505	0.06844	0.02902	0.01122	0.004	0.00133
0.3	-0.75	0.1035	0.04589	0.01834	0.0067	0.00226	0.00071
0.3	-0.7	0.07148	0.02972	0.01117	0.00385	0.00123	0.00037
0.3	-0.65	0.04765	0.01853	0.00654	0.00212	0.00064	0.00018
0.3	-0.6	0.03051	0.01107	0.00366	0.00112	0.00032	0.00009
0.3	-0.55	0.01869	0.0063	0.00195	0.00056	0.00015	0.00004
0.3	-0.5	0.01087	0.0034	0.00098	0.00027	0.00007	0.00002
0.3	-0.45	0.00595	0.00173	0.00047	0.00012	0.00003	0.00000
0.3	-0.4	0.00304	0.00082	0.00021	0.00005	0.00001	0.00000
0.3	-0.35	0.00145	0.00037	0.00009	0.00002	0.00000	0.00000
0.3	-0.3	0.00065	0.00016	0.00004	0.00000	0.00000	0.00000
0.3	-0.25	0.00027	0.00006	0.00001	0.00000	0.00000	0.00000
0.3	-0.2	0.00011	0.00002	0.00000	0.00000	0.00000	0.00000
0.3	-0.15	0.00004	0.00000	0.00000	0.00000	0.00000	0.00000
0.3	-0.1	0.00002	0.00000	0.00000	0.00000	0.00000	0.00000
0.3	-0.05	0.00000	0.00000	0.00000	0.00000	0.00000	0.00000
0.3	0.00	0.00000	0.00000	0.00000	0.00000	0.00000	0.00000
0.2	-8.9	0.00000	0.00009	0.00123	0.01145	0.08199	0.47847
0.2	-8.85	0.00000	0.0001	0.00135	0.01253	0.08907	0.51598
0.2	-8.8	0.00000	0.00011	0.00149	0.01371	0.09674	0.55626
0.2	-8.75	0.00000	0.00012	0.00164	0.015	0.10504	0.5995
0.2	-8.7	0.00000	0.00014	0.00181	0.01641	0.11402	0.64592
0.2	-8.65	0.00000	0.00015	0.002	0.01795	0.12374	0.69571
0.2	-8.6	0.00000	0.00017	0.0022	0.01963	0.13426	0.74911
0.2	-8.55	0.00000	0.00019	0.00243	0.02146	0.14563	0.80635
0.2	-8.5	0.00000	0.00021	0.00268	0.02345	0.15792	0.86768
0.2	-8.45	0.00000	0.00023	0.00295	0.02563	0.1712	0.93338
0.2	-8.4	0.00001	0.00026	0.00325	0.028	0.18554	1.00372
0.2	-8.35	0.00001	0.00029	0.00358	0.03059	0.20103	1.079
0.2	-8.3	0.00001	0.00032	0.00394	0.0334	0.21776	1.15954
0.2	-8.25	0.00002	0.00036	0.00434	0.03647	0.2358	1.24565
0.2	-8.2	0.00002	0.0004	0.00478	0.03981	0.25527	1.33769
0.2	-8.15	0.00002	0.00044	0.00526	0.04344	0.27626	1.43602
0.2	-8.1	0.00002	0.00049	0.00579	0.04739	0.29889	1.54102
0.2	-8.05	0.00002	0.00054	0.00637	0.05169	0.32327	1.6531
0.2	-8.	0.00003	0.0006	0.00701	0.05637	0.34952	1.77266
0.2	-7.95	0.00003	0.00067	0.00771	0.06145	0.3778	1.90016
0.2	-7.9	0.00003	0.00074	0.00847	0.06698	0.40822	2.03604
0.2	-7.85	0.00004	0.00082	0.00932	0.07298	0.44095	2.18079
0.2	-7.8	0.00004	0.00091	0.01024	0.0795	0.47615	2.3349
0.2	-7.75	0.00005	0.00101	0.01126	0.08658	0.51398	2.4989
0.2	-7.7	0.00005	0.00112	0.01237	0.09427	0.55463	2.67332
0.2	-7.65	0.00006	0.00125	0.01359	0.1026	0.59828	2.85872
0.2	-7.6	0.00007	0.00138	0.01493	0.11164	0.64514	3.05569
0.2	-7.55	0.00008	0.00154	0.0164	0.12144	0.69541	3.26484
0.2	-7.5	0.00009	0.0017	0.018	0.13207	0.74932	3.48677
0.2	-7.45	0.0001	0.00189	0.01976	0.14358	0.80711	3.72213
0.2	-7.4	0.00011	0.00209	0.02169	0.15604	0.86903	3.97159
0.2	-7.35	0.00012	0.00232	0.02379	0.16953	0.93533	4.23583
0.2	-7.3	0.00014	0.00257	0.0261	0.18413	1.00629	4.51553
0.2	-7.25	0.00015	0.00285	0.02862	0.19993	1.0822	4.81141
0.2	-7.2	0.00017	0.00316	0.03138	0.217	1.16335	5.12421
0.2	-7.15	0.00019	0.0035	0.0344	0.23546	1.25008	5.45466
0.2	-7.1	0.00022	0.00388	0.0377	0.25539	1.34269	5.80351
0.2	-7.05	0.00024	0.0043	0.0413	0.27692	1.44155	6.17153
0.2	-7.	0.00027	0.00476	0.04523	0.30016	1.547	6.55949
0.2	-6.95	0.0003	0.00527	0.04953	0.32522	1.65941	6.96815
0.2	-6.9	0.00034	0.00584	0.05422	0.35225	1.77919	7.3983
0.2	-6.85	0.00038	0.00646	0.05934	0.38138	1.90672	7.85071
0.2	-6.8	0.00043	0.00715	0.06492	0.41276	2.04242	8.32615
0.2	-6.75	0.00048	0.00792	0.071	0.44654	2.18672	8.82536
0.2	-6.7	0.00054	0.00876	0.07763	0.48289	2.34007	9.34911
0.2	-6.65	0.0006	0.00969	0.08485	0.52199	2.5029	9.89811
0.2	-6.6	0.00068	0.01072	0.09272	0.56402	2.6757	10.47306
0.2	-6.55	0.00076	0.01185	0.10128	0.60917	2.85893	11.07463
0.2	-6.5	0.00085	0.0131	0.1106	0.65765	3.05309	11.70346
0.2	-6.45	0.00095	0.01448	0.12073	0.70967	3.25865	12.36015
0.2	-6.4	0.00107	0.016	0.13175	0.76546	3.47613	13.04523
0.2	-6.35	0.0012	0.01768	0.14372	0.82525	3.70602	13.75919
0.2	-6.3	0.00134	0.01953	0.15672	0.88929	3.94883	14.50245
0.2	-6.25	0.0015	0.02156	0.17084	0.95783	4.20507	15.27537
0.2	-6.2	0.00168	0.0238	0.18615	1.03114	4.47525	16.07821
0.2	-6.15	0.00189	0.02627	0.20276	1.1095	4.75986	16.91115
0.2	-6.1	0.00212	0.02899	0.22076	1.19319	5.05939	17.77426
0.2	-6.05	0.00237	0.03198	0.24027	1.28252	5.37433	18.66751
0.2	-6.	0.00266	0.03527	0.26138	1.37779	5.70513	19.59075
0.2	-5.95	0.00298	0.03889	0.28423	1.47932	6.05224	20.54369
0.2	-5.9	0.00334	0.04287	0.30895	1.58742	6.41608	21.52591
0.2	-5.85	0.00374	0.04724	0.33566	1.70244	6.79704	22.53684
0.2	-5.8	0.00419	0.05204	0.36451	1.82471	7.19548	23.57572
0.2	-5.75	0.00469	0.0573	0.39566	1.95457	7.61171	24.64166
0.2	-5.7	0.00526	0.06309	0.42926	2.09237	8.04601	25.73356
0.2	-5.65	0.00589	0.06943	0.46548	2.23846	8.49858	26.85011
0.2	-5.6	0.00659	0.07638	0.50449	2.39319	8.9696	27.98984
0.2	-5.55	0.00738	0.084	0.54649	2.5569	9.45914	29.15102
0.2	-5.5	0.00826	0.09234	0.59167	2.72993	9.96724	30.33172
0.2	-5.45	0.00925	0.10147	0.64023	2.91263	10.49382	31.52978
0.2	-5.4	0.01035	0.11147	0.69239	3.10532	11.03874	32.7428
0.2	-5.35	0.01159	0.1224	0.74835	3.30831	11.60175	33.96811
0.2	-5.3	0.01296	0.13434	0.80835	3.5219	12.1825	35.20282
0.2	-5.25	0.0145	0.14739	0.87262	3.74638	12.78051	36.44377
0.2	-5.2	0.01622	0.16163	0.94141	3.98198	13.39519	37.68754
0.2	-5.15	0.01814	0.17717	1.01495	4.22894	14.02582	38.93046
0.2	-5.1	0.02028	0.19411	1.09351	4.48744	14.67155	40.16861
0.2	-5.05	0.02267	0.21256	1.17733	4.75764	15.33135	41.3978
0.2	-5.	0.02534	0.23265	1.26668	5.03965	16.00407	42.61361
0.2	-4.95	0.02832	0.2545	1.36181	5.33351	16.68838	43.81137
0.2	-4.9	0.03163	0.27825	1.46298	5.63924	17.38277	44.98621
0.2	-4.85	0.03533	0.30405	1.57044	5.95676	18.08557	46.133
0.2	-4.8	0.03944	0.33204	1.68446	6.28594	18.79493	47.24649
0.2	-4.75	0.04401	0.36239	1.80526	6.62658	19.50881	48.3212
0.2	-4.7	0.0491	0.39527	1.93309	6.97838	20.22497	49.35153
0.2	-4.65	0.05476	0.43085	2.06816	7.34095	20.94099	50.33177
0.2	-4.6	0.06105	0.46931	2.21066	7.7138	21.65427	51.25611
0.2	-4.55	0.06804	0.51085	2.36078	8.09636	22.36201	52.11871
0.2	-4.5	0.07579	0.55566	2.51868	8.48791	23.06122	52.91371
0.2	-4.45	0.08439	0.60395	2.68447	8.88763	23.74873	53.6353
0.2	-4.4	0.09392	0.65592	2.85825	9.29457	24.42123	54.27774
0.2	-4.35	0.10447	0.71178	3.04006	9.70764	25.07522	54.83544
0.2	-4.3	0.11613	0.77176	3.2299	10.12562	25.70707	55.30298
0.2	-4.25	0.12903	0.83605	3.42772	10.54714	26.31301	55.67522
0.2	-4.2	0.14328	0.90488	3.63341	10.97069	26.88917	55.94729
0.2	-4.15	0.15899	0.97846	3.8468	11.3946	27.4316	56.11472
0.2	-4.1	0.17631	1.05699	4.06763	11.81704	27.93629	56.17342
0.2	-4.05	0.19537	1.14066	4.29559	12.23605	28.39921	56.11985
0.2	-4.	0.21632	1.22966	4.53024	12.64951	28.81633	55.95101
0.2	-3.95	0.23932	1.32417	4.7711	13.05513	29.18365	55.66447
0.2	-3.9	0.26453	1.42432	5.01754	13.45052	29.4973	55.25854
0.2	-3.85	0.29213	1.53025	5.26884	13.83312	29.7535	54.73223
0.2	-3.8	0.32231	1.64206	5.52418	14.20028	29.94867	54.08536
0.2	-3.75	0.35526	1.75981	5.78258	14.54921	30.07945	53.31853
0.2	-3.7	0.39117	1.88352	6.04297	14.87705	30.14277	52.43328
0.2	-3.65	0.43025	2.01318	6.30413	15.18087	30.13588	51.432
0.2	-3.6	0.4727	2.1487	6.56469	15.4577	30.05644	50.31804
0.2	-3.55	0.51873	2.28996	6.82316	15.70456	29.90254	49.09567
0.2	-3.5	0.56857	2.43674	7.07789	15.91846	29.67278	47.77011
0.2	-3.45	0.62241	2.58878	7.3271	16.0965	29.3663	46.34748
0.2	-3.4	0.68049	2.7457	7.56887	16.23586	28.98284	44.83479
0.2	-3.35	0.74302	2.90704	7.80113	16.33387	28.52281	43.23997
0.2	-3.3	0.81023	3.07221	8.02171	16.38805	27.98728	41.57162
0.2	-3.25	0.88232	3.24051	8.22831	16.39616	27.37805	39.83918
0.2	-3.2	0.95951	3.41111	8.41854	16.35628	26.69764	38.05261
0.2	-3.15	1.04199	3.58302	8.58995	16.26682	25.94933	36.22247
0.2	-3.1	1.12997	3.75506	8.74004	16.12663	25.13713	34.35969
0.2	-3.05	1.22353	3.9259	8.86631	15.93502	24.2658	32.47547
0.2	-3.	1.3227	4.09402	8.96633	15.69183	23.34075	30.58112
0.2	-2.95	1.4275	4.25769	9.03773	15.39746	22.36806	28.68793
0.2	-2.9	1.5378	4.41502	9.07831	15.05294	21.35439	26.80708
0.2	-2.85	1.65335	4.5639	9.0861	14.65992	20.30687	24.94931
0.2	-2.8	1.7737	4.70205	9.05941	14.22074	19.23305	23.12499
0.2	-2.75	1.89817	4.82706	8.99692	13.73836	18.14072	21.34377
0.2	-2.7	2.02582	4.93641	8.89777	13.21642	17.03788	19.61464
0.2	-2.65	2.15541	5.02753	8.7616	12.65912	15.93247	17.94561
0.2	-2.6	2.28528	5.09789	8.58865	12.07124	14.83239	16.34387
0.2	-2.55	2.41327	5.14512	8.37978	11.45798	13.74522	14.81542
0.2	-2.5	2.53697	5.16711	8.13651	10.82491	12.67816	13.36527
0.2	-2.45	2.65361	5.16213	7.86106	10.17783	11.63794	11.99734
0.2	-2.4	2.76007	5.12894	7.55624	9.52264	10.63059	10.71435
0.2	-2.35	2.85304	5.06697	7.22549	8.86521	9.66151	9.51804
0.2	-2.3	2.92927	4.97636	6.87269	8.2112	8.73527	8.40906
0.2	-2.25	2.98569	4.85807	6.50211	7.56599	7.85571	7.38712
0.2	-2.2	3.02017	4.71384	6.11818	6.93454	7.02579	6.45107
0.2	-2.15	3.03172	4.54601	5.72542	6.32133	6.24771	5.59894
0.2	-2.1	3.01976	4.35741	5.32823	5.73026	5.52287	4.82807
0.2	-2.05	2.98457	4.15125	4.93083	5.16465	4.85197	4.13521
0.2	-2.	2.9272	3.931	4.53714	4.62726	4.23504	3.51666
0.2	-1.95	2.84936	3.70021	4.15068	4.12019	3.67149	2.96826
0.2	-1.9	2.7539	3.46235	3.77454	3.64506	3.16021	2.48559
0.2	-1.85	2.64411	3.22049	3.41138	3.20292	2.69961	2.064
0.2	-1.8	2.52217	2.97742	3.06345	2.79436	2.28771	1.69872
0.2	-1.75	2.39044	2.73573	2.73263	2.41953	1.92218	1.3849
0.2	-1.7	2.25117	2.49775	2.42041	2.07818	1.60042	1.11773
0.2	-1.65	2.10643	2.26553	2.12792	1.7697	1.31961	0.89243
0.2	-1.6	1.95836	2.04092	1.85595	1.49317	1.07679	0.70441
0.2	-1.55	1.80921	1.8254	1.60496	1.24738	0.86886	0.54922
0.2	-1.5	1.66065	1.62015	1.37516	1.03091	0.69268	0.42262
0.2	-1.45	1.51401	1.42614	1.16651	0.84216	0.54511	0.32067
0.2	-1.4	1.37049	1.24414	0.97872	0.67931	0.42302	0.23967
0.2	-1.35	1.23118	1.07472	0.81134	0.54048	0.32337	0.17628
0.2	-1.3	1.09706	0.91828	0.66373	0.42363	0.24322	0.12745
0.2	-1.25	0.96882	0.77504	0.53508	0.32668	0.17978	0.09047
0.2	-1.2	0.84677	0.64513	0.42445	0.24752	0.13042	0.06297
0.2	-1.15	0.73123	0.52864	0.33076	0.184	0.09274	0.04293
0.2	-1.1	0.6225	0.42556	0.25277	0.134	0.06455	0.02862
0.2	-1.05	0.52094	0.33582	0.18913	0.09546	0.04391	0.01863
0.2	-1.	0.42716	0.25924	0.13832	0.06642	0.02915	0.01183
0.2	-0.95	0.34224	0.1954	0.09872	0.04506	0.01885	0.0073
0.2	-0.9	0.26727	0.14355	0.06864	0.02976	0.01185	0.00438
0.2	-0.85	0.20307	0.10263	0.04641	0.01909	0.00723	0.00255
0.2	-0.8	0.1499	0.07127	0.03045	0.01186	0.00426	0.00143
0.2	-0.75	0.10735	0.04798	0.01933	0.00712	0.00243	0.00077
0.2	-0.7	0.07445	0.03123	0.01184	0.00412	0.00133	0.0004
0.2	-0.65	0.04989	0.01957	0.00697	0.00228	0.0007	0.0002
0.2	-0.6	0.03213	0.01176	0.00392	0.00121	0.00035	0.0001
0.2	-0.55	0.01978	0.00674	0.00211	0.00061	0.00017	0.00004
0.2	-0.5	0.01157	0.00366	0.00107	0.00029	0.00008	0.00002
0.2	-0.45	0.00639	0.00188	0.00052	0.00013	0.00003	0.00000
0.2	-0.4	0.00331	0.00091	0.00024	0.00006	0.00001	0.00000
0.2	-0.35	0.00161	0.00042	0.0001	0.00002	0.00000	0.00000
0.2	-0.3	0.00074	0.00018	0.00004	0.00000	0.00000	0.00000
0.2	-0.25	0.00031	0.00007	0.00002	0.00000	0.00000	0.00000
0.2	-0.2	0.00012	0.00003	0.00000	0.00000	0.00000	0.00000
0.2	-0.15	0.00005	0.00000	0.00000	0.00000	0.00000	0.00000
0.2	-0.1	0.00002	0.00000	0.00000	0.00000	0.00000	0.00000
0.2	-0.05	0.00000	0.00000	0.00000	0.00000	0.00000	0.00000
0.2	0.00	0.00000	0.00000	0.00000	0.00000	0.00000	0.00000
0.1	-8.9	0.00000	0.00016	0.00204	0.01798	0.1221	0.67995
0.1	-8.85	0.00000	0.00018	0.00225	0.01965	0.13241	0.73185
0.1	-8.8	0.00000	0.0002	0.00248	0.02147	0.14355	0.78746
0.1	-8.75	0.00000	0.00022	0.00273	0.02346	0.15559	0.84703
0.1	-8.7	0.00001	0.00024	0.00301	0.02562	0.16859	0.91081
0.1	-8.65	0.00001	0.00027	0.00331	0.02797	0.18262	0.97908
0.1	-8.6	0.00001	0.0003	0.00365	0.03054	0.19776	1.0521
0.1	-8.55	0.00001	0.00034	0.00402	0.03333	0.2141	1.1302
0.1	-8.5	0.00002	0.00037	0.00442	0.03637	0.23172	1.21368
0.1	-8.45	0.00002	0.00041	0.00486	0.03967	0.25072	1.30287
0.1	-8.4	0.00002	0.00046	0.00535	0.04327	0.27119	1.39812
0.1	-8.35	0.00002	0.00051	0.00589	0.04717	0.29325	1.4998
0.1	-8.3	0.00003	0.00057	0.00647	0.05142	0.317	1.6083
0.1	-8.25	0.00003	0.00063	0.00712	0.05604	0.34256	1.72401
0.1	-8.2	0.00003	0.0007	0.00782	0.06106	0.37007	1.84736
0.1	-8.15	0.00004	0.00077	0.0086	0.06651	0.39966	1.97878
0.1	-8.1	0.00004	0.00086	0.00945	0.07242	0.43147	2.11874
0.1	-8.05	0.00005	0.00095	0.01038	0.07884	0.46566	2.26772
0.1	-8.	0.00005	0.00106	0.0114	0.0858	0.50239	2.42621
0.1	-7.95	0.00006	0.00117	0.01252	0.09335	0.54183	2.59473
0.1	-7.9	0.00007	0.0013	0.01375	0.10154	0.58416	2.77383
0.1	-7.85	0.00007	0.00144	0.01509	0.11041	0.62957	2.96407
0.1	-7.8	0.00008	0.0016	0.01656	0.12003	0.67826	3.16602
0.1	-7.75	0.00009	0.00177	0.01817	0.13044	0.73045	3.38028
0.1	-7.7	0.0001	0.00197	0.01993	0.14171	0.78637	3.60749
0.1	-7.65	0.00012	0.00218	0.02186	0.1539	0.84624	3.84827
0.1	-7.6	0.00013	0.00241	0.02396	0.16709	0.91031	4.10328
0.1	-7.55	0.00015	0.00268	0.02627	0.18135	0.97886	4.37321
0.1	-7.5	0.00017	0.00296	0.02878	0.19677	1.05214	4.65874
0.1	-7.45	0.00019	0.00328	0.03154	0.21342	1.13045	4.96058
0.1	-7.4	0.00021	0.00364	0.03454	0.2314	1.21409	5.27947
0.1	-7.35	0.00023	0.00402	0.03782	0.25081	1.30337	5.61613
0.1	-7.3	0.00026	0.00446	0.0414	0.27175	1.39861	5.97133
0.1	-7.25	0.00029	0.00493	0.04531	0.29433	1.50016	6.34581
0.1	-7.2	0.00033	0.00546	0.04957	0.31867	1.60837	6.74034
0.1	-7.15	0.00037	0.00604	0.05422	0.34489	1.72362	7.15571
0.1	-7.1	0.00041	0.00668	0.05929	0.37312	1.84627	7.59268
0.1	-7.05	0.00046	0.00739	0.06481	0.40351	1.97672	8.05203
0.1	-7.	0.00052	0.00817	0.07082	0.4362	2.11539	8.53452
0.1	-6.95	0.00058	0.00903	0.07736	0.47135	2.2627	9.04093
0.1	-6.9	0.00065	0.00998	0.08448	0.50912	2.41907	9.572
0.1	-6.85	0.00073	0.01103	0.09223	0.54968	2.58495	10.12848
0.1	-6.8	0.00082	0.01219	0.10065	0.59321	2.76081	10.71107
0.1	-6.75	0.00092	0.01347	0.10981	0.63992	2.94709	11.32047
0.1	-6.7	0.00103	0.01487	0.11975	0.68999	3.14428	11.95733
0.1	-6.65	0.00116	0.01642	0.13055	0.74364	3.35286	12.62228
0.1	-6.6	0.0013	0.01812	0.14226	0.80109	3.57332	13.3159
0.1	-6.55	0.00145	0.02	0.15498	0.86257	3.80614	14.03871
0.1	-6.5	0.00163	0.02207	0.16876	0.92831	4.05183	14.7912
0.1	-6.45	0.00183	0.02434	0.18369	0.99857	4.31087	15.57376
0.1	-6.4	0.00205	0.02684	0.19987	1.07361	4.58377	16.38675
0.1	-6.35	0.00229	0.02958	0.21737	1.15368	4.87101	17.23041
0.1	-6.3	0.00257	0.0326	0.23632	1.23908	5.17308	18.10491
0.1	-6.25	0.00288	0.03592	0.2568	1.33009	5.49044	19.01034
0.1	-6.2	0.00322	0.03956	0.27893	1.427	5.82355	19.94666
0.1	-6.15	0.00361	0.04355	0.30283	1.53011	6.17287	20.91373
0.1	-6.1	0.00404	0.04793	0.32863	1.63973	6.53879	21.91127
0.1	-6.05	0.00452	0.05274	0.35645	1.75618	6.92173	22.93888
0.1	-6.	0.00507	0.05801	0.38644	1.87978	7.32205	23.99601
0.1	-5.95	0.00567	0.06378	0.41874	2.01086	7.74008	25.08197
0.1	-5.9	0.00635	0.07009	0.45351	2.14973	8.1761	26.1959
0.1	-5.85	0.0071	0.07701	0.49091	2.29674	8.63037	27.33675
0.1	-5.8	0.00795	0.08457	0.5311	2.45221	9.10308	28.50332
0.1	-5.75	0.0089	0.09284	0.57427	2.61646	9.59436	29.69421
0.1	-5.7	0.00995	0.10187	0.62059	2.78982	10.1043	30.90781
0.1	-5.65	0.01113	0.11174	0.67026	2.97261	10.63289	32.14231
0.1	-5.6	0.01244	0.1225	0.72348	3.16513	11.18007	33.39569
0.1	-5.55	0.01391	0.13424	0.78044	3.36768	11.74569	34.66571
0.1	-5.5	0.01555	0.14703	0.84136	3.58054	12.3295	35.94989
0.1	-5.45	0.01737	0.16096	0.90645	3.80397	12.93116	37.24553
0.1	-5.4	0.01941	0.17612	0.97593	4.03822	13.55023	38.5497
0.1	-5.35	0.02168	0.19261	1.05003	4.2835	14.18615	39.85922
0.1	-5.3	0.0242	0.21052	1.12898	4.54001	14.83826	41.17068
0.1	-5.25	0.02701	0.22997	1.21299	4.80789	15.50574	42.48042
0.1	-5.2	0.03014	0.25107	1.3023	5.08727	16.18769	43.78455
0.1	-5.15	0.03362	0.27394	1.39715	5.37823	16.88301	45.07898
0.1	-5.1	0.03748	0.29871	1.49775	5.68079	17.59052	46.35933
0.1	-5.05	0.04177	0.3255	1.60434	5.99494	18.30883	47.62106
0.1	-5.	0.04653	0.35446	1.71712	6.32059	19.03644	48.8594
0.1	-4.95	0.05182	0.38573	1.8363	6.6576	19.77168	50.06939
0.1	-4.9	0.05767	0.41945	1.96209	7.00578	20.51269	51.24591
0.1	-4.85	0.06416	0.45579	2.09468	7.36483	21.25748	52.38365
0.1	-4.8	0.07133	0.4949	2.23423	7.7344	22.00388	53.47719
0.1	-4.75	0.07926	0.53694	2.38089	8.11405	22.74954	54.52099
0.1	-4.7	0.08802	0.58207	2.5348	8.50324	23.49196	55.50944
0.1	-4.65	0.09768	0.63046	2.69606	8.90136	24.22846	56.43686
0.1	-4.6	0.10832	0.68228	2.86475	9.30767	24.95622	57.29754
0.1	-4.55	0.12004	0.7377	3.04092	9.72134	25.67223	58.08584
0.1	-4.5	0.13291	0.79689	3.22458	10.14144	26.37336	58.79613
0.1	-4.45	0.14704	0.86	3.41571	10.56691	27.05633	59.42288
0.1	-4.4	0.16253	0.9272	3.61422	10.99658	27.71773	59.96076
0.1	-4.35	0.17948	0.99864	3.82001	11.42917	28.35402	60.40456
0.1	-4.3	0.19801	1.07447	4.0329	11.86326	28.96158	60.74936
0.1	-4.25	0.21822	1.15483	4.25267	12.29732	29.53671	60.99056
0.1	-4.2	0.24023	1.23984	4.47903	12.72968	30.07561	61.12385
0.1	-4.15	0.26416	1.32961	4.71164	13.15855	30.5745	61.14539
0.1	-4.1	0.29012	1.42425	4.95007	13.58203	31.02954	61.05177
0.1	-4.05	0.31825	1.52383	5.19383	13.99806	31.43692	60.84011
0.1	-4.	0.34865	1.62841	5.44235	14.40451	31.79289	60.50813
0.1	-3.95	0.38146	1.73803	5.69498	14.79909	32.09378	60.05415
0.1	-3.9	0.41676	1.85271	5.95099	15.17943	32.33601	59.47718
0.1	-3.85	0.45469	1.97244	6.20954	15.54304	32.51621	58.777
0.1	-3.8	0.49534	2.09717	6.46971	15.88738	32.63118	57.95416
0.1	-3.75	0.53882	2.22684	6.73047	16.20978	32.67798	57.00999
0.1	-3.7	0.58524	2.36135	6.9907	16.50756	32.65397	55.94675
0.1	-3.65	0.6347	2.50055	7.24915	16.77796	32.55683	54.76751
0.1	-3.6	0.68731	2.64425	7.50449	17.01823	32.38469	53.47631
0.1	-3.55	0.74316	2.79223	7.75524	17.22561	32.13606	52.07806
0.1	-3.5	0.80234	2.9442	7.99983	17.39739	31.81	50.57859
0.1	-3.45	0.86494	3.09982	8.23656	17.5309	31.40606	48.98458
0.1	-3.4	0.93111	3.25868	8.46363	17.6236	30.92443	47.30362
0.1	-3.35	1.00094	3.42029	8.6791	17.67311	30.36591	45.54412
0.1	-3.3	1.07453	3.58408	8.88094	17.67719	29.73195	43.71519
0.1	-3.25	1.15201	3.74936	9.06704	17.63389	29.02472	41.82669
0.1	-3.2	1.2335	3.91537	9.23518	17.54153	28.24709	39.88899
0.1	-3.15	1.31912	4.08119	9.38309	17.39876	27.40267	37.91304
0.1	-3.1	1.40898	4.24577	9.50847	17.20467	26.4958	35.91009
0.1	-3.05	1.5032	4.40791	9.60898	16.95876	25.53151	33.89165
0.1	-3.	1.60182	4.56623	9.68234	16.66106	24.51552	31.86931
0.1	-2.95	1.70489	4.71918	9.72635	16.31216	23.45417	29.85459
0.1	-2.9	1.81236	4.86502	9.73891	15.91324	22.35441	27.85888
0.1	-2.85	1.92414	5.00181	9.71815	15.46613	21.2236	25.89306
0.1	-2.8	2.03997	5.12741	9.66245	14.97332	20.06957	23.96762
0.1	-2.75	2.15939	5.2395	9.57054	14.43793	18.90034	22.09227
0.1	-2.7	2.28171	5.33564	9.44157	13.86377	17.72414	20.27603
0.1	-2.65	2.40589	5.41325	9.27522	13.25525	16.54913	18.52687
0.1	-2.6	2.53042	5.46977	9.07175	12.61733	15.38342	16.85187
0.1	-2.55	2.65339	5.50276	8.83208	11.95545	14.23473	15.25689
0.1	-2.5	2.77231	5.50997	8.55781	11.27541	13.11041	13.74674
0.1	-2.45	2.88424	5.48957	8.25126	10.58327	12.01727	12.32507
0.1	-2.4	2.986	5.44023	7.91541	9.88513	10.96138	10.99429
0.1	-2.35	3.0741	5.36131	7.5539	9.1871	9.94813	9.75582
0.1	-2.3	3.14501	5.25292	7.17083	8.49504	8.98203	8.60989
0.1	-2.25	3.19536	5.11606	6.77074	7.8145	8.06677	7.55584
0.1	-2.2	3.22265	4.9526	6.35834	7.15054	7.20518	6.59207
0.1	-2.15	3.22567	4.7651	5.9384	6.50771	6.39924	5.7162
0.1	-2.1	3.20382	4.55666	5.51557	5.88991	5.6501	4.92514
0.1	-2.05	3.15747	4.33083	5.09426	5.30042	4.95817	4.21523
0.1	-2.	3.08796	4.09135	4.67852	4.7419	4.32321	3.58239
0.1	-1.95	2.99731	3.84204	4.27197	4.21633	3.74433	3.02207
0.1	-1.9	2.8885	3.5866	3.87774	3.72516	3.22012	2.52953
0.1	-1.85	2.76513	3.32834	3.49847	3.26924	2.7487	2.09981
0.1	-1.8	2.62995	3.07017	3.13636	2.84897	2.32782	1.72785
0.1	-1.75	2.48552	2.81473	2.79318	2.46428	1.95488	1.40857
0.1	-1.7	2.33417	2.56436	2.47033	2.11471	1.62705	1.13694
0.1	-1.65	2.17808	2.32115	2.1688	1.79944	1.34129	0.90801
0.1	-1.6	2.01953	2.08689	1.88923	1.51735	1.09444	0.71702
0.1	-1.55	1.86072	1.86302	1.63196	1.26705	0.88323	0.5594
0.1	-1.5	1.70342	1.65069	1.39701	1.04693	0.70439	0.43082
0.1	-1.45	1.54912	1.45076	1.18418	0.85524	0.55464	0.32723
0.1	-1.4	1.39904	1.26387	0.99306	0.69002	0.43077	0.2449
0.1	-1.35	1.25401	1.09048	0.82304	0.54927	0.32966	0.18041
0.1	-1.3	1.11497	0.93091	0.67334	0.43086	0.24829	0.13067
0.1	-1.25	0.98285	0.78526	0.54303	0.33263	0.18383	0.09296
0.1	-1.2	0.85778	0.6535	0.43107	0.25239	0.13363	0.06486
0.1	-1.15	0.7399	0.53559	0.3363	0.18796	0.09525	0.04434
0.1	-1.1	0.62941	0.43143	0.25741	0.13719	0.06648	0.02966
0.1	-1.05	0.5266	0.34086	0.19298	0.09798	0.04536	0.01938
0.1	-1.	0.43203	0.2636	0.14148	0.06838	0.03022	0.01235
0.1	-0.95	0.34666	0.19914	0.10127	0.04656	0.01962	0.00766
0.1	-0.9	0.27134	0.1467	0.07064	0.03087	0.01239	0.00462
0.1	-0.85	0.20673	0.10521	0.04795	0.01989	0.0076	0.0027
0.1	-0.8	0.15305	0.07332	0.0316	0.01243	0.00451	0.00152
0.1	-0.75	0.10993	0.04957	0.02017	0.00751	0.00258	0.00083
0.1	-0.7	0.0765	0.03243	0.01244	0.00437	0.00143	0.00043
0.1	-0.65	0.0515	0.02047	0.00738	0.00245	0.00075	0.00022
0.1	-0.6	0.03341	0.01241	0.00419	0.00131	0.00038	0.0001
0.1	-0.55	0.02077	0.00718	0.00227	0.00067	0.00018	0.00005
0.1	-0.5	0.0123	0.00395	0.00117	0.00032	0.00008	0.00002
0.1	-0.45	0.00687	0.00205	0.00057	0.00015	0.00004	0.00000
0.1	-0.4	0.0036	0.001	0.00026	0.00006	0.00001	0.00000
0.1	-0.35	0.00177	0.00046	0.00011	0.00003	0.00000	0.00000
0.1	-0.3	0.00082	0.0002	0.00005	0.00000	0.00000	0.00000
0.1	-0.25	0.00035	0.00008	0.00002	0.00000	0.00000	0.00000
0.1	-0.2	0.00014	0.00003	0.00000	0.00000	0.00000	0.00000
0.1	-0.15	0.00005	0.00001	0.00000	0.00000	0.00000	0.00000
0.1	-0.1	0.00002	0.00000	0.00000	0.00000	0.00000	0.00000
0.1	-0.05	0.00000	0.00000	0.00000	0.00000	0.00000	0.00000
0.1	0.00	0.00000	0.00000	0.00000	0.00000	0.00000	0.00000
0.07	-8.9	0.00000	0.00023	0.00283	0.02406	0.15847	0.85809
0.07	-8.85	0.00001	0.00026	0.00311	0.02627	0.17167	0.92249
0.07	-8.8	0.00001	0.00028	0.00343	0.02868	0.18591	0.9914
0.07	-8.75	0.00001	0.00032	0.00377	0.0313	0.20128	1.0651
0.07	-8.7	0.00002	0.00035	0.00415	0.03415	0.21785	1.14389
0.07	-8.65	0.00002	0.00039	0.00457	0.03726	0.23572	1.22809
0.07	-8.6	0.00002	0.00043	0.00503	0.04063	0.25498	1.31803
0.07	-8.55	0.00002	0.00048	0.00553	0.04431	0.27573	1.41406
0.07	-8.5	0.00002	0.00053	0.00608	0.0483	0.29807	1.51655
0.07	-8.45	0.00003	0.00059	0.00668	0.05263	0.32213	1.62587
0.07	-8.4	0.00003	0.00066	0.00735	0.05734	0.34801	1.74243
0.07	-8.35	0.00004	0.00073	0.00808	0.06246	0.37586	1.86665
0.07	-8.3	0.00004	0.00081	0.00887	0.06801	0.4058	1.99897
0.07	-8.25	0.00004	0.0009	0.00975	0.07404	0.43798	2.13984
0.07	-8.2	0.00005	0.00099	0.01071	0.08058	0.47255	2.28976
0.07	-8.15	0.00006	0.0011	0.01176	0.08768	0.50968	2.4492
0.07	-8.1	0.00006	0.00122	0.01291	0.09537	0.54953	2.6187
0.07	-8.05	0.00007	0.00136	0.01417	0.1037	0.59229	2.79879
0.07	-8.	0.00008	0.0015	0.01555	0.11273	0.63814	2.99003
0.07	-7.95	0.00009	0.00167	0.01706	0.12251	0.6873	3.19299
0.07	-7.9	0.0001	0.00185	0.01871	0.13309	0.73996	3.40828
0.07	-7.85	0.00011	0.00205	0.02052	0.14454	0.79636	3.63651
0.07	-7.8	0.00012	0.00227	0.0225	0.15693	0.85674	3.87833
0.07	-7.75	0.00014	0.00251	0.02466	0.17033	0.92133	4.13438
0.07	-7.7	0.00016	0.00279	0.02703	0.18481	0.9904	4.40534
0.07	-7.65	0.00017	0.00309	0.02961	0.20045	1.06422	4.6919
0.07	-7.6	0.0002	0.00342	0.03243	0.21734	1.14308	4.99477
0.07	-7.55	0.00022	0.00378	0.03551	0.23557	1.22726	5.31467
0.07	-7.5	0.00025	0.00419	0.03887	0.25524	1.3171	5.65233
0.07	-7.45	0.00028	0.00463	0.04254	0.27646	1.4129	6.00852
0.07	-7.4	0.00031	0.00513	0.04654	0.29932	1.515	6.38397
0.07	-7.35	0.00035	0.00567	0.0509	0.32396	1.62376	6.77946
0.07	-7.3	0.00039	0.00628	0.05566	0.35049	1.73955	7.19576
0.07	-7.25	0.00044	0.00694	0.06083	0.37905	1.86274	7.63365
0.07	-7.2	0.00049	0.00768	0.06648	0.40977	1.99371	8.09389
0.07	-7.15	0.00055	0.00849	0.07262	0.44279	2.13289	8.57728
0.07	-7.1	0.00062	0.00938	0.0793	0.47829	2.28067	9.08456
0.07	-7.05	0.00069	0.01037	0.08657	0.51641	2.43749	9.61649
0.07	-7.	0.00077	0.01145	0.09447	0.55734	2.60379	10.17383
0.07	-6.95	0.00087	0.01265	0.10306	0.60124	2.78003	10.75728
0.07	-6.9	0.00097	0.01397	0.11239	0.64831	2.96665	11.36757
0.07	-6.85	0.00109	0.01543	0.12252	0.69876	3.16412	12.00534
0.07	-6.8	0.00122	0.01703	0.13351	0.75277	3.37293	12.67126
0.07	-6.75	0.00137	0.01879	0.14544	0.81059	3.59355	13.36591
0.07	-6.7	0.00153	0.02073	0.15836	0.87242	3.82648	14.08984
0.07	-6.65	0.00172	0.02286	0.17237	0.93851	4.07219	14.84357
0.07	-6.6	0.00193	0.02521	0.18754	1.0091	4.33118	15.62753
0.07	-6.55	0.00216	0.02779	0.20397	1.08445	4.60394	16.44211
0.07	-6.5	0.00242	0.03062	0.22173	1.16482	4.89095	17.2876
0.07	-6.45	0.00271	0.03373	0.24094	1.25048	5.19268	18.16422
0.07	-6.4	0.00303	0.03715	0.2617	1.34171	5.50961	19.07212
0.07	-6.35	0.0034	0.0409	0.28411	1.4388	5.8422	20.01133
0.07	-6.3	0.0038	0.04501	0.30831	1.54205	6.19087	20.98178
0.07	-6.25	0.00426	0.04952	0.3344	1.65175	6.55606	21.98328
0.07	-6.2	0.00477	0.05447	0.36252	1.76822	6.93815	23.01553
0.07	-6.15	0.00534	0.05988	0.39281	1.89177	7.33752	24.07808
0.07	-6.1	0.00598	0.06581	0.42541	2.02271	7.7545	25.17037
0.07	-6.05	0.00669	0.0723	0.46048	2.16136	8.1894	26.29167
0.07	-6.	0.00749	0.07939	0.49816	2.30805	8.64247	27.44107
0.07	-5.95	0.00837	0.08715	0.53864	2.46308	9.11392	28.61754
0.07	-5.9	0.00937	0.09562	0.58207	2.62678	9.60391	29.81984
0.07	-5.85	0.01048	0.10487	0.62864	2.79946	10.11255	31.04657
0.07	-5.8	0.01172	0.11497	0.67853	2.98143	10.63987	32.29611
0.07	-5.75	0.0131	0.12597	0.73193	3.17297	11.18584	33.56667
0.07	-5.7	0.01464	0.13797	0.78905	3.37439	11.75036	34.85626
0.07	-5.65	0.01636	0.15103	0.85007	3.58594	12.33323	36.16265
0.07	-5.6	0.01828	0.16524	0.91522	3.80788	12.93418	37.48342
0.07	-5.55	0.02041	0.18069	0.98469	4.04046	13.55283	38.81592
0.07	-5.5	0.02279	0.19747	1.05871	4.28387	14.18872	40.1573
0.07	-5.45	0.02544	0.21569	1.13748	4.53831	14.84126	41.50446
0.07	-5.4	0.02838	0.23545	1.22123	4.80393	15.50978	42.8541
0.07	-5.35	0.03166	0.25687	1.31017	5.08085	16.19344	44.20267
0.07	-5.3	0.0353	0.28006	1.40452	5.36914	16.89134	45.54643
0.07	-5.25	0.03934	0.30514	1.50448	5.66885	17.60239	46.88142
0.07	-5.2	0.04382	0.33224	1.61027	5.97997	18.32541	48.20346
0.07	-5.15	0.0488	0.3615	1.72209	6.30244	19.05906	49.50817
0.07	-5.1	0.05432	0.39304	1.84013	6.63614	19.80186	50.79099
0.07	-5.05	0.06043	0.42702	1.96456	6.9809	20.55219	52.04718
0.07	-5.	0.06719	0.46358	2.09557	7.33647	21.30829	53.27181
0.07	-4.95	0.07466	0.50286	2.23329	7.70256	22.06822	54.45983
0.07	-4.9	0.08292	0.54501	2.37787	8.07877	22.82992	55.60607
0.07	-4.85	0.09202	0.5902	2.52942	8.46465	23.59117	56.7052
0.07	-4.8	0.10205	0.63856	2.68803	8.85965	24.34959	57.75187
0.07	-4.75	0.11309	0.69026	2.85377	9.26316	25.10267	58.74062
0.07	-4.7	0.12522	0.74544	3.02667	9.67444	25.84775	59.66599
0.07	-4.65	0.13853	0.80425	3.20673	10.0927	26.58202	60.52251
0.07	-4.6	0.15312	0.86683	3.39392	10.51702	27.30255	61.30473
0.07	-4.55	0.16909	0.93332	3.58817	10.94641	28.00629	62.00731
0.07	-4.5	0.18653	1.00385	3.78938	11.37976	28.69004	62.62498
0.07	-4.45	0.20556	1.07853	3.99737	11.81587	29.35054	63.15263
0.07	-4.4	0.22628	1.15747	4.21196	12.25342	29.98442	63.58537
0.07	-4.35	0.24879	1.24077	4.43288	12.69099	30.5882	63.9185
0.07	-4.3	0.27319	1.3285	4.65984	13.12708	31.15839	64.14765
0.07	-4.25	0.2996	1.42073	4.89248	13.56005	31.69143	64.26876
0.07	-4.2	0.32813	1.51751	5.13037	13.98818	32.18371	64.27813
0.07	-4.15	0.35887	1.61886	5.37303	14.40962	32.63167	64.17256
0.07	-4.1	0.39191	1.72479	5.61994	14.82247	33.03174	63.94925
0.07	-4.05	0.42735	1.83527	5.87049	15.22467	33.3804	63.60597
0.07	-4.	0.46526	1.95026	6.12399	15.61413	33.67422	63.14112
0.07	-3.95	0.50571	2.06971	6.37973	15.98862	33.90987	62.55363
0.07	-3.9	0.54877	2.19353	6.63687	16.34588	34.08417	61.8432
0.07	-3.85	0.59448	2.3216	6.89454	16.68353	34.19412	61.01018
0.07	-3.8	0.6429	2.45379	7.15176	16.99917	34.23695	60.05576
0.07	-3.75	0.69407	2.58992	7.4075	17.29033	34.21013	58.98182
0.07	-3.7	0.74802	2.72981	7.66062	17.5545	34.11144	57.79119
0.07	-3.65	0.80476	2.87322	7.9099	17.78917	33.939	56.4874
0.07	-3.6	0.8643	3.0199	8.15404	17.99182	33.69133	55.07498
0.07	-3.55	0.92671	3.16956	8.39164	18.15995	33.36739	53.55923
0.07	-3.5	0.99199	3.32185	8.62121	18.29112	32.96661	51.94635
0.07	-3.45	1.06014	3.47639	8.84116	18.38295	32.48893	50.24335
0.07	-3.4	1.13117	3.63274	9.04981	18.43318	31.93487	48.45806
0.07	-3.35	1.20513	3.79043	9.24539	18.43972	31.30557	46.5991
0.07	-3.3	1.28204	3.94888	9.42603	18.40062	30.60277	44.67574
0.07	-3.25	1.36196	4.10747	9.58979	18.31419	29.8289	42.69796
0.07	-3.2	1.44495	4.26546	9.73467	18.17903	28.98705	40.67618
0.07	-3.15	1.53104	4.42203	9.85857	17.99404	28.08103	38.62137
0.07	-3.1	1.62035	4.57622	9.95941	17.75851	27.11532	36.54476
0.07	-3.05	1.71301	4.72695	10.03505	17.47219	26.09508	34.45782
0.07	-3.	1.80909	4.87295	10.08342	17.13526	25.0261	32.37202
0.07	-2.95	1.90862	5.01282	10.10248	16.74848	23.91478	30.29879
0.07	-2.9	2.01163	5.14495	10.09033	16.31316	22.7681	28.24935
0.07	-2.85	2.11806	5.26754	10.04527	15.83123	21.5934	26.23444
0.07	-2.8	2.22771	5.37862	9.96583	15.30525	20.3985	24.26437
0.07	-2.75	2.3402	5.47602	9.85086	14.73841	19.19137	22.34865
0.07	-2.7	2.45488	5.55744	9.69964	14.13454	17.98018	20.4961
0.07	-2.65	2.57075	5.6205	9.51191	13.49804	16.77302	18.71448
0.07	-2.6	2.68646	5.6628	9.288	12.83388	15.5779	17.01065
0.07	-2.55	2.80036	5.68202	9.02884	12.14747	14.40248	15.39027
0.07	-2.5	2.91032	5.676	8.73602	11.44459	13.254	13.85787
0.07	-2.45	3.01353	5.64293	8.41184	10.73127	12.13917	12.41691
0.07	-2.4	3.10705	5.58148	8.05927	10.0136	11.06397	11.06956
0.07	-2.35	3.18744	5.49092	7.68191	9.29767	10.03368	9.81697
0.07	-2.3	3.2511	5.37132	7.28387	8.58932	9.05267	8.65916
0.07	-2.25	3.29462	5.22361	6.86969	7.89408	8.12452	7.59521
0.07	-2.2	3.31553	5.04961	6.44411	7.21699	7.25189	6.6233
0.07	-2.15	3.31237	4.85182	6.01194	6.56255	6.43662	5.74082
0.07	-2.1	3.28413	4.63337	5.57789	5.93463	5.6797	4.94446
0.07	-2.05	3.23117	4.39789	5.1464	5.33642	4.98138	4.23036
0.07	-2.	3.15487	4.14924	4.72157	4.7705	4.34124	3.59425
0.07	-1.95	3.0572	3.89132	4.307	4.23875	3.75823	3.03142
0.07	-1.9	2.94133	3.62796	3.90583	3.74249	3.23079	2.53698
0.07	-1.85	2.81107	3.36252	3.52062	3.28245	2.75688	2.10583
0.07	-1.8	2.66922	3.09798	3.15353	2.85891	2.33412	1.73282
0.07	-1.75	2.51864	2.83697	2.80624	2.47168	1.9598	1.41275
0.07	-1.7	2.36171	2.5818	2.48005	2.12019	1.63097	1.14054
0.07	-1.65	2.2005	2.33452	2.17588	1.80349	1.34451	0.91117
0.07	-1.6	2.03737	2.09689	1.89428	1.52039	1.09717	0.71984
0.07	-1.55	1.87472	1.8703	1.63547	1.2694	0.88562	0.56193
0.07	-1.5	1.71421	1.65577	1.3994	1.04884	0.70655	0.43309
0.07	-1.45	1.55724	1.45411	1.18582	0.85687	0.55664	0.32928
0.07	-1.4	1.40474	1.2659	0.99422	0.69152	0.43262	0.24672
0.07	-1.35	1.25762	1.0916	0.82395	0.55069	0.33138	0.18201
0.07	-1.3	1.11697	0.93147	0.67415	0.43224	0.24987	0.13206
0.07	-1.25	0.98369	0.78553	0.54385	0.33398	0.18528	0.09414
0.07	-1.2	0.85794	0.65368	0.43193	0.2537	0.13492	0.06585
0.07	-1.15	0.73969	0.53579	0.33722	0.18922	0.09638	0.04515
0.07	-1.1	0.62909	0.43173	0.25838	0.13836	0.06745	0.0303
0.07	-1.05	0.52629	0.34127	0.19399	0.09906	0.04618	0.01988
0.07	-1.	0.43173	0.26413	0.1425	0.06934	0.03089	0.01272
0.07	-0.95	0.34646	0.19981	0.10226	0.04738	0.02015	0.00794
0.07	-0.9	0.27128	0.14749	0.07158	0.03156	0.01279	0.00481
0.07	-0.85	0.2069	0.10608	0.0488	0.02045	0.00789	0.00283
0.07	-0.8	0.15351	0.07423	0.03233	0.01285	0.00472	0.00161
0.07	-0.75	0.11064	0.05045	0.02077	0.00782	0.00272	0.00088
0.07	-0.7	0.07736	0.03323	0.0129	0.00459	0.00151	0.00047
0.07	-0.65	0.05244	0.02114	0.00772	0.00259	0.00081	0.00024
0.07	-0.6	0.03432	0.01293	0.00443	0.0014	0.00041	0.00011
0.07	-0.55	0.02156	0.00756	0.00242	0.00072	0.0002	0.00005
0.07	-0.5	0.01289	0.0042	0.00126	0.00035	0.00009	0.00002
0.07	-0.45	0.00727	0.0022	0.00062	0.00016	0.00004	0.00000
0.07	-0.4	0.00386	0.00109	0.00029	0.00007	0.00002	0.00000
0.07	-0.35	0.00193	0.00051	0.00013	0.00003	0.00000	0.00000
0.07	-0.3	0.0009	0.00022	0.00005	0.00001	0.00000	0.00000
0.07	-0.25	0.00039	0.00009	0.00002	0.00000	0.00000	0.00000
0.07	-0.2	0.00016	0.00004	0.00000	0.00000	0.00000	0.00000
0.07	-0.15	0.00006	0.00001	0.00000	0.00000	0.00000	0.00000
0.07	-0.1	0.00002	0.00000	0.00000	0.00000	0.00000	0.00000
0.07	-0.05	0.00000	0.00000	0.00000	0.00000	0.00000	0.00000
0.07	0.00	0.00000	0.00000	0.00000	0.00000	0.00000	0.00000
0.05	-8.9	0.00001	0.00033	0.00391	0.03231	0.20683	1.09042
0.05	-8.85	0.00002	0.00037	0.00431	0.03525	0.22382	1.1709
0.05	-8.8	0.00002	0.00041	0.00474	0.03844	0.24214	1.25688
0.05	-8.75	0.00002	0.00045	0.00521	0.04192	0.26188	1.34871
0.05	-8.7	0.00002	0.0005	0.00573	0.0457	0.28315	1.44673
0.05	-8.65	0.00003	0.00056	0.0063	0.04981	0.30604	1.55132
0.05	-8.6	0.00003	0.00062	0.00693	0.05428	0.33068	1.66286
0.05	-8.55	0.00003	0.00068	0.00761	0.05913	0.35719	1.78177
0.05	-8.5	0.00004	0.00076	0.00837	0.06439	0.3857	1.90847
0.05	-8.45	0.00004	0.00084	0.00919	0.07011	0.41635	2.0434
0.05	-8.4	0.00005	0.00093	0.0101	0.07631	0.44928	2.18703
0.05	-8.35	0.00005	0.00104	0.01109	0.08304	0.48466	2.33984
0.05	-8.3	0.00006	0.00115	0.01218	0.09033	0.52264	2.50233
0.05	-8.25	0.00007	0.00127	0.01337	0.09824	0.5634	2.67504
0.05	-8.2	0.00007	0.00141	0.01467	0.1068	0.60712	2.85849
0.05	-8.15	0.00008	0.00157	0.0161	0.11608	0.654	3.05326
0.05	-8.1	0.00009	0.00174	0.01766	0.12613	0.70423	3.25994
0.05	-8.05	0.0001	0.00192	0.01937	0.137	0.75805	3.47912
0.05	-8.	0.00012	0.00213	0.02124	0.14876	0.81566	3.71142
0.05	-7.95	0.00013	0.00236	0.02329	0.16148	0.87732	3.9575
0.05	-7.9	0.00015	0.00262	0.02552	0.17523	0.94327	4.21802
0.05	-7.85	0.00016	0.0029	0.02796	0.19009	1.01377	4.49364
0.05	-7.8	0.00018	0.00321	0.03063	0.20614	1.0891	4.78508
0.05	-7.75	0.00021	0.00356	0.03354	0.22347	1.16955	5.09304
0.05	-7.7	0.00023	0.00394	0.03672	0.24216	1.25542	5.41825
0.05	-7.65	0.00026	0.00436	0.04019	0.26233	1.34702	5.76146
0.05	-7.6	0.00029	0.00482	0.04398	0.28407	1.44467	6.12342
0.05	-7.55	0.00032	0.00534	0.0481	0.3075	1.54873	6.50488
0.05	-7.5	0.00036	0.0059	0.0526	0.33274	1.65953	6.90663
0.05	-7.45	0.00041	0.00653	0.0575	0.3599	1.77746	7.32944
0.05	-7.4	0.00046	0.00722	0.06285	0.38914	1.90289	7.77409
0.05	-7.35	0.00051	0.00799	0.06866	0.42057	2.03621	8.24137
0.05	-7.3	0.00057	0.00883	0.07499	0.45437	2.17784	8.73205
0.05	-7.25	0.00064	0.00976	0.08187	0.49067	2.32818	9.2469
0.05	-7.2	0.00072	0.01078	0.08936	0.52965	2.48767	9.7867
0.05	-7.15	0.00081	0.01191	0.0975	0.57147	2.65675	10.35219
0.05	-7.1	0.00091	0.01315	0.10634	0.61633	2.83587	10.9441
0.05	-7.05	0.00102	0.01452	0.11594	0.66441	3.02549	11.56315
0.05	-7.	0.00114	0.01603	0.12636	0.71592	3.22608	12.21002
0.05	-6.95	0.00128	0.01769	0.13767	0.77105	3.43812	12.88535
0.05	-6.9	0.00143	0.01952	0.14993	0.83004	3.66209	13.58976
0.05	-6.85	0.00161	0.02153	0.16322	0.89311	3.89846	14.32382
0.05	-6.8	0.0018	0.02375	0.17762	0.96049	4.14775	15.08805
0.05	-6.75	0.00202	0.02618	0.1932	1.03243	4.41042	15.8829
0.05	-6.7	0.00226	0.02885	0.21007	1.10919	4.68697	16.70878
0.05	-6.65	0.00253	0.03179	0.2283	1.19102	4.97788	17.56601
0.05	-6.6	0.00284	0.03502	0.24802	1.27822	5.28362	18.45484
0.05	-6.55	0.00318	0.03856	0.26931	1.37104	5.60467	19.37543
0.05	-6.5	0.00356	0.04244	0.29229	1.46978	5.94148	20.32786
0.05	-6.45	0.00398	0.0467	0.31709	1.57474	6.29448	21.3121
0.05	-6.4	0.00446	0.05137	0.34382	1.68621	6.66409	22.328
0.05	-6.35	0.00499	0.05649	0.37262	1.8045	7.05071	23.37531
0.05	-6.3	0.00559	0.06209	0.40362	1.92992	7.45471	24.45364
0.05	-6.25	0.00626	0.06823	0.43698	2.06278	7.87643	25.56248
0.05	-6.2	0.007	0.07494	0.47284	2.20339	8.31615	26.70117
0.05	-6.15	0.00784	0.08227	0.51136	2.35208	8.77416	27.8689
0.05	-6.1	0.00877	0.09029	0.55271	2.50916	9.25065	29.06471
0.05	-6.05	0.00981	0.09904	0.59706	2.67493	9.74579	30.28745
0.05	-6.	0.01097	0.1086	0.64458	2.84971	10.2597	31.53585
0.05	-5.95	0.01226	0.11902	0.69547	3.03378	10.79241	32.80839
0.05	-5.9	0.01371	0.13038	0.74991	3.22745	11.34392	34.10343
0.05	-5.85	0.01532	0.14276	0.80809	3.43098	11.91412	35.4191
0.05	-5.8	0.01712	0.15622	0.87022	3.64465	12.50286	36.75334
0.05	-5.75	0.01912	0.17087	0.9365	3.86869	13.10986	38.1039
0.05	-5.7	0.02136	0.18679	1.00714	4.10333	13.73481	39.46832
0.05	-5.65	0.02384	0.20408	1.08234	4.34878	14.37725	40.84393
0.05	-5.6	0.02661	0.22283	1.16232	4.60521	15.03665	42.22787
0.05	-5.55	0.02969	0.24317	1.24728	4.87276	15.71237	43.61704
0.05	-5.5	0.03311	0.26519	1.33745	5.15155	16.40366	45.00817
0.05	-5.45	0.03691	0.28901	1.43301	5.44164	17.10965	46.39776
0.05	-5.4	0.04114	0.31477	1.53418	5.74308	17.82936	47.78211
0.05	-5.35	0.04583	0.34258	1.64116	6.05583	18.56168	49.15735
0.05	-5.3	0.05103	0.37259	1.75413	6.37985	19.30537	50.51939
0.05	-5.25	0.05679	0.40491	1.87327	6.71501	20.05906	51.86399
0.05	-5.2	0.06317	0.43971	1.99875	7.06115	20.82127	53.1867
0.05	-5.15	0.07023	0.4771	2.13072	7.41802	21.59035	54.48296
0.05	-5.1	0.07803	0.51726	2.26932	7.78533	22.36455	55.74801
0.05	-5.05	0.08664	0.5603	2.41466	8.16272	23.14197	56.97703
0.05	-5.	0.09613	0.6064	2.56685	8.54974	23.92057	58.16502
0.05	-4.95	0.10659	0.65569	2.72595	8.94588	24.69817	59.30692
0.05	-4.9	0.11809	0.70831	2.89202	9.35056	25.4725	60.39761
0.05	-4.85	0.13073	0.76441	3.06505	9.7631	26.24111	61.43189
0.05	-4.8	0.1446	0.82412	3.24504	10.18276	27.00147	62.40456
0.05	-4.75	0.15978	0.88757	3.43194	10.6087	27.75091	63.31042
0.05	-4.7	0.17639	0.95489	3.62565	11.03999	28.48665	64.14427
0.05	-4.65	0.19453	1.02618	3.82605	11.47565	29.20581	64.90104
0.05	-4.6	0.2143	1.10154	4.03296	11.91456	29.90542	65.57566
0.05	-4.55	0.2358	1.18106	4.24617	12.35556	30.58241	66.16329
0.05	-4.5	0.25915	1.26481	4.46543	12.79738	31.23366	66.65916
0.05	-4.45	0.28445	1.35284	4.69042	13.23867	31.85595	67.05876
0.05	-4.4	0.31179	1.44518	4.9208	13.67799	32.44605	67.3578
0.05	-4.35	0.34129	1.54185	5.15615	14.11382	33.00066	67.55225
0.05	-4.3	0.37303	1.64283	5.39603	14.54457	33.51649	67.63842
0.05	-4.25	0.4071	1.74809	5.63992	14.96855	33.99024	67.613
0.05	-4.2	0.44356	1.85758	5.88728	15.38402	34.4186	67.47302
0.05	-4.15	0.4825	1.9712	6.13751	15.78915	34.79835	67.21603
0.05	-4.1	0.52395	2.08887	6.38993	16.18205	35.12628	66.84
0.05	-4.05	0.56795	2.21044	6.64385	16.56075	35.39927	66.34347
0.05	-4.	0.61454	2.33577	6.89851	16.92324	35.61435	65.72557
0.05	-3.95	0.66373	2.46468	7.15308	17.26745	35.76862	64.98599
0.05	-3.9	0.71553	2.59696	7.40671	17.59125	35.8594	64.12511
0.05	-3.85	0.7699	2.73239	7.65848	17.8925	35.88417	63.14398
0.05	-3.8	0.82681	2.87072	7.9074	18.169	35.84066	62.04443
0.05	-3.75	0.8862	3.01169	8.15246	18.41854	35.72684	60.82892
0.05	-3.7	0.94803	3.15502	8.39255	18.63889	35.541	59.50081
0.05	-3.65	1.01226	3.30041	8.62653	18.82784	35.28174	58.06415
0.05	-3.6	1.07879	3.44752	8.85319	18.98318	34.94806	56.52387
0.05	-3.55	1.14756	3.596	9.07124	19.10274	34.53937	54.88564
0.05	-3.5	1.21845	3.7455	9.27933	19.18443	34.05552	53.15598
0.05	-3.45	1.2914	3.89561	9.47604	19.2262	33.49685	51.3421
0.05	-3.4	1.36635	4.04591	9.65989	19.22615	32.86424	49.45203
0.05	-3.35	1.44326	4.19595	9.82929	19.1825	32.15914	47.4945
0.05	-3.3	1.5221	4.34521	9.98261	19.09365	31.38356	45.47881
0.05	-3.25	1.60285	4.49312	10.11814	18.95822	30.54019	43.41496
0.05	-3.2	1.68552	4.63905	10.2341	18.77507	29.63226	41.3133
0.05	-3.15	1.77013	4.78229	10.32867	18.54338	28.66375	39.18469
0.05	-3.1	1.8568	4.92202	10.39998	18.2627	27.63922	37.04023
0.05	-3.05	1.94569	5.05729	10.44616	17.93294	26.56389	34.89118
0.05	-3.	2.03689	5.187	10.46535	17.55449	25.44355	32.74882
0.05	-2.95	2.13045	5.3099	10.45575	17.12823	24.28458	30.62433
0.05	-2.9	2.22639	5.42458	10.41568	16.65558	23.09388	28.52868
0.05	-2.85	2.32468	5.52944	10.34359	16.13852	21.87874	26.47233
0.05	-2.8	2.42519	5.62273	10.23819	15.57964	20.64683	24.46532
0.05	-2.75	2.52772	5.70251	10.09845	14.98213	19.40601	22.51688
0.05	-2.7	2.63177	5.76668	9.92372	14.34979	18.16431	20.63553
0.05	-2.65	2.73662	5.81303	9.7138	13.68698	16.92967	18.82876
0.05	-2.6	2.84127	5.83931	9.46901	12.99861	15.70995	17.10313
0.05	-2.55	2.94429	5.84325	9.19028	12.29001	14.51265	15.46404
0.05	-2.5	3.04368	5.82273	8.87917	11.5669	13.34485	13.91574
0.05	-2.45	3.1368	5.77594	8.53794	10.83524	12.21311	12.46142
0.05	-2.4	3.22068	5.70151	8.16953	10.10105	11.12324	11.10297
0.05	-2.35	3.29201	5.5987	7.7775	9.37033	10.08035	9.84132
0.05	-2.3	3.34728	5.4675	7.36594	8.64887	9.08865	8.67622
0.05	-2.25	3.38297	5.30878	6.93936	7.94211	8.15154	7.60652
0.05	-2.2	3.39622	5.12431	6.50252	7.25502	7.27154	6.63018
0.05	-2.15	3.38536	4.91666	6.06022	6.592	6.45029	5.74439
0.05	-2.1	3.34965	4.68903	5.61715	5.95681	5.68862	4.94565
0.05	-2.05	3.28935	4.44505	5.17773	5.35256	4.98661	4.22993
0.05	-2.	3.20598	4.18865	4.746	4.78168	4.34371	3.59279
0.05	-1.95	3.10171	3.92372	4.32551	4.24596	3.7587	3.02941
0.05	-1.9	2.97966	3.65406	3.91934	3.74659	3.22991	2.53477
0.05	-1.85	2.84349	3.38304	3.52999	3.2842	2.75515	2.10366
0.05	-1.8	2.69614	3.11365	3.15954	2.85896	2.33195	1.73086
0.05	-1.75	2.5405	2.8485	2.8096	2.47055	1.95749	1.41111
0.05	-1.7	2.37905	2.58987	2.48138	2.11833	1.62874	1.13926
0.05	-1.65	2.21391	2.33975	2.17571	1.80125	1.34251	0.91026
0.05	-1.6	2.04746	2.09985	1.89306	1.51804	1.09549	0.71928
0.05	-1.55	1.88197	1.87145	1.63358	1.26714	0.88431	0.56167
0.05	-1.5	1.71899	1.65557	1.39715	1.04681	0.70561	0.43308
0.05	-1.45	1.55997	1.45294	1.18346	0.85517	0.55605	0.32946
0.05	-1.4	1.40596	1.26409	0.99194	0.69018	0.43234	0.24703
0.05	-1.35	1.25776	1.08939	0.82188	0.54973	0.33135	0.1824
0.05	-1.3	1.11619	0.92905	0.67239	0.43164	0.25004	0.13249
0.05	-1.25	0.98202	0.7831	0.54247	0.3337	0.18557	0.09456
0.05	-1.2	0.85551	0.65146	0.43097	0.25368	0.13529	0.06625
0.05	-1.15	0.73692	0.53395	0.33664	0.18939	0.09678	0.0455
0.05	-1.1	0.6264	0.43033	0.25814	0.13866	0.06784	0.0306
0.05	-1.05	0.52391	0.34033	0.19401	0.09942	0.04653	0.02012
0.05	-1.	0.42983	0.26362	0.1427	0.06972	0.03119	0.01291
0.05	-0.95	0.34507	0.19964	0.10257	0.04774	0.0204	0.00808
0.05	-0.9	0.27042	0.14758	0.07195	0.03188	0.01299	0.00492
0.05	-0.85	0.20649	0.10635	0.04916	0.02071	0.00804	0.0029
0.05	-0.8	0.15345	0.07459	0.03267	0.01307	0.00483	0.00166
0.05	-0.75	0.11085	0.05083	0.02106	0.00798	0.0028	0.00092
0.05	-0.7	0.07775	0.03358	0.01313	0.00471	0.00157	0.00049
0.05	-0.65	0.05285	0.02144	0.00789	0.00267	0.00084	0.00025
0.05	-0.6	0.03467	0.01317	0.00455	0.00145	0.00043	0.00012
0.05	-0.55	0.02185	0.00775	0.00251	0.00075	0.00021	0.00006
0.05	-0.5	0.01315	0.00434	0.00132	0.00037	0.0001	0.00002
0.05	-0.45	0.0075	0.0023	0.00066	0.00017	0.00004	0.00001
0.05	-0.4	0.00403	0.00116	0.00031	0.00008	0.00002	0.00000
0.05	-0.35	0.00205	0.00055	0.00014	0.00003	0.00000	0.00000
0.05	-0.3	0.00097	0.00024	0.00006	0.00001	0.00000	0.00000
0.05	-0.25	0.00043	0.0001	0.00002	0.00000	0.00000	0.00000
0.05	-0.2	0.00017	0.00004	0.00000	0.00000	0.00000	0.00000
0.05	-0.15	0.00007	0.00001	0.00000	0.00000	0.00000	0.00000
0.05	-0.1	0.00002	0.00000	0.00000	0.00000	0.00000	0.00000
0.05	-0.05	0.00000	0.00000	0.00000	0.00000	0.00000	0.00000
0.05	0.00	0.00000	0.00000	0.00000	0.00000	0.00000	0.00000
0.03	-8.9	0.00003	0.00057	0.00654	0.05169	0.31749	1.60899
0.03	-8.85	0.00003	0.00064	0.00719	0.05632	0.34305	1.72466
0.03	-8.8	0.00003	0.00071	0.0079	0.06135	0.37055	1.84797
0.03	-8.75	0.00004	0.00079	0.00868	0.06682	0.40013	1.97935
0.03	-8.7	0.00004	0.00087	0.00954	0.07275	0.43192	2.11927
0.03	-8.65	0.00005	0.00097	0.01048	0.07918	0.46608	2.2682
0.03	-8.6	0.00005	0.00107	0.01151	0.08617	0.50277	2.42665
0.03	-8.55	0.00006	0.00119	0.01264	0.09373	0.54216	2.59514
0.03	-8.5	0.00007	0.00132	0.01387	0.10194	0.58443	2.77422
0.03	-8.45	0.00008	0.00146	0.01523	0.11083	0.62978	2.96444
0.03	-8.4	0.00008	0.00162	0.01671	0.12046	0.67839	3.16639
0.03	-8.35	0.00009	0.0018	0.01833	0.13088	0.7305	3.38068
0.03	-8.3	0.00011	0.00199	0.0201	0.14217	0.7863	3.60793
0.03	-8.25	0.00012	0.00221	0.02204	0.15437	0.84605	3.8488
0.03	-8.2	0.00013	0.00245	0.02416	0.16757	0.90999	4.10394
0.03	-8.15	0.00015	0.00271	0.02648	0.18184	0.97838	4.37404
0.03	-8.1	0.00017	0.00301	0.02902	0.19726	1.05148	4.65981
0.03	-8.05	0.00019	0.00333	0.03179	0.21391	1.12959	4.96197
0.03	-8.	0.00021	0.00369	0.03481	0.23189	1.213	5.28126
0.03	-7.95	0.00024	0.00408	0.03811	0.25129	1.30202	5.61844
0.03	-7.9	0.00027	0.00452	0.04171	0.27222	1.39699	5.97427
0.03	-7.85	0.0003	0.005	0.04564	0.29477	1.49823	6.34955
0.03	-7.8	0.00034	0.00553	0.04993	0.31908	1.60609	6.74505
0.03	-7.75	0.00038	0.00612	0.0546	0.34527	1.72096	7.16159
0.03	-7.7	0.00042	0.00677	0.05969	0.37345	1.8432	7.59997
0.03	-7.65	0.00047	0.00749	0.06523	0.40378	1.9732	8.06101
0.03	-7.6	0.00053	0.00828	0.07127	0.4364	2.11139	8.54552
0.03	-7.55	0.00059	0.00916	0.07784	0.47145	2.25816	9.05431
0.03	-7.5	0.00067	0.01012	0.08499	0.50911	2.41397	9.58819
0.03	-7.45	0.00075	0.01118	0.09277	0.54954	2.57924	10.14796
0.03	-7.4	0.00084	0.01235	0.10122	0.59293	2.75445	10.7344
0.03	-7.35	0.00094	0.01364	0.1104	0.63946	2.94005	11.34828
0.03	-7.3	0.00105	0.01507	0.12037	0.68933	3.13651	11.99034
0.03	-7.25	0.00118	0.01663	0.13119	0.74274	3.34433	12.66131
0.03	-7.2	0.00132	0.01836	0.14293	0.79992	3.564	13.36186
0.03	-7.15	0.00148	0.02026	0.15566	0.86108	3.796	14.09266
0.03	-7.1	0.00166	0.02235	0.16946	0.92648	4.04085	14.85431
0.03	-7.05	0.00186	0.02464	0.18441	0.99634	4.29905	15.64736
0.03	-7.	0.00209	0.02717	0.2006	1.07092	4.5711	16.47232
0.03	-6.95	0.00234	0.02995	0.21811	1.15049	4.85751	17.32962
0.03	-6.9	0.00262	0.033	0.23705	1.23532	5.15877	18.21964
0.03	-6.85	0.00293	0.03635	0.25752	1.32569	5.47538	19.14266
0.03	-6.8	0.00329	0.04003	0.27963	1.42189	5.80781	20.09889
0.03	-6.75	0.00368	0.04406	0.30349	1.52421	6.15654	21.08846
0.03	-6.7	0.00412	0.04849	0.32924	1.63295	6.52202	22.11138
0.03	-6.65	0.00462	0.05334	0.357	1.74843	6.90468	23.16756
0.03	-6.6	0.00517	0.05866	0.3869	1.87096	7.30493	24.25679
0.03	-6.55	0.00578	0.06449	0.41909	2.00086	7.72316	25.37876
0.03	-6.5	0.00647	0.07086	0.45372	2.13844	8.15971	26.533
0.03	-6.45	0.00725	0.07784	0.49095	2.28404	8.6149	27.71892
0.03	-6.4	0.00811	0.08546	0.53094	2.43797	9.089	28.93578
0.03	-6.35	0.00907	0.0938	0.57386	2.60055	9.58224	30.18269
0.03	-6.3	0.01015	0.1029	0.61989	2.7721	10.09479	31.4586
0.03	-6.25	0.01135	0.11284	0.66921	2.95294	10.62679	32.76229
0.03	-6.2	0.0127	0.12368	0.72202	3.14336	11.17827	34.09237
0.03	-6.15	0.01419	0.1355	0.7785	3.34366	11.74926	35.44728
0.03	-6.1	0.01587	0.14837	0.83887	3.55412	12.33965	36.82527
0.03	-6.05	0.01773	0.16238	0.90332	3.77501	12.9493	38.22439
0.03	-6.	0.01981	0.17762	0.97206	4.00658	13.57798	39.64255
0.03	-5.95	0.02213	0.19419	1.04531	4.24904	14.22536	41.0774
0.03	-5.9	0.02471	0.21218	1.12328	4.5026	14.89103	42.52645
0.03	-5.85	0.02758	0.2317	1.20618	4.76744	15.57446	43.987
0.03	-5.8	0.03078	0.25286	1.29424	5.04369	16.27505	45.45614
0.03	-5.75	0.03433	0.27579	1.38765	5.33146	16.99208	46.9308
0.03	-5.7	0.03828	0.30059	1.48664	5.63081	17.72472	48.4077
0.03	-5.65	0.04268	0.32741	1.5914	5.94178	18.47202	49.88338
0.03	-5.6	0.04755	0.35637	1.70213	6.26434	19.23293	51.3542
0.03	-5.55	0.05296	0.38761	1.81902	6.59841	20.00626	52.81636
0.03	-5.5	0.05895	0.42127	1.94225	6.94388	20.79073	54.2659
0.03	-5.45	0.06559	0.4575	2.07198	7.30055	21.5849	55.69867
0.03	-5.4	0.07294	0.49644	2.20835	7.66819	22.38725	57.11043
0.03	-5.35	0.08107	0.53825	2.3515	8.04648	23.1961	58.49678
0.03	-5.3	0.09004	0.58308	2.50154	8.43505	24.00967	59.85322
0.03	-5.25	0.09995	0.63107	2.65853	8.83346	24.82607	61.17513
0.03	-5.2	0.11086	0.68238	2.82255	9.24119	25.64328	62.45783
0.03	-5.15	0.12288	0.73716	2.99362	9.65766	26.45918	63.69656
0.03	-5.1	0.13609	0.79554	3.17172	10.08219	27.27152	64.88652
0.03	-5.05	0.1506	0.85767	3.35683	10.51404	28.07797	66.02288
0.03	-5.	0.1665	0.92367	3.54886	10.95241	28.87611	67.1008
0.03	-4.95	0.18391	0.99365	3.74769	11.3964	29.66342	68.11547
0.03	-4.9	0.20293	1.06774	3.95316	11.84503	30.43729	69.06211
0.03	-4.85	0.22368	1.146	4.16508	12.29728	31.19506	69.93599
0.03	-4.8	0.24627	1.22853	4.38318	12.75202	31.93401	70.7325
0.03	-4.75	0.27083	1.31537	4.60717	13.20807	32.65133	71.4471
0.03	-4.7	0.29746	1.40656	4.8367	13.66418	33.34422	72.07541
0.03	-4.65	0.32627	1.50211	5.07139	14.11905	34.0098	72.61323
0.03	-4.6	0.35737	1.602	5.3108	14.57129	34.64521	73.0565
0.03	-4.55	0.39086	1.70619	5.55443	15.01949	35.24757	73.40142
0.03	-4.5	0.42685	1.8146	5.80176	15.46216	35.81397	73.64441
0.03	-4.45	0.46539	1.92713	6.05222	15.8978	36.34157	73.78215
0.03	-4.4	0.50657	2.04365	6.30518	16.32483	36.82752	73.81167
0.03	-4.35	0.55043	2.16399	6.55999	16.74167	37.26901	73.73026
0.03	-4.3	0.597	2.28796	6.81595	17.14669	37.66331	73.53559
0.03	-4.25	0.6463	2.41533	7.07235	17.53824	38.00774	73.22574
0.03	-4.2	0.69834	2.54584	7.32843	17.91465	38.29969	72.79915
0.03	-4.15	0.75309	2.67921	7.5834	18.27425	38.53666	72.25476
0.03	-4.1	0.81049	2.81513	7.83647	18.61533	38.71625	71.59193
0.03	-4.05	0.87046	2.95327	8.08681	18.93619	38.83618	70.81053
0.03	-4.	0.9329	3.09327	8.33359	19.23512	38.89434	69.91102
0.03	-3.95	0.9977	3.23477	8.57594	19.51042	38.88874	68.89431
0.03	-3.9	1.06471	3.37738	8.81301	19.76039	38.81759	67.76198
0.03	-3.85	1.13376	3.52073	9.04391	19.98331	38.67929	66.51615
0.03	-3.8	1.20465	3.66442	9.26775	20.17751	38.47248	65.15967
0.03	-3.75	1.27715	3.80807	9.48364	20.3413	38.19601	63.69591
0.03	-3.7	1.35105	3.95129	9.69065	20.47303	37.84905	62.12904
0.03	-3.65	1.42615	4.09372	9.88785	20.57107	37.43102	60.46378
0.03	-3.6	1.50224	4.23497	10.07427	20.63381	36.94171	58.70566
0.03	-3.55	1.57907	4.37471	10.24892	20.6597	36.38125	56.86081
0.03	-3.5	1.6564	4.51258	10.41078	20.64726	35.75016	54.93609
0.03	-3.45	1.73403	4.64825	10.55878	20.59503	35.0494	52.93895
0.03	-3.4	1.81182	4.78141	10.6918	20.50171	34.28035	50.87751
0.03	-3.35	1.88972	4.9117	10.80868	20.36607	33.44494	48.76055
0.03	-3.3	1.9676	5.03878	10.90818	20.18704	32.54554	46.59727
0.03	-3.25	2.04543	5.16225	10.98901	19.96375	31.58513	44.39748
0.03	-3.2	2.12319	5.28169	11.04982	19.6955	30.56716	42.17127
0.03	-3.15	2.20094	5.39662	11.08921	19.38188	29.49573	39.92915
0.03	-3.1	2.27878	5.50649	11.10574	19.02277	28.37546	37.68181
0.03	-3.05	2.35691	5.61062	11.09792	18.61839	27.21156	35.44006
0.03	-3.	2.43549	5.70825	11.06428	18.16934	26.00972	33.21466
0.03	-2.95	2.51469	5.79843	11.00335	17.67668	24.77618	31.01624
0.03	-2.9	2.59468	5.8801	10.91375	17.14193	23.51766	28.85521
0.03	-2.85	2.67566	5.95199	10.7942	16.56714	22.24117	26.74145
0.03	-2.8	2.75781	6.01266	10.64361	15.9549	20.95414	24.6844
0.03	-2.75	2.84117	6.06044	10.4611	15.30834	19.6641	22.69269
0.03	-2.7	2.92552	6.09347	10.24616	14.63119	18.37876	20.77428
0.03	-2.65	3.0104	6.10975	9.99864	13.92769	17.10569	18.93605
0.03	-2.6	3.09505	6.1072	9.71893	13.20261	15.85242	17.18404
0.03	-2.55	3.17823	6.08369	9.40793	12.4611	14.62606	15.52308
0.03	-2.5	3.25808	6.03721	9.0672	11.7087	13.43335	13.95692
0.03	-2.45	3.33219	5.96603	8.69894	10.95116	12.28046	12.48826
0.03	-2.4	3.39781	5.86883	8.30601	10.19429	11.17287	11.11854
0.03	-2.35	3.45167	5.74486	7.89189	9.44389	10.11533	9.84825
0.03	-2.3	3.49031	5.59413	7.46055	8.70551	9.11172	8.67674
0.03	-2.25	3.51032	5.41746	7.01641	7.98438	8.16514	7.60252
0.03	-2.2	3.50893	5.2166	6.5641	7.28525	7.27776	6.62319
0.03	-2.15	3.48443	4.99405	6.1083	6.61231	6.45096	5.73565
0.03	-2.1	3.43596	4.75293	5.65359	5.96909	5.68529	4.93614
0.03	-2.05	3.36383	4.49687	5.20426	5.3585	4.98058	4.22039
0.03	-2.	3.26937	4.22972	4.76424	4.78276	4.33604	3.58377
0.03	-1.95	3.15476	3.95538	4.33694	4.24346	3.75024	3.02126
0.03	-1.9	3.02324	3.67761	3.92529	3.74159	3.22131	2.52773
0.03	-1.85	2.87858	3.3997	3.53166	3.27762	2.74692	2.09784
0.03	-1.8	2.72372	3.12456	3.15797	2.85153	2.32444	1.72628
0.03	-1.75	2.56154	2.8547	2.80569	2.46288	1.95092	1.40772
0.03	-1.7	2.39441	2.59229	2.4759	2.11086	1.62325	1.13695
0.03	-1.65	2.22451	2.33923	2.1693	1.79433	1.33812	0.9089
0.03	-1.6	2.05412	2.0971	1.88625	1.5119	1.09219	0.7187
0.03	-1.55	1.88535	1.8671	1.62679	1.26193	0.88202	0.56172
0.03	-1.5	1.71973	1.65015	1.39074	1.04259	0.70421	0.43361
0.03	-1.45	1.55855	1.44692	1.17766	0.85195	0.5554	0.33031
0.03	-1.4	1.40273	1.25789	0.98694	0.6879	0.4323	0.24808
0.03	-1.35	1.2532	1.08339	0.81777	0.54831	0.33176	0.18353
0.03	-1.3	1.11091	0.92352	0.66922	0.43096	0.25077	0.13362
0.03	-1.25	0.97642	0.77823	0.5402	0.33361	0.1865	0.09562
0.03	-1.2	0.84991	0.64737	0.42953	0.25405	0.1363	0.0672
0.03	-1.15	0.73154	0.53072	0.33594	0.19006	0.09779	0.04632
0.03	-1.1	0.6214	0.42799	0.25805	0.13952	0.06878	0.03128
0.03	-1.05	0.51954	0.33887	0.19438	0.10036	0.04737	0.02066
0.03	-1.	0.42637	0.26296	0.14339	0.07064	0.0319	0.01333
0.03	-0.95	0.34265	0.19964	0.10344	0.04859	0.02097	0.00839
0.03	-0.9	0.26902	0.14806	0.07286	0.03261	0.01344	0.00514
0.03	-0.85	0.20603	0.10713	0.05003	0.02131	0.00837	0.00306
0.03	-0.8	0.15373	0.07549	0.03343	0.01354	0.00506	0.00176
0.03	-0.75	0.11155	0.05173	0.0217	0.00834	0.00296	0.00098
0.03	-0.7	0.07862	0.03439	0.01364	0.00496	0.00168	0.00053
0.03	-0.65	0.05376	0.02213	0.00827	0.00285	0.00091	0.00027
0.03	-0.6	0.03553	0.01372	0.00483	0.00157	0.00047	0.00013
0.03	-0.55	0.02261	0.00817	0.0027	0.00083	0.00024	0.00006
0.03	-0.5	0.01377	0.00464	0.00144	0.00041	0.00011	0.00003
0.03	-0.45	0.00798	0.0025	0.00073	0.0002	0.00005	0.00001
0.03	-0.4	0.00437	0.00128	0.00035	0.00009	0.00002	0.00000
0.03	-0.35	0.00225	0.00062	0.00016	0.00004	0.00000	0.00000
0.03	-0.3	0.00109	0.00028	0.00007	0.00001	0.00000	0.00000
0.03	-0.25	0.0005	0.00012	0.00003	0.00000	0.00000	0.00000
0.03	-0.2	0.00021	0.00005	0.00000	0.00000	0.00000	0.00000
0.03	-0.15	0.00008	0.00002	0.00000	0.00000	0.00000	0.00000
0.03	-0.1	0.00003	0.00000	0.00000	0.00000	0.00000	0.00000
0.03	-0.05	0.00000	0.00000	0.00000	0.00000	0.00000	0.00000
0.03	0.00	0.00000	0.00000	0.00000	0.00000	0.00000	0.00000
0.01	-8.9	0.0001	0.00195	0.02026	0.14701	0.83139	3.89047
0.01	-8.85	0.00011	0.00216	0.02223	0.15977	0.89539	4.15429
0.01	-8.8	0.00013	0.0024	0.02439	0.17358	0.96396	4.4341
0.01	-8.75	0.00014	0.00266	0.02675	0.18852	1.03739	4.7307
0.01	-8.7	0.00016	0.00295	0.02933	0.20468	1.11597	5.04492
0.01	-8.65	0.00018	0.00326	0.03215	0.22216	1.20004	5.37761
0.01	-8.6	0.0002	0.00362	0.03524	0.24105	1.28993	5.72964
0.01	-8.55	0.00022	0.00401	0.03861	0.26145	1.38599	6.1019
0.01	-8.5	0.00025	0.00444	0.04229	0.28348	1.48858	6.4953
0.01	-8.45	0.00028	0.00491	0.04631	0.30727	1.5981	6.91078
0.01	-8.4	0.00032	0.00544	0.0507	0.33293	1.71495	7.3493
0.01	-8.35	0.00035	0.00602	0.05549	0.36059	1.83954	7.81181
0.01	-8.3	0.0004	0.00667	0.06071	0.39042	1.97231	8.29931
0.01	-8.25	0.00045	0.00738	0.06641	0.42255	2.11372	8.81277
0.01	-8.2	0.0005	0.00816	0.07262	0.45715	2.26423	9.3532
0.01	-8.15	0.00056	0.00903	0.07939	0.49438	2.42434	9.92161
0.01	-8.1	0.00063	0.00998	0.08676	0.53444	2.59453	10.519
0.01	-8.05	0.00071	0.01104	0.09478	0.5775	2.77535	11.14636
0.01	-8.	0.00079	0.0122	0.10351	0.62378	2.96731	11.80471
0.01	-7.95	0.00089	0.01349	0.11301	0.67347	3.17097	12.49501
0.01	-7.9	0.00099	0.01491	0.12334	0.72681	3.3869	13.21824
0.01	-7.85	0.00112	0.01647	0.13456	0.78403	3.61567	13.97535
0.01	-7.8	0.00125	0.01819	0.14676	0.84537	3.85786	14.76724
0.01	-7.75	0.0014	0.02009	0.16	0.91109	4.11409	15.59481
0.01	-7.7	0.00157	0.02217	0.17437	0.98145	4.38495	16.4589
0.01	-7.65	0.00176	0.02447	0.18996	1.05675	4.67106	17.36031
0.01	-7.6	0.00197	0.02701	0.20686	1.13727	4.97305	18.29977
0.01	-7.55	0.00221	0.02979	0.22518	1.22331	5.29152	19.27798
0.01	-7.5	0.00248	0.03286	0.24502	1.3152	5.62712	20.29554
0.01	-7.45	0.00278	0.03622	0.26649	1.41325	5.98045	21.35298
0.01	-7.4	0.00311	0.03993	0.28972	1.51781	6.35213	22.45076
0.01	-7.35	0.00349	0.044	0.31484	1.62923	6.74276	23.58923
0.01	-7.3	0.00391	0.04846	0.34198	1.74785	7.15294	24.76863
0.01	-7.25	0.00438	0.05337	0.3713	1.87406	7.58324	25.98909
0.01	-7.2	0.0049	0.05875	0.40293	2.00823	8.03421	27.25064
0.01	-7.15	0.00549	0.06465	0.43705	2.15073	8.50639	28.55315
0.01	-7.1	0.00615	0.07112	0.47382	2.30197	9.00027	29.89635
0.01	-7.05	0.00689	0.07822	0.51342	2.46234	9.51631	31.27985
0.01	-7.	0.00771	0.08598	0.55605	2.63222	10.05494	32.70306
0.01	-6.95	0.00863	0.09448	0.60189	2.81203	10.61652	34.16525
0.01	-6.9	0.00966	0.10378	0.65115	3.00217	11.20139	35.66551
0.01	-6.85	0.01081	0.11396	0.70405	3.20302	11.8098	37.20273
0.01	-6.8	0.0121	0.12507	0.76081	3.41499	12.44196	38.77563
0.01	-6.75	0.01353	0.13721	0.82165	3.63845	13.098	40.38271
0.01	-6.7	0.01514	0.15046	0.88682	3.87378	13.77795	42.02228
0.01	-6.65	0.01693	0.16491	0.95656	4.12135	14.4818	43.69243
0.01	-6.6	0.01893	0.18067	1.03112	4.38148	15.20942	45.39103
0.01	-6.55	0.02116	0.19783	1.11077	4.65451	15.96058	47.11576
0.01	-6.5	0.02365	0.21651	1.19576	4.94074	16.73496	48.86405
0.01	-6.45	0.02642	0.23683	1.28636	5.24043	17.53213	50.63312
0.01	-6.4	0.02952	0.25892	1.38284	5.55382	18.35153	52.41997
0.01	-6.35	0.03297	0.2829	1.48547	5.88111	19.19249	54.22139
0.01	-6.3	0.03681	0.30892	1.59451	6.22245	20.05422	56.03394
0.01	-6.25	0.04108	0.33713	1.71025	6.57797	20.93579	57.85399
0.01	-6.2	0.04584	0.36767	1.83293	6.94771	21.83613	59.67768
0.01	-6.15	0.05112	0.40073	1.96281	7.33168	22.75403	61.50099
0.01	-6.1	0.05699	0.43646	2.10015	7.72982	23.68816	63.31971
0.01	-6.05	0.06351	0.47503	2.24517	8.14201	24.63702	65.12943
0.01	-6.	0.07075	0.51664	2.39809	8.56805	25.59899	66.92563
0.01	-5.95	0.07877	0.56146	2.55912	9.00767	26.5723	68.70362
0.01	-5.9	0.08766	0.6097	2.72842	9.46051	27.55502	70.45862
0.01	-5.85	0.09751	0.66153	2.90617	9.92614	28.54512	72.18571
0.01	-5.8	0.1084	0.71716	3.09247	10.40404	29.5404	73.87991
0.01	-5.75	0.12043	0.77678	3.28742	10.89359	30.53856	75.5362
0.01	-5.7	0.13372	0.8406	3.49107	11.39409	31.53715	77.14949
0.01	-5.65	0.14837	0.90879	3.70345	11.90473	32.53363	78.7147
0.01	-5.6	0.16451	0.98155	3.92451	12.42461	33.52535	80.22679
0.01	-5.55	0.18225	1.05905	4.15417	12.95273	34.50956	81.68071
0.01	-5.5	0.20173	1.14147	4.39231	13.488	35.48344	83.07153
0.01	-5.45	0.2231	1.22897	4.63873	14.02924	36.4441	84.3944
0.01	-5.4	0.2465	1.32168	4.89318	14.57517	37.38861	85.64457
0.01	-5.35	0.27208	1.41973	5.15534	15.12441	38.31397	86.81746
0.01	-5.3	0.3	1.52321	5.42485	15.67552	39.21722	87.90869
0.01	-5.25	0.33042	1.6322	5.70125	16.22697	40.09533	88.91402
0.01	-5.2	0.36351	1.74673	5.98402	16.77717	40.94534	89.82946
0.01	-5.15	0.39941	1.86682	6.27258	17.32446	41.76431	90.65128
0.01	-5.1	0.43828	1.99244	6.56628	17.86713	42.54934	91.37596
0.01	-5.05	0.48028	2.1235	6.86439	18.40344	43.29762	92.00032
0.01	-5.	0.52553	2.2599	7.16613	18.93161	44.00641	92.5214
0.01	-4.95	0.57418	2.40147	7.47065	19.44985	44.67308	92.93659
0.01	-4.9	0.62632	2.548	7.77703	19.95637	45.29514	93.2436
0.01	-4.85	0.68206	2.69922	8.08432	20.44936	45.87019	93.4404
0.01	-4.8	0.74145	2.85482	8.39151	20.92708	46.39603	93.52538
0.01	-4.75	0.80456	3.01442	8.69755	21.38779	46.87058	93.49715
0.01	-4.7	0.87141	3.17761	9.00136	21.82983	47.29194	93.3547
0.01	-4.65	0.94198	3.3439	9.30185	22.25156	47.65838	93.09738
0.01	-4.6	1.0162	3.51276	9.59789	22.65146	47.96835	92.72476
0.01	-4.55	1.09401	3.68362	9.88838	23.02808	48.22048	92.23685
0.01	-4.5	1.17526	3.85585	10.17222	23.38004	48.41357	91.63387
0.01	-4.45	1.25978	4.0288	10.44833	23.7061	48.54661	90.91638
0.01	-4.4	1.34733	4.20178	10.71566	24.0051	48.61876	90.08529
0.01	-4.35	1.43762	4.37407	10.97321	24.27601	48.62934	89.14171
0.01	-4.3	1.53035	4.54495	11.22004	24.51789	48.57784	88.08708
0.01	-4.25	1.62517	4.71369	11.45527	24.72995	48.4639	86.92319
0.01	-4.2	1.72169	4.87955	11.67807	24.91147	48.28728	85.65198
0.01	-4.15	1.81946	5.04181	11.88773	25.06186	48.04793	84.27583
0.01	-4.1	1.91797	5.19979	12.08359	25.18063	47.74586	82.79727
0.01	-4.05	2.01668	5.35283	12.26509	25.26735	47.38123	81.2192
0.01	-4.	2.11511	5.50034	12.43177	25.3217	46.95433	79.54484
0.01	-3.95	2.2128	5.64176	12.58323	25.34341	46.46552	77.77764
0.01	-3.9	2.30921	5.77658	12.71916	25.33227	45.91528	75.92144
0.01	-3.85	2.40378	5.90438	12.83933	25.2881	45.3042	73.98037
0.01	-3.8	2.49597	6.02481	12.94359	25.21076	44.63299	71.95899
0.01	-3.75	2.58523	6.13761	13.03184	25.10013	43.90245	69.86211
0.01	-3.7	2.67116	6.24262	13.10401	24.95608	43.11355	67.69505
0.01	-3.65	2.75352	6.33973	13.16006	24.77847	42.26735	65.46337
0.01	-3.6	2.83193	6.4289	13.19997	24.56719	41.36514	63.17318
0.01	-3.55	2.90606	6.51015	13.22372	24.32207	40.40835	60.83093
0.01	-3.5	2.97568	6.58362	13.23128	24.04297	39.39867	58.44349
0.01	-3.45	3.04059	6.64946	13.22255	23.72971	38.33796	56.0181
0.01	-3.4	3.10082	6.70791	13.19739	23.38214	37.22842	53.56241
0.01	-3.35	3.15655	6.75921	13.15561	23.00013	36.07254	51.08452
0.01	-3.3	3.20787	6.80356	13.09688	22.58358	34.87309	48.59272
0.01	-3.25	3.25497	6.84119	13.02084	22.1325	33.63329	46.09574
0.01	-3.2	3.29813	6.87228	12.92699	21.64694	32.35663	43.6024
0.01	-3.15	3.33767	6.89697	12.81475	21.12715	31.0471	41.12184
0.01	-3.1	3.37411	6.91532	12.68344	20.57353	29.70902	38.6632
0.01	-3.05	3.40804	6.92724	12.53231	19.98672	28.34717	36.23567
0.01	-3.	3.4399	6.93252	12.36051	19.36761	26.96668	33.84831
0.01	-2.95	3.47025	6.9308	12.1672	18.71744	25.57308	31.50999
0.01	-2.9	3.49961	6.92154	11.95154	18.03778	24.17226	29.22934
0.01	-2.85	3.52844	6.90401	11.7127	17.33061	22.77032	27.01445
0.01	-2.8	3.55723	6.87727	11.45	16.59835	21.37369	24.87299
0.01	-2.75	3.58628	6.84019	11.1629	15.84384	19.98881	22.81186
0.01	-2.7	3.61569	6.79141	10.85112	15.0704	18.62229	20.83732
0.01	-2.65	3.64537	6.72942	10.51465	14.28178	17.28056	18.95467
0.01	-2.6	3.67493	6.65259	10.15392	13.48217	15.96997	17.16843
0.01	-2.55	3.70359	6.55921	9.76978	12.67607	14.69651	15.48199
0.01	-2.5	3.73005	6.4476	9.36362	11.86831	13.46579	13.89781
0.01	-2.45	3.75233	6.31629	8.93741	11.0639	12.28292	12.41736
0.01	-2.4	3.7681	6.16414	8.49365	10.2679	11.15233	11.041
0.01	-2.35	3.77472	5.99049	8.03541	9.48532	10.07783	9.76823
0.01	-2.3	3.76921	5.79527	7.56621	8.72098	9.0624	8.59754
0.01	-2.25	3.74852	5.57917	7.08995	7.97939	8.10832	7.52664
0.01	-2.2	3.70993	5.34366	6.61076	7.26461	7.21701	6.55249
0.01	-2.15	3.65172	5.09099	6.13282	6.58018	6.38919	5.6714
0.01	-2.1	3.57321	4.82397	5.66018	5.92904	5.62479	4.87911
0.01	-2.05	3.4744	4.54583	5.19668	5.31354	4.92312	4.17096
0.01	-2.	3.35643	4.26012	4.74578	4.73542	4.2829	3.54196
0.01	-1.95	3.22132	3.97039	4.3105	4.19578	3.70231	2.98685
0.01	-1.9	3.07215	3.68008	3.89335	3.69523	3.17913	2.50027
0.01	-1.85	2.91243	3.39215	3.49635	3.23385	2.71071	2.07674
0.01	-1.8	2.74473	3.10921	3.12109	2.81129	2.29419	1.71085
0.01	-1.75	2.57157	2.83354	2.76874	2.42681	1.92641	1.3972
0.01	-1.7	2.39533	2.56711	2.4401	2.07936	1.60411	1.13058
0.01	-1.65	2.21816	2.31158	2.1356	1.76757	1.32387	0.90591
0.01	-1.6	2.04208	2.06827	1.85538	1.48985	1.08225	0.71837
0.01	-1.55	1.86894	1.83821	1.59926	1.24441	0.87579	0.56337
0.01	-1.5	1.70016	1.62213	1.36686	1.0293	0.70105	0.43665
0.01	-1.45	1.53698	1.42052	1.15759	0.84249	0.55469	0.33421
0.01	-1.4	1.3802	1.23369	0.97067	0.6818	0.43346	0.25242
0.01	-1.35	1.23037	1.0618	0.80519	0.54506	0.33425	0.18797
0.01	-1.3	1.08833	0.90489	0.66008	0.43002	0.2541	0.13788
0.01	-1.25	0.95484	0.76278	0.53417	0.33446	0.19025	0.09954
0.01	-1.2	0.82993	0.63516	0.42621	0.25617	0.14016	0.07065
0.01	-1.15	0.71368	0.52171	0.33487	0.19301	0.1015	0.04926
0.01	-1.1	0.60623	0.42199	0.25873	0.14289	0.07217	0.03369
0.01	-1.05	0.50739	0.33553	0.19633	0.10383	0.05033	0.02258
0.01	-1.	0.41725	0.26186	0.14614	0.07396	0.03438	0.01481
0.01	-0.95	0.33656	0.20032	0.10659	0.05159	0.02298	0.00949
0.01	-0.9	0.26572	0.15001	0.07608	0.03519	0.015	0.00594
0.01	-0.85	0.20507	0.10986	0.05307	0.02343	0.00954	0.00361
0.01	-0.8	0.15459	0.07859	0.03613	0.0152	0.00591	0.00213
0.01	-0.75	0.11373	0.05483	0.02395	0.00959	0.00355	0.00122
0.01	-0.7	0.08157	0.03725	0.01543	0.00586	0.00206	0.00068
0.01	-0.65	0.05699	0.02457	0.00963	0.00346	0.00115	0.00036
0.01	-0.6	0.03858	0.01568	0.0058	0.00197	0.00062	0.00018
0.01	-0.55	0.02528	0.00965	0.00336	0.00107	0.00032	0.00009
0.01	-0.5	0.01598	0.0057	0.00186	0.00056	0.00016	0.00004
0.01	-0.45	0.00966	0.00321	0.00098	0.00028	0.00007	0.00002
0.01	-0.4	0.00554	0.00171	0.00049	0.00013	0.00003	0.00000
0.01	-0.35	0.003	0.00086	0.00023	0.00006	0.00001	0.00000
0.01	-0.3	0.00154	0.00041	0.0001	0.00002	0.00000	0.00000
0.01	-0.25	0.00073	0.00018	0.00004	0.00000	0.00000	0.00000
0.01	-0.2	0.00032	0.00007	0.00001	0.00000	0.00000	0.00000
0.01	-0.15	0.00013	0.00003	0.00000	0.00000	0.00000	0.00000
0.01	-0.1	0.00005	0.00000	0.00000	0.00000	0.00000	0.00000
0.01	-0.05	0.00001	0.00000	0.00000	0.00000	0.00000	0.00000
0.01	0.00	0.00000	0.00000	0.00000	0.00000	0.00000	0.00000
