mPhi[GeV]	Log[10,x]	n=1	n=2	n=3	n=4	n=5	n=6
10	-8.9	0.00000	0.00000	0.00003	0.00037	0.00302	0.02003
10	-8.85	0.00000	0.00000	0.00004	0.00041	0.0033	0.02171
10	-8.8	0.00000	0.00000	0.00004	0.00044	0.00359	0.02351
10	-8.75	0.00000	0.00000	0.00005	0.00049	0.00392	0.02547
10	-8.7	0.00000	0.00000	0.00005	0.00054	0.00427	0.02757
10	-8.65	0.00000	0.00000	0.00006	0.00059	0.00466	0.02985
10	-8.6	0.00000	0.00000	0.00006	0.00065	0.00507	0.03231
10	-8.55	0.00000	0.00000	0.00007	0.00071	0.00553	0.03495
10	-8.5	0.00000	0.00000	0.00008	0.00078	0.00602	0.03781
10	-8.45	0.00000	0.00000	0.00008	0.00085	0.00656	0.04089
10	-8.4	0.00000	0.00000	0.00009	0.00093	0.00714	0.04421
10	-8.35	0.00000	0.00000	0.0001	0.00102	0.00777	0.04778
10	-8.3	0.00000	0.00000	0.00011	0.00112	0.00846	0.05163
10	-8.25	0.00000	0.00000	0.00013	0.00123	0.0092	0.05577
10	-8.2	0.00000	0.00000	0.00014	0.00135	0.01001	0.06023
10	-8.15	0.00000	0.00001	0.00015	0.00148	0.01089	0.06503
10	-8.1	0.00000	0.00001	0.00017	0.00162	0.01184	0.0702
10	-8.05	0.00000	0.00001	0.00019	0.00177	0.01287	0.07575
10	-8.	0.00000	0.00001	0.00021	0.00194	0.01398	0.08171
10	-7.95	0.00000	0.00002	0.00023	0.00213	0.01519	0.08812
10	-7.9	0.00000	0.00002	0.00025	0.00233	0.0165	0.095
10	-7.85	0.00000	0.00002	0.00028	0.00255	0.01792	0.10239
10	-7.8	0.00000	0.00002	0.0003	0.00279	0.01946	0.11033
10	-7.75	0.00000	0.00003	0.00034	0.00305	0.02112	0.11883
10	-7.7	0.00000	0.00003	0.00037	0.00334	0.02292	0.12796
10	-7.65	0.00000	0.00003	0.00041	0.00365	0.02487	0.13774
10	-7.6	0.00000	0.00003	0.00045	0.00399	0.02697	0.14822
10	-7.55	0.00000	0.00004	0.0005	0.00436	0.02924	0.15944
10	-7.5	0.00000	0.00004	0.00055	0.00476	0.0317	0.17146
10	-7.45	0.00000	0.00005	0.0006	0.0052	0.03435	0.18432
10	-7.4	0.00000	0.00005	0.00066	0.00569	0.03721	0.19807
10	-7.35	0.00000	0.00006	0.00073	0.00621	0.0403	0.21278
10	-7.3	0.00000	0.00007	0.00081	0.00678	0.04363	0.22849
10	-7.25	0.00000	0.00007	0.00089	0.0074	0.04723	0.24528
10	-7.2	0.00000	0.00008	0.00098	0.00808	0.0511	0.26321
10	-7.15	0.00000	0.00009	0.00108	0.00881	0.05527	0.28234
10	-7.1	0.00000	0.0001	0.00118	0.00961	0.05977	0.30274
10	-7.05	0.00000	0.00011	0.0013	0.01048	0.06461	0.32449
10	-7.	0.00000	0.00012	0.00143	0.01142	0.06982	0.34767
10	-6.95	0.00000	0.00014	0.00158	0.01245	0.07543	0.37236
10	-6.9	0.00000	0.00015	0.00173	0.01357	0.08146	0.39863
10	-6.85	0.00000	0.00017	0.00191	0.01478	0.08794	0.42659
10	-6.8	0.00000	0.00019	0.00209	0.01609	0.0949	0.45631
10	-6.75	0.00000	0.00021	0.0023	0.01752	0.10238	0.4879
10	-6.7	0.00001	0.00023	0.00253	0.01907	0.11041	0.52145
10	-6.65	0.00001	0.00026	0.00278	0.02075	0.11902	0.55706
10	-6.6	0.00001	0.00028	0.00305	0.02257	0.12826	0.59483
10	-6.55	0.00002	0.00031	0.00335	0.02454	0.13816	0.63487
10	-6.5	0.00002	0.00035	0.00368	0.02668	0.14876	0.6773
10	-6.45	0.00002	0.00039	0.00404	0.029	0.16012	0.72222
10	-6.4	0.00002	0.00043	0.00443	0.0315	0.17227	0.76974
10	-6.35	0.00002	0.00048	0.00486	0.03421	0.18527	0.82
10	-6.3	0.00003	0.00053	0.00533	0.03714	0.19917	0.87309
10	-6.25	0.00003	0.00059	0.00585	0.04031	0.21401	0.92916
10	-6.2	0.00003	0.00065	0.00641	0.04373	0.22987	0.98831
10	-6.15	0.00004	0.00072	0.00703	0.04743	0.24679	1.05067
10	-6.1	0.00004	0.0008	0.0077	0.05142	0.26484	1.11637
10	-6.05	0.00005	0.00088	0.00843	0.05573	0.28407	1.18554
10	-6.	0.00005	0.00098	0.00924	0.06037	0.30456	1.25828
10	-5.95	0.00006	0.00108	0.01011	0.06538	0.32637	1.33473
10	-5.9	0.00007	0.0012	0.01107	0.07077	0.34957	1.41501
10	-5.85	0.00008	0.00133	0.01211	0.07658	0.37423	1.49923
10	-5.8	0.00009	0.00147	0.01325	0.08283	0.40043	1.58751
10	-5.75	0.0001	0.00163	0.01449	0.08956	0.42825	1.67995
10	-5.7	0.00011	0.0018	0.01584	0.09678	0.45775	1.77667
10	-5.65	0.00012	0.00199	0.01731	0.10455	0.48902	1.87776
10	-5.6	0.00014	0.0022	0.01891	0.11289	0.52214	1.98331
10	-5.55	0.00015	0.00244	0.02065	0.12184	0.55719	2.09341
10	-5.5	0.00017	0.00269	0.02254	0.13143	0.59424	2.20812
10	-5.45	0.00019	0.00298	0.0246	0.14172	0.6334	2.32751
10	-5.4	0.00022	0.00329	0.02684	0.15273	0.67472	2.45162
10	-5.35	0.00024	0.00364	0.02927	0.16453	0.7183	2.58049
10	-5.3	0.00027	0.00402	0.03191	0.17714	0.76422	2.71414
10	-5.25	0.00031	0.00444	0.03477	0.19061	0.81255	2.85256
10	-5.2	0.00034	0.0049	0.03787	0.20501	0.86338	2.99575
10	-5.15	0.00038	0.00541	0.04124	0.22037	0.91677	3.14365
10	-5.1	0.00043	0.00597	0.04488	0.23675	0.97279	3.29621
10	-5.05	0.00048	0.00659	0.04883	0.2542	1.03152	3.45335
10	-5.	0.00054	0.00727	0.0531	0.27278	1.093	3.61495
10	-4.95	0.00061	0.00801	0.05771	0.29254	1.15731	3.78088
10	-4.9	0.00068	0.00883	0.0627	0.31353	1.22447	3.95096
10	-4.85	0.00076	0.00974	0.06809	0.33583	1.29454	4.12499
10	-4.8	0.00086	0.01073	0.0739	0.35947	1.36754	4.30274
10	-4.75	0.00096	0.01181	0.08017	0.38453	1.4435	4.48395
10	-4.7	0.00108	0.01301	0.08692	0.41105	1.52241	4.6683
10	-4.65	0.0012	0.01432	0.0942	0.4391	1.60428	4.85546
10	-4.6	0.00135	0.01575	0.10203	0.46872	1.68909	5.04504
10	-4.55	0.00151	0.01733	0.11044	0.49997	1.7768	5.23662
10	-4.5	0.0017	0.01905	0.11948	0.53291	1.86736	5.42974
10	-4.45	0.0019	0.02094	0.12919	0.56757	1.9607	5.6239
10	-4.4	0.00213	0.023	0.13959	0.60401	2.05674	5.81855
10	-4.35	0.00238	0.02526	0.15074	0.64225	2.15535	6.01309
10	-4.3	0.00267	0.02772	0.16267	0.68235	2.2564	6.2069
10	-4.25	0.00299	0.03042	0.17543	0.72432	2.35975	6.39931
10	-4.2	0.00335	0.03336	0.18905	0.76819	2.4652	6.58959
10	-4.15	0.00375	0.03657	0.20359	0.81397	2.57254	6.777
10	-4.1	0.00419	0.04006	0.21909	0.86166	2.68153	6.96075
10	-4.05	0.00469	0.04387	0.23558	0.91126	2.79191	7.14001
10	-4.	0.00525	0.04801	0.25312	0.96276	2.90338	7.31393
10	-3.95	0.00587	0.05251	0.27174	1.01611	3.01562	7.48163
10	-3.9	0.00656	0.0574	0.29149	1.07129	3.12825	7.64218
10	-3.85	0.00734	0.06272	0.3124	1.12822	3.24089	7.79467
10	-3.8	0.0082	0.06848	0.33451	1.18684	3.35312	7.93816
10	-3.75	0.00916	0.07472	0.35786	1.24705	3.46448	8.07169
10	-3.7	0.01023	0.08147	0.38247	1.30875	3.57448	8.19432
10	-3.65	0.01142	0.08877	0.40836	1.37179	3.68262	8.30511
10	-3.6	0.01275	0.09666	0.43556	1.43603	3.78834	8.40312
10	-3.55	0.01422	0.10517	0.46407	1.50129	3.89109	8.48745
10	-3.5	0.01585	0.11434	0.4939	1.56738	3.99026	8.55723
10	-3.45	0.01767	0.12421	0.52505	1.63406	4.08524	8.61162
10	-3.4	0.01969	0.13481	0.5575	1.70109	4.1754	8.64984
10	-3.35	0.02194	0.14619	0.59122	1.7682	4.26009	8.67118
10	-3.3	0.02442	0.15838	0.62618	1.83508	4.33867	8.67498
10	-3.25	0.02718	0.17142	0.66232	1.90142	4.41047	8.66068
10	-3.2	0.03024	0.18534	0.69958	1.96686	4.47483	8.62779
10	-3.15	0.03361	0.20017	0.73786	2.03102	4.53112	8.57596
10	-3.1	0.03734	0.21595	0.77708	2.09352	4.5787	8.50492
10	-3.05	0.04146	0.2327	0.8171	2.15393	4.61697	8.41453
10	-3.	0.04601	0.25044	0.85779	2.2118	4.64534	8.30477
10	-2.95	0.05102	0.26917	0.89898	2.2667	4.66328	8.17577
10	-2.9	0.05653	0.2889	0.94049	2.31815	4.6703	8.0278
10	-2.85	0.06258	0.30964	0.98212	2.36566	4.66597	7.86127
10	-2.8	0.0692	0.33136	1.02363	2.40877	4.64991	7.67675
10	-2.75	0.07645	0.35403	1.06477	2.44698	4.62183	7.47494
10	-2.7	0.08436	0.37763	1.10526	2.47982	4.58151	7.25673
10	-2.65	0.09297	0.40208	1.14481	2.50682	4.52884	7.02312
10	-2.6	0.10234	0.42733	1.1831	2.52755	4.46378	6.77527
10	-2.55	0.11249	0.45327	1.21978	2.54157	4.38641	6.51448
10	-2.5	0.12345	0.4798	1.2545	2.5485	4.29693	6.24217
10	-2.45	0.13525	0.50678	1.2869	2.548	4.19561	5.95989
10	-2.4	0.14792	0.53407	1.3166	2.53977	4.08289	5.66927
10	-2.35	0.16148	0.56149	1.3432	2.52357	3.9593	5.37204
10	-2.3	0.17594	0.58882	1.36632	2.49924	3.82547	5.07001
10	-2.25	0.1913	0.61584	1.38558	2.46667	3.68217	4.765
10	-2.2	0.20753	0.64229	1.40062	2.42586	3.53028	4.4589
10	-2.15	0.22459	0.6679	1.41108	2.37685	3.37076	4.15358
10	-2.1	0.24241	0.69236	1.41666	2.31983	3.20467	3.85089
10	-2.05	0.26088	0.71536	1.41706	2.25502	3.03316	3.55264
10	-2.	0.2799	0.73656	1.41206	2.1828	2.85744	3.26058
10	-1.95	0.29932	0.75565	1.40146	2.10359	2.67876	2.97635
10	-1.9	0.31899	0.77226	1.38514	2.01793	2.49844	2.7015
10	-1.85	0.33866	0.78607	1.36306	1.92645	2.31778	2.43744
10	-1.8	0.35807	0.79675	1.33522	1.82985	2.13811	2.18542
10	-1.75	0.37696	0.80403	1.30172	1.72891	1.96069	1.94652
10	-1.7	0.39503	0.80764	1.26274	1.62448	1.78681	1.72167
10	-1.65	0.41198	0.80737	1.21854	1.51744	1.61764	1.51157
10	-1.6	0.42751	0.80306	1.16944	1.40872	1.4543	1.31676
10	-1.55	0.44137	0.79458	1.11586	1.29928	1.29781	1.13753
10	-1.5	0.45322	0.78187	1.05828	1.19008	1.14909	0.97403
10	-1.45	0.46273	0.76496	0.99724	1.08208	1.0089	0.82617
10	-1.4	0.46966	0.74392	0.93336	0.9762	0.87791	0.6937
10	-1.35	0.47383	0.71891	0.86729	0.87333	0.75662	0.57618
10	-1.3	0.47508	0.69014	0.79969	0.7743	0.64537	0.473
10	-1.25	0.47329	0.65787	0.7313	0.67989	0.54438	0.38343
10	-1.2	0.46838	0.62244	0.66283	0.59076	0.45367	0.30661
10	-1.15	0.46035	0.58424	0.59501	0.5075	0.37315	0.24158
10	-1.1	0.44927	0.54367	0.52856	0.4306	0.30257	0.18729
10	-1.05	0.43518	0.5012	0.46417	0.36042	0.24152	0.14267
10	-1.	0.4181	0.45733	0.40251	0.29719	0.1895	0.10659
10	-0.95	0.39817	0.41261	0.3442	0.24104	0.14589	0.07796
10	-0.9	0.3756	0.36761	0.28979	0.19193	0.10998	0.0557
10	-0.85	0.35062	0.32293	0.23976	0.14972	0.08099	0.03877
10	-0.8	0.32339	0.27918	0.19451	0.11414	0.0581	0.02621
10	-0.75	0.29416	0.23699	0.15431	0.08477	0.04046	0.01715
10	-0.7	0.26331	0.19702	0.11935	0.06112	0.02726	0.01081
10	-0.65	0.2314	0.15986	0.08963	0.04261	0.01768	0.00654
10	-0.6	0.19902	0.12607	0.06505	0.02856	0.01098	0.00378
10	-0.55	0.16669	0.0961	0.04537	0.0183	0.00649	0.00207
10	-0.5	0.13511	0.07035	0.03019	0.01113	0.00362	0.00106
10	-0.45	0.10517	0.04906	0.019	0.00636	0.00189	0.00051
10	-0.4	0.07787	0.03224	0.01118	0.00338	0.00091	0.00022
10	-0.35	0.05419	0.0197	0.00607	0.00164	0.0004	0.00009
10	-0.3	0.03487	0.01099	0.00298	0.00072	0.00016	0.00003
10	-0.25	0.02014	0.00545	0.00131	0.00028	0.00006	0.00001
10	-0.2	0.01002	0.00236	0.0005	0.0001	0.00002	0.00000
10	-0.15	0.00425	0.00089	0.00017	0.00003	0.00000	0.00000
10	-0.1	0.0016	0.00029	0.00004	0.00000	0.00000	0.00000
10	-0.05	0.00057	0.00007	0.00000	0.00000	0.00000	0.00000
10	0.00	0.00002	0.00000	0.00000	0.00000	0.00000	0.00000
20	-8.9	0.00000	0.00000	0.00007	0.0007	0.00564	0.03669
20	-8.85	0.00000	0.00000	0.00007	0.00077	0.00615	0.03973
20	-8.8	0.00000	0.00000	0.00008	0.00085	0.00671	0.04301
20	-8.75	0.00000	0.00000	0.00009	0.00093	0.00731	0.04655
20	-8.7	0.00000	0.00000	0.0001	0.00102	0.00796	0.05036
20	-8.65	0.00000	0.00000	0.00011	0.00112	0.00867	0.05448
20	-8.6	0.00000	0.00000	0.00012	0.00123	0.00944	0.05891
20	-8.55	0.00000	0.00000	0.00013	0.00135	0.01028	0.0637
20	-8.5	0.00000	0.00001	0.00015	0.00148	0.01119	0.06885
20	-8.45	0.00000	0.00001	0.00016	0.00162	0.01218	0.0744
20	-8.4	0.00000	0.00001	0.00018	0.00177	0.01325	0.08037
20	-8.35	0.00000	0.00001	0.0002	0.00194	0.01442	0.0868
20	-8.3	0.00000	0.00002	0.00022	0.00213	0.01568	0.09372
20	-8.25	0.00000	0.00002	0.00024	0.00233	0.01705	0.10116
20	-8.2	0.00000	0.00002	0.00027	0.00255	0.01853	0.10916
20	-8.15	0.00000	0.00002	0.0003	0.0028	0.02014	0.11776
20	-8.1	0.00000	0.00002	0.00033	0.00306	0.02188	0.127
20	-8.05	0.00000	0.00003	0.00036	0.00335	0.02377	0.13693
20	-8.	0.00000	0.00003	0.0004	0.00367	0.02581	0.14759
20	-7.95	0.00000	0.00003	0.00044	0.00401	0.02802	0.15902
20	-7.9	0.00000	0.00004	0.00048	0.00439	0.03042	0.17129
20	-7.85	0.00000	0.00004	0.00053	0.0048	0.03301	0.18445
20	-7.8	0.00000	0.00005	0.00059	0.00525	0.03581	0.19856
20	-7.75	0.00000	0.00005	0.00065	0.00574	0.03883	0.21368
20	-7.7	0.00000	0.00006	0.00072	0.00628	0.04211	0.22987
20	-7.65	0.00000	0.00006	0.00079	0.00686	0.04564	0.24721
20	-7.6	0.00000	0.00007	0.00087	0.00749	0.04946	0.26576
20	-7.55	0.00000	0.00008	0.00096	0.00819	0.05358	0.28561
20	-7.5	0.00000	0.00009	0.00105	0.00894	0.05803	0.30683
20	-7.45	0.00000	0.00009	0.00116	0.00976	0.06283	0.32952
20	-7.4	0.00000	0.00011	0.00128	0.01065	0.06801	0.35375
20	-7.35	0.00000	0.00012	0.00141	0.01162	0.07359	0.37963
20	-7.3	0.00000	0.00013	0.00155	0.01268	0.0796	0.40725
20	-7.25	0.00000	0.00014	0.00171	0.01383	0.08608	0.43671
20	-7.2	0.00000	0.00016	0.00188	0.01508	0.09305	0.46813
20	-7.15	0.00000	0.00018	0.00206	0.01644	0.10056	0.50161
20	-7.1	0.00000	0.0002	0.00227	0.01792	0.10864	0.53727
20	-7.05	0.00001	0.00022	0.0025	0.01953	0.11732	0.57523
20	-7.	0.00001	0.00024	0.00274	0.02127	0.12666	0.61563
20	-6.95	0.00001	0.00027	0.00302	0.02317	0.13669	0.65859
20	-6.9	0.00001	0.0003	0.00332	0.02522	0.14746	0.70425
20	-6.85	0.00002	0.00033	0.00364	0.02745	0.15903	0.75276
20	-6.8	0.00002	0.00037	0.004	0.02987	0.17144	0.80425
20	-6.75	0.00002	0.00041	0.0044	0.03249	0.18475	0.85888
20	-6.7	0.00002	0.00045	0.00483	0.03532	0.19902	0.91681
20	-6.65	0.00003	0.0005	0.0053	0.0384	0.2143	0.9782
20	-6.6	0.00003	0.00056	0.00582	0.04173	0.23067	1.04321
20	-6.55	0.00003	0.00062	0.00638	0.04533	0.24819	1.11202
20	-6.5	0.00004	0.00069	0.007	0.04923	0.26693	1.18478
20	-6.45	0.00004	0.00076	0.00768	0.05345	0.28697	1.26169
20	-6.4	0.00004	0.00084	0.00842	0.05801	0.30838	1.34292
20	-6.35	0.00005	0.00094	0.00923	0.06293	0.33125	1.42865
20	-6.3	0.00006	0.00104	0.01012	0.06825	0.35565	1.51906
20	-6.25	0.00006	0.00115	0.01108	0.07399	0.38169	1.61434
20	-6.2	0.00007	0.00127	0.01214	0.08019	0.40944	1.71467
20	-6.15	0.00008	0.00141	0.0133	0.08687	0.439	1.82024
20	-6.1	0.00009	0.00156	0.01456	0.09408	0.47048	1.93123
20	-6.05	0.0001	0.00173	0.01593	0.10184	0.50397	2.04782
20	-6.	0.00011	0.00192	0.01743	0.11019	0.53957	2.17019
20	-5.95	0.00013	0.00212	0.01906	0.11919	0.57741	2.29851
20	-5.9	0.00014	0.00235	0.02085	0.12886	0.61757	2.43296
20	-5.85	0.00016	0.0026	0.02279	0.13926	0.66019	2.57368
20	-5.8	0.00018	0.00287	0.0249	0.15044	0.70538	2.72085
20	-5.75	0.0002	0.00318	0.0272	0.16243	0.75324	2.87459
20	-5.7	0.00022	0.00351	0.0297	0.17531	0.80391	3.03504
20	-5.65	0.00025	0.00389	0.03243	0.18912	0.8575	3.20233
20	-5.6	0.00028	0.0043	0.03539	0.20393	0.91413	3.37654
20	-5.55	0.00031	0.00475	0.0386	0.21978	0.97392	3.55778
20	-5.5	0.00035	0.00524	0.04209	0.23675	1.037	3.74609
20	-5.45	0.0004	0.00579	0.04588	0.25491	1.10349	3.94154
20	-5.4	0.00044	0.0064	0.05	0.27431	1.1735	4.14414
20	-5.35	0.0005	0.00706	0.05445	0.29503	1.24714	4.35388
20	-5.3	0.00056	0.0078	0.05929	0.31715	1.32454	4.57074
20	-5.25	0.00063	0.00861	0.06452	0.34074	1.40579	4.79465
20	-5.2	0.0007	0.00949	0.07019	0.36588	1.49101	5.02551
20	-5.15	0.00079	0.01047	0.07632	0.39264	1.58028	5.26318
20	-5.1	0.00088	0.01154	0.08295	0.42111	1.67368	5.5075
20	-5.05	0.00099	0.01272	0.09011	0.45138	1.77131	5.75825
20	-5.	0.00111	0.01402	0.09784	0.48351	1.87322	6.01518
20	-4.95	0.00125	0.01544	0.10619	0.5176	1.97946	6.27797
20	-4.9	0.0014	0.01701	0.11519	0.55374	2.09009	6.54628
20	-4.85	0.00156	0.01872	0.12489	0.592	2.20511	6.81969
20	-4.8	0.00175	0.0206	0.13533	0.63246	2.32454	7.09776
20	-4.75	0.00196	0.02267	0.14657	0.67522	2.44837	7.37998
20	-4.7	0.0022	0.02492	0.15865	0.72035	2.57656	7.66576
20	-4.65	0.00246	0.0274	0.17163	0.76792	2.70905	7.95448
20	-4.6	0.00275	0.03011	0.18556	0.818	2.84576	8.24545
20	-4.55	0.00308	0.03307	0.20049	0.87068	2.98657	8.53793
20	-4.5	0.00345	0.03631	0.2165	0.926	3.13136	8.8311
20	-4.45	0.00387	0.03985	0.23362	0.98402	3.27994	9.12409
20	-4.4	0.00433	0.04371	0.25194	1.04479	3.43212	9.41597
20	-4.35	0.00485	0.04793	0.2715	1.10835	3.58765	9.70575
20	-4.3	0.00543	0.05252	0.29238	1.17472	3.74625	9.99237
20	-4.25	0.00607	0.05753	0.31463	1.24392	3.90761	10.27473
20	-4.2	0.00679	0.06298	0.33832	1.31594	4.07137	10.55167
20	-4.15	0.0076	0.06892	0.36351	1.39078	4.23712	10.82199
20	-4.1	0.00849	0.07537	0.39026	1.4684	4.40443	11.08443
20	-4.05	0.0095	0.08237	0.41864	1.54875	4.57281	11.3377
20	-4.	0.01061	0.08997	0.44869	1.63175	4.74172	11.58048
20	-3.95	0.01185	0.09822	0.48048	1.71733	4.9106	11.81142
20	-3.9	0.01323	0.10715	0.51405	1.80535	5.0788	12.02914
20	-3.85	0.01478	0.11681	0.54945	1.89567	5.24568	12.23228
20	-3.8	0.01649	0.12725	0.58671	1.98813	5.41051	12.41944
20	-3.75	0.0184	0.13853	0.62586	2.08252	5.57254	12.58928
20	-3.7	0.02051	0.15069	0.66693	2.17861	5.731	12.74044
20	-3.65	0.02287	0.1638	0.70992	2.27613	5.88504	12.87161
20	-3.6	0.02549	0.17789	0.75484	2.3748	6.03381	12.98153
20	-3.55	0.02839	0.19303	0.80167	2.47427	6.17642	13.069
20	-3.5	0.03161	0.20928	0.85037	2.57419	6.31196	13.13288
20	-3.45	0.03519	0.22667	0.90091	2.67414	6.43951	13.17213
20	-3.4	0.03915	0.24527	0.95322	2.77369	6.55811	13.18582
20	-3.35	0.04353	0.26513	1.00721	2.87236	6.66685	13.17311
20	-3.3	0.04837	0.28628	1.06277	2.96965	6.76477	13.13331
20	-3.25	0.05371	0.30877	1.11978	3.06502	6.85095	13.06587
20	-3.2	0.05958	0.33264	1.17807	3.15788	6.9245	12.9704
20	-3.15	0.06606	0.35792	1.23747	3.24765	6.98456	12.84667
20	-3.1	0.07319	0.38462	1.29776	3.33369	7.0303	12.69463
20	-3.05	0.08102	0.41275	1.35869	3.41536	7.06097	12.51442
20	-3.	0.0896	0.44232	1.42	3.49199	7.07586	12.3064
20	-2.95	0.09898	0.4733	1.48138	3.56291	7.07436	12.07109
20	-2.9	0.10922	0.50567	1.54249	3.62743	7.05596	11.80927
20	-2.85	0.12039	0.53937	1.60297	3.68489	7.02021	11.52187
20	-2.8	0.13256	0.57434	1.66242	3.73463	6.96683	11.21009
20	-2.75	0.14579	0.61048	1.72042	3.77598	6.89562	10.87528
20	-2.7	0.16009	0.64766	1.7765	3.80835	6.80653	10.51904
20	-2.65	0.17552	0.68575	1.8302	3.83114	6.69965	10.14312
20	-2.6	0.19213	0.72457	1.88102	3.84384	6.57521	9.74947
20	-2.55	0.20994	0.76392	1.92845	3.84597	6.43361	9.3402
20	-2.5	0.22896	0.80357	1.97198	3.83713	6.27538	8.91754
20	-2.45	0.24921	0.84326	2.01107	3.817	6.10124	8.4839
20	-2.4	0.2707	0.88269	2.04521	3.78534	5.91202	8.04173
20	-2.35	0.29336	0.92153	2.0739	3.74202	5.70875	7.59359
20	-2.3	0.31714	0.95942	2.09665	3.68701	5.49257	7.14208
20	-2.25	0.3419	0.99599	2.11301	3.62037	5.26478	6.68982
20	-2.2	0.36753	1.03084	2.12257	3.54232	5.02679	6.23942
20	-2.15	0.39394	1.06357	2.12496	3.45317	4.78012	5.79345
20	-2.1	0.42092	1.09375	2.11988	3.35336	4.5264	5.3544
20	-2.05	0.44824	1.12095	2.10708	3.24344	4.26731	4.92467
20	-2.	0.47569	1.14474	2.08641	3.12411	4.00464	4.50652
20	-1.95	0.50299	1.1647	2.05778	2.99614	3.74014	4.10204
20	-1.9	0.52979	1.18045	2.0212	2.86045	3.47565	3.71318
20	-1.85	0.55579	1.19162	1.97678	2.71803	3.21292	3.34162
20	-1.8	0.58057	1.1979	1.92473	2.56996	2.95374	2.98887
20	-1.75	0.6038	1.19902	1.86534	2.4174	2.69977	2.65615
20	-1.7	0.62511	1.19478	1.799	2.26157	2.45265	2.34447
20	-1.65	0.64408	1.18503	1.7262	2.10371	2.21386	2.05454
20	-1.6	0.66049	1.16972	1.64751	1.94511	1.98479	1.78682
20	-1.55	0.67419	1.14879	1.56358	1.78705	1.76666	1.5415
20	-1.5	0.68478	1.12228	1.47515	1.6308	1.56054	1.3185
20	-1.45	0.69186	1.0903	1.38304	1.47761	1.36731	1.11751
20	-1.4	0.69522	1.05308	1.28811	1.32866	1.18767	0.93796
20	-1.35	0.69467	1.01092	1.19127	1.18506	1.02212	0.77908
20	-1.3	0.69006	0.96418	1.09347	1.04783	0.87093	0.6399
20	-1.25	0.68142	0.91331	0.99566	0.91788	0.73422	0.51928
20	-1.2	0.66872	0.85879	0.8988	0.796	0.61186	0.41594
20	-1.15	0.65181	0.80119	0.80386	0.68283	0.50356	0.3285
20	-1.1	0.63076	0.74116	0.71174	0.57887	0.40883	0.25549
20	-1.05	0.60572	0.6794	0.62332	0.48445	0.32703	0.19542
20	-1.	0.57693	0.61667	0.53939	0.39974	0.25738	0.14676
20	-0.95	0.54476	0.55373	0.46065	0.32474	0.19898	0.10802
20	-0.9	0.50957	0.49133	0.38771	0.25931	0.15081	0.07776
20	-0.85	0.47174	0.43025	0.32106	0.20312	0.11182	0.05462
20	-0.8	0.4318	0.37124	0.26106	0.15572	0.0809	0.03733
20	-0.75	0.3903	0.31501	0.20794	0.11653	0.05695	0.02475
20	-0.7	0.34776	0.26224	0.16177	0.08484	0.03886	0.01585
20	-0.65	0.30483	0.21352	0.1225	0.05987	0.0256	0.00977
20	-0.6	0.26201	0.16939	0.08991	0.04076	0.01621	0.00576
20	-0.55	0.21993	0.13032	0.06364	0.02663	0.0098	0.00323
20	-0.5	0.17932	0.09666	0.04316	0.01658	0.00562	0.00171
20	-0.45	0.14101	0.06864	0.02785	0.00976	0.00303	0.00085
20	-0.4	0.10606	0.04627	0.01693	0.00538	0.00152	0.00039
20	-0.35	0.07559	0.02927	0.00958	0.00274	0.0007	0.00016
20	-0.3	0.0504	0.01713	0.00496	0.00126	0.00029	0.00006
20	-0.25	0.0308	0.00907	0.00231	0.00052	0.0001	0.00002
20	-0.2	0.01673	0.00425	0.00094	0.00018	0.00003	0.00000
20	-0.15	0.00788	0.00172	0.00032	0.00005	0.00000	0.00000
20	-0.1	0.00316	0.00057	0.00008	0.00001	0.00000	0.00000
20	-0.05	0.00108	0.00013	0.00001	0.00000	0.00000	0.00000
20	0.00	0.00004	0.00000	0.00000	0.00000	0.00000	0.00000
40	-8.9	0.00000	0.00000	0.00013	0.00129	0.01011	0.06433
40	-8.85	0.00000	0.00000	0.00014	0.00142	0.01102	0.06961
40	-8.8	0.00000	0.00001	0.00015	0.00155	0.012	0.07529
40	-8.75	0.00000	0.00001	0.00017	0.0017	0.01306	0.08142
40	-8.7	0.00000	0.00001	0.00019	0.00187	0.01422	0.08802
40	-8.65	0.00000	0.00001	0.00021	0.00205	0.01548	0.09514
40	-8.6	0.00000	0.00002	0.00023	0.00224	0.01685	0.1028
40	-8.55	0.00000	0.00002	0.00025	0.00246	0.01833	0.11105
40	-8.5	0.00000	0.00002	0.00028	0.00269	0.01994	0.11993
40	-8.45	0.00000	0.00002	0.00031	0.00295	0.02168	0.12949
40	-8.4	0.00000	0.00002	0.00034	0.00323	0.02357	0.13977
40	-8.35	0.00000	0.00003	0.00037	0.00354	0.02562	0.15082
40	-8.3	0.00000	0.00003	0.00041	0.00388	0.02785	0.16269
40	-8.25	0.00000	0.00003	0.00046	0.00424	0.03025	0.17545
40	-8.2	0.00000	0.00004	0.0005	0.00464	0.03286	0.18916
40	-8.15	0.00000	0.00004	0.00055	0.00508	0.03568	0.20387
40	-8.1	0.00000	0.00005	0.00061	0.00556	0.03874	0.21966
40	-8.05	0.00000	0.00005	0.00067	0.00608	0.04205	0.23661
40	-8.	0.00000	0.00006	0.00074	0.00665	0.04562	0.25477
40	-7.95	0.00000	0.00006	0.00082	0.00727	0.04949	0.27425
40	-7.9	0.00000	0.00007	0.0009	0.00795	0.05367	0.29512
40	-7.85	0.00000	0.00008	0.00099	0.00869	0.05819	0.31748
40	-7.8	0.00000	0.00009	0.0011	0.00949	0.06308	0.34141
40	-7.75	0.00000	0.0001	0.00121	0.01037	0.06835	0.36703
40	-7.7	0.00000	0.00011	0.00133	0.01133	0.07404	0.39443
40	-7.65	0.00000	0.00012	0.00146	0.01237	0.08018	0.42373
40	-7.6	0.00000	0.00013	0.00161	0.01351	0.08681	0.45505
40	-7.55	0.00000	0.00015	0.00177	0.01474	0.09396	0.4885
40	-7.5	0.00000	0.00016	0.00195	0.01608	0.10166	0.52422
40	-7.45	0.00000	0.00018	0.00215	0.01755	0.10996	0.56235
40	-7.4	0.00000	0.0002	0.00237	0.01914	0.1189	0.60303
40	-7.35	0.00001	0.00022	0.0026	0.02087	0.12853	0.6464
40	-7.3	0.00001	0.00025	0.00286	0.02275	0.13889	0.69262
40	-7.25	0.00001	0.00028	0.00315	0.02479	0.15004	0.74185
40	-7.2	0.00001	0.00031	0.00346	0.02701	0.16202	0.79427
40	-7.15	0.00002	0.00034	0.00381	0.02942	0.17491	0.85004
40	-7.1	0.00002	0.00038	0.00418	0.03203	0.18875	0.90936
40	-7.05	0.00002	0.00042	0.0046	0.03487	0.20362	0.9724
40	-7.	0.00002	0.00046	0.00505	0.03795	0.21958	1.03937
40	-6.95	0.00002	0.00051	0.00555	0.04128	0.2367	1.11047
40	-6.9	0.00003	0.00057	0.00609	0.0449	0.25506	1.18591
40	-6.85	0.00003	0.00063	0.00669	0.04882	0.27475	1.26591
40	-6.8	0.00004	0.0007	0.00734	0.05307	0.29584	1.35069
40	-6.75	0.00004	0.00078	0.00806	0.05766	0.31842	1.44048
40	-6.7	0.00004	0.00086	0.00884	0.06264	0.34259	1.53551
40	-6.65	0.00005	0.00096	0.0097	0.06802	0.36844	1.63602
40	-6.6	0.00006	0.00106	0.01064	0.07384	0.39608	1.74226
40	-6.55	0.00006	0.00118	0.01166	0.08013	0.42562	1.85448
40	-6.5	0.00007	0.0013	0.01278	0.08693	0.45716	1.97292
40	-6.45	0.00008	0.00144	0.01401	0.09427	0.49083	2.09785
40	-6.4	0.00009	0.0016	0.01535	0.10219	0.52673	2.22952
40	-6.35	0.0001	0.00177	0.01681	0.11074	0.56501	2.36819
40	-6.3	0.00011	0.00196	0.0184	0.11995	0.60579	2.51412
40	-6.25	0.00013	0.00217	0.02014	0.12989	0.64921	2.66756
40	-6.2	0.00014	0.00241	0.02204	0.14059	0.6954	2.82877
40	-6.15	0.00016	0.00266	0.02412	0.15212	0.74452	2.998
40	-6.1	0.00018	0.00295	0.02637	0.16452	0.7967	3.1755
40	-6.05	0.0002	0.00326	0.02883	0.17786	0.85211	3.3615
40	-6.	0.00022	0.00361	0.03152	0.1922	0.9109	3.55623
40	-5.95	0.00025	0.00399	0.03443	0.2076	0.97323	3.75991
40	-5.9	0.00028	0.00441	0.03761	0.22414	1.03926	3.97276
40	-5.85	0.00031	0.00488	0.04107	0.24189	1.10917	4.19494
40	-5.8	0.00035	0.0054	0.04483	0.26093	1.1831	4.42666
40	-5.75	0.00039	0.00596	0.04891	0.28133	1.26124	4.66804
40	-5.7	0.00044	0.00659	0.05335	0.30318	1.34375	4.91923
40	-5.65	0.0005	0.00728	0.05817	0.32656	1.43081	5.18033
40	-5.6	0.00056	0.00804	0.0634	0.35158	1.52257	5.45142
40	-5.55	0.00062	0.00888	0.06907	0.37831	1.6192	5.73254
40	-5.5	0.0007	0.0098	0.07522	0.40686	1.72087	6.0237
40	-5.45	0.00078	0.01082	0.08189	0.43734	1.82773	6.32488
40	-5.4	0.00088	0.01193	0.08911	0.46983	1.93993	6.636
40	-5.35	0.00098	0.01316	0.09692	0.50446	2.05763	6.95696
40	-5.3	0.0011	0.01452	0.10537	0.54132	2.18094	7.28758
40	-5.25	0.00123	0.016	0.11451	0.58054	2.31	7.62767
40	-5.2	0.00138	0.01764	0.12438	0.62221	2.44491	7.97694
40	-5.15	0.00155	0.01943	0.13503	0.66647	2.58579	8.33507
40	-5.1	0.00174	0.0214	0.14653	0.71343	2.7327	8.70167
40	-5.05	0.00195	0.02357	0.15893	0.76319	2.88571	9.07629
40	-5.	0.00218	0.02594	0.17228	0.81588	3.04486	9.4584
40	-4.95	0.00245	0.02854	0.18666	0.87162	3.21017	9.8474
40	-4.9	0.00274	0.03139	0.20213	0.9305	3.38164	10.24263
40	-4.85	0.00307	0.03451	0.21876	0.99266	3.55922	10.64334
40	-4.8	0.00344	0.03793	0.23661	1.05818	3.74285	11.0487
40	-4.75	0.00385	0.04167	0.25578	1.12718	3.93243	11.4578
40	-4.7	0.00431	0.04576	0.27632	1.19975	4.12783	11.86966
40	-4.65	0.00483	0.05024	0.29833	1.27597	4.32886	12.2832
40	-4.6	0.00541	0.05512	0.32188	1.35592	4.53532	12.69726
40	-4.55	0.00606	0.06045	0.34706	1.43967	4.74693	13.11062
40	-4.5	0.00678	0.06626	0.37396	1.52728	4.96339	13.52194
40	-4.45	0.00758	0.0726	0.40265	1.61879	5.18433	13.92982
40	-4.4	0.00848	0.0795	0.43323	1.71422	5.40936	14.3328
40	-4.35	0.00948	0.08701	0.46578	1.81357	5.63799	14.72931
40	-4.3	0.01059	0.09519	0.50038	1.91684	5.86971	15.11775
40	-4.25	0.01184	0.10407	0.53713	2.02398	6.10394	15.49642
40	-4.2	0.01323	0.11372	0.5761	2.13494	6.34004	15.8636
40	-4.15	0.01478	0.12418	0.61737	2.24963	6.5773	16.21748
40	-4.1	0.01651	0.13552	0.66101	2.36792	6.81498	16.55625
40	-4.05	0.01843	0.1478	0.7071	2.48968	7.05224	16.87805
40	-4.	0.02058	0.16108	0.75569	2.61471	7.28821	17.181
40	-3.95	0.02296	0.17543	0.80683	2.74279	7.52195	17.46322
40	-3.9	0.02561	0.19092	0.86056	2.87368	7.75247	17.72283
40	-3.85	0.02856	0.20762	0.91693	3.00706	7.97871	17.95798
40	-3.8	0.03184	0.2256	0.97593	3.14259	8.19957	18.16685
40	-3.75	0.03547	0.24492	1.03758	3.2799	8.41393	18.34767
40	-3.7	0.03951	0.26567	1.10186	3.41854	8.62058	18.49876
40	-3.65	0.04398	0.28792	1.16872	3.55804	8.81832	18.6185
40	-3.6	0.04894	0.31173	1.23812	3.69788	9.00589	18.70539
40	-3.55	0.05443	0.33717	1.30996	3.83748	9.18205	18.75805
40	-3.5	0.06049	0.36431	1.38415	3.97622	9.34552	18.77525
40	-3.45	0.06717	0.39321	1.46053	4.11345	9.49503	18.75591
40	-3.4	0.07454	0.42392	1.53895	4.24844	9.62932	18.69913
40	-3.35	0.08266	0.45648	1.6192	4.38046	9.74718	18.60421
40	-3.3	0.09159	0.49095	1.70104	4.50872	9.8474	18.47066
40	-3.25	0.10139	0.52733	1.7842	4.63239	9.92885	18.29823
40	-3.2	0.11213	0.56565	1.86838	4.75061	9.99045	18.08689
40	-3.15	0.12388	0.6059	1.9532	4.86253	10.03122	17.83688
40	-3.1	0.13672	0.64806	2.0383	4.96725	10.05025	17.54869
40	-3.05	0.15075	0.69208	2.12322	5.06387	10.04677	17.22308
40	-3.	0.16602	0.73791	2.20751	5.15149	10.02009	16.86109
40	-2.95	0.18261	0.78543	2.29064	5.22922	9.96971	16.46403
40	-2.9	0.20057	0.83453	2.37209	5.29621	9.89524	16.03349
40	-2.85	0.21999	0.88506	2.45126	5.35162	9.79648	15.57131
40	-2.8	0.24089	0.93683	2.52755	5.39466	9.67339	15.07962
40	-2.75	0.26334	0.98962	2.60032	5.42459	9.52612	14.56075
40	-2.7	0.28734	1.04317	2.66894	5.44074	9.35502	14.01731
40	-2.65	0.31293	1.0972	2.73272	5.44253	9.16061	13.45208
40	-2.6	0.34009	1.15137	2.791	5.42947	8.94364	12.86807
40	-2.55	0.36878	1.20531	2.84312	5.40116	8.70504	12.2684
40	-2.5	0.39895	1.25863	2.88841	5.35733	8.44594	11.65636
40	-2.45	0.43052	1.3109	2.92625	5.29783	8.16769	11.03535
40	-2.4	0.46343	1.36166	2.95603	5.22264	7.87178	10.40879
40	-2.35	0.49749	1.4104	2.9772	5.13189	7.5599	9.78017
40	-2.3	0.53252	1.45661	2.98924	5.02585	7.23391	9.15296
40	-2.25	0.56826	1.49979	2.99173	4.90493	6.89578	8.53058
40	-2.2	0.60444	1.53941	2.9843	4.76972	6.54764	7.91638
40	-2.15	0.64081	1.57496	2.96667	4.62093	6.19169	7.31359
40	-2.1	0.67709	1.60592	2.93865	4.45943	5.83021	6.72524
40	-2.05	0.71286	1.6318	2.90015	4.28623	5.46555	6.15422
40	-2.	0.7477	1.65216	2.85119	4.10249	5.10008	5.60317
40	-1.95	0.78129	1.66657	2.79189	3.90946	4.73614	5.07446
40	-1.9	0.81331	1.67466	2.72249	3.70853	4.37605	4.5702
40	-1.85	0.84337	1.67609	2.64336	3.50118	4.02206	4.09217
40	-1.8	0.87095	1.67056	2.55496	3.28897	3.67634	3.64185
40	-1.75	0.89565	1.6579	2.4579	3.0735	3.3409	3.22036
40	-1.7	0.91706	1.63798	2.3529	2.85644	3.01762	2.82851
40	-1.65	0.93483	1.61076	2.24076	2.63946	2.70819	2.46671
40	-1.6	0.94866	1.57627	2.1224	2.42422	2.41412	2.1351
40	-1.55	0.95826	1.53464	1.99884	2.21235	2.13666	1.83342
40	-1.5	0.9632	1.48606	1.87118	2.00542	1.87684	1.56114
40	-1.45	0.96319	1.43087	1.74059	1.80491	1.63545	1.31744
40	-1.4	0.95799	1.36951	1.60829	1.6122	1.41299	1.1012
40	-1.35	0.94737	1.30252	1.47552	1.42853	1.20974	0.91112
40	-1.3	0.93114	1.23056	1.34355	1.25497	1.0257	0.74564
40	-1.25	0.90941	1.15441	1.21361	1.09243	0.86063	0.60309
40	-1.2	0.88224	1.07489	1.08689	0.94162	0.71405	0.48164
40	-1.15	0.84988	0.9929	0.96451	0.80307	0.58529	0.37942
40	-1.1	0.81256	0.90939	0.8475	0.67709	0.47346	0.29448
40	-1.05	0.7706	0.82535	0.73678	0.5638	0.37755	0.22488
40	-1.	0.72457	0.74182	0.63316	0.4631	0.29637	0.16871
40	-0.95	0.67524	0.65977	0.53724	0.37473	0.22866	0.12413
40	-0.9	0.62343	0.5801	0.44953	0.29824	0.17309	0.08939
40	-0.85	0.56979	0.50363	0.37033	0.23303	0.12827	0.06285
40	-0.8	0.51507	0.43113	0.29983	0.17836	0.09284	0.04304
40	-0.75	0.45996	0.36327	0.23803	0.13338	0.06544	0.02862
40	-0.7	0.4052	0.30064	0.18479	0.09716	0.04477	0.01841
40	-0.65	0.35158	0.24369	0.13982	0.06868	0.0296	0.0114
40	-0.6	0.29966	0.19279	0.10269	0.04691	0.01884	0.00677
40	-0.55	0.24999	0.14818	0.07286	0.03079	0.01146	0.00383
40	-0.5	0.20311	0.11003	0.04963	0.0193	0.00663	0.00204
40	-0.45	0.15955	0.07838	0.03223	0.01147	0.00361	0.00102
40	-0.4	0.12014	0.05314	0.01978	0.00639	0.00183	0.00047
40	-0.35	0.086	0.03395	0.01134	0.0033	0.00086	0.0002
40	-0.3	0.05784	0.02015	0.00598	0.00155	0.00036	0.00008
40	-0.25	0.03591	0.0109	0.00284	0.00065	0.00013	0.00002
40	-0.2	0.02004	0.00526	0.00119	0.00023	0.00004	0.00000
40	-0.15	0.00981	0.00219	0.00042	0.00007	0.00000	0.00000
40	-0.1	0.00408	0.00074	0.00011	0.00001	0.00000	0.00000
40	-0.05	0.0014	0.00017	0.00002	0.00000	0.00000	0.00000
40	0.00	0.00005	0.00000	0.00000	0.00000	0.00000	0.00000
50	-8.9	0.00000	0.00001	0.00015	0.00157	0.01222	0.0771
50	-8.85	0.00000	0.00001	0.00017	0.00173	0.01331	0.0834
50	-8.8	0.00000	0.00001	0.00019	0.00189	0.01449	0.09018
50	-8.75	0.00000	0.00001	0.00021	0.00207	0.01578	0.09749
50	-8.7	0.00000	0.00002	0.00023	0.00227	0.01717	0.10536
50	-8.65	0.00000	0.00002	0.00025	0.00249	0.01869	0.11384
50	-8.6	0.00000	0.00002	0.00028	0.00273	0.02033	0.12297
50	-8.55	0.00000	0.00002	0.00031	0.00299	0.02211	0.1328
50	-8.5	0.00000	0.00002	0.00034	0.00328	0.02404	0.14337
50	-8.45	0.00000	0.00003	0.00038	0.00359	0.02614	0.15474
50	-8.4	0.00000	0.00003	0.00042	0.00393	0.02841	0.16696
50	-8.35	0.00000	0.00003	0.00046	0.00431	0.03087	0.1801
50	-8.3	0.00000	0.00004	0.00051	0.00471	0.03354	0.19421
50	-8.25	0.00000	0.00004	0.00056	0.00516	0.03643	0.20937
50	-8.2	0.00000	0.00005	0.00062	0.00565	0.03955	0.22564
50	-8.15	0.00000	0.00005	0.00068	0.00618	0.04294	0.2431
50	-8.1	0.00000	0.00006	0.00075	0.00676	0.0466	0.26184
50	-8.05	0.00000	0.00006	0.00083	0.00739	0.05056	0.28193
50	-8.	0.00000	0.00007	0.00091	0.00808	0.05484	0.30346
50	-7.95	0.00000	0.00008	0.001	0.00883	0.05947	0.32653
50	-7.9	0.00000	0.00009	0.00111	0.00965	0.06448	0.35125
50	-7.85	0.00000	0.0001	0.00122	0.01054	0.06988	0.3777
50	-7.8	0.00000	0.00011	0.00134	0.01152	0.07572	0.40602
50	-7.75	0.00000	0.00012	0.00148	0.01258	0.08202	0.4363
50	-7.7	0.00000	0.00013	0.00163	0.01373	0.08881	0.46868
50	-7.65	0.00000	0.00015	0.00179	0.01499	0.09615	0.50329
50	-7.6	0.00000	0.00016	0.00198	0.01636	0.10405	0.54026
50	-7.55	0.00000	0.00018	0.00217	0.01785	0.11258	0.57973
50	-7.5	0.00000	0.0002	0.00239	0.01947	0.12176	0.62186
50	-7.45	0.00001	0.00022	0.00263	0.02123	0.13165	0.6668
50	-7.4	0.00001	0.00025	0.0029	0.02315	0.1423	0.71471
50	-7.35	0.00001	0.00028	0.00319	0.02523	0.15376	0.76577
50	-7.3	0.00001	0.00031	0.0035	0.0275	0.16609	0.82016
50	-7.25	0.00002	0.00034	0.00385	0.02995	0.17934	0.87805
50	-7.2	0.00002	0.00038	0.00423	0.03262	0.19359	0.93965
50	-7.15	0.00002	0.00042	0.00465	0.03552	0.20889	1.00516
50	-7.1	0.00002	0.00047	0.00511	0.03866	0.22533	1.07478
50	-7.05	0.00003	0.00052	0.00562	0.04207	0.24297	1.14874
50	-7.	0.00003	0.00057	0.00617	0.04577	0.2619	1.22725
50	-6.95	0.00003	0.00064	0.00677	0.04977	0.2822	1.31055
50	-6.9	0.00004	0.00071	0.00744	0.05411	0.30395	1.39888
50	-6.85	0.00004	0.00078	0.00816	0.05881	0.32726	1.49247
50	-6.8	0.00004	0.00087	0.00896	0.0639	0.35221	1.5916
50	-6.75	0.00005	0.00096	0.00983	0.06941	0.37892	1.6965
50	-6.7	0.00006	0.00107	0.01078	0.07536	0.40748	1.80745
50	-6.65	0.00006	0.00118	0.01182	0.0818	0.43802	1.92472
50	-6.6	0.00007	0.00131	0.01295	0.08876	0.47064	2.04858
50	-6.55	0.00008	0.00145	0.0142	0.09628	0.50548	2.17931
50	-6.5	0.00009	0.00161	0.01556	0.1044	0.54266	2.31718
50	-6.45	0.0001	0.00179	0.01704	0.11317	0.58232	2.46249
50	-6.4	0.00011	0.00198	0.01866	0.12262	0.62459	2.61552
50	-6.35	0.00013	0.00219	0.02043	0.13281	0.66961	2.77655
50	-6.3	0.00014	0.00242	0.02236	0.1438	0.71755	2.94586
50	-6.25	0.00016	0.00268	0.02447	0.15563	0.76855	3.12374
50	-6.2	0.00018	0.00297	0.02676	0.16837	0.82277	3.31046
50	-6.15	0.0002	0.00329	0.02927	0.18208	0.88037	3.5063
50	-6.1	0.00022	0.00364	0.03199	0.19682	0.94153	3.71151
50	-6.05	0.00025	0.00402	0.03497	0.21267	1.00642	3.92635
50	-6.	0.00028	0.00445	0.0382	0.22969	1.0752	4.15106
50	-5.95	0.00031	0.00492	0.04172	0.24797	1.14807	4.38587
50	-5.9	0.00035	0.00544	0.04555	0.26758	1.2252	4.63099
50	-5.85	0.00039	0.00601	0.04971	0.28861	1.30678	4.8866
50	-5.8	0.00044	0.00664	0.05423	0.31114	1.39299	5.15289
50	-5.75	0.0005	0.00734	0.05914	0.33527	1.48402	5.43
50	-5.7	0.00056	0.00811	0.06448	0.3611	1.58005	5.71803
50	-5.65	0.00062	0.00895	0.07027	0.38872	1.68126	6.01709
50	-5.6	0.0007	0.00988	0.07654	0.41823	1.78785	6.32721
50	-5.55	0.00078	0.01091	0.08335	0.44975	1.89998	6.64842
50	-5.5	0.00088	0.01204	0.09072	0.48339	2.01783	6.98068
50	-5.45	0.00098	0.01328	0.09871	0.51925	2.14157	7.32393
50	-5.4	0.0011	0.01464	0.10735	0.55746	2.27135	7.67804
50	-5.35	0.00124	0.01615	0.11669	0.59814	2.40732	8.04284
50	-5.3	0.00139	0.0178	0.12679	0.6414	2.54963	8.41809
50	-5.25	0.00155	0.01961	0.1377	0.68738	2.69838	8.80351
50	-5.2	0.00174	0.0216	0.14948	0.7362	2.8537	9.19874
50	-5.15	0.00195	0.02379	0.16218	0.78799	3.01567	9.60335
50	-5.1	0.00219	0.02619	0.17588	0.84287	3.18436	10.01685
50	-5.05	0.00245	0.02882	0.19063	0.90097	3.35982	10.43867
50	-5.	0.00274	0.0317	0.20652	0.96243	3.54206	10.86817
50	-4.95	0.00307	0.03486	0.2236	1.02735	3.73109	11.3046
50	-4.9	0.00344	0.03832	0.24196	1.09587	3.92686	11.74717
50	-4.85	0.00385	0.04211	0.26167	1.16809	4.1293	12.19495
50	-4.8	0.00432	0.04626	0.28282	1.24414	4.33831	12.64698
50	-4.75	0.00483	0.05079	0.3055	1.32411	4.55373	13.10217
50	-4.7	0.00541	0.05573	0.32978	1.4081	4.77537	13.55935
50	-4.65	0.00605	0.06114	0.35577	1.4962	5.003	14.01725
50	-4.6	0.00677	0.06704	0.38354	1.58847	5.23633	14.47454
50	-4.55	0.00757	0.07347	0.4132	1.68499	5.47503	14.92977
50	-4.5	0.00847	0.08048	0.44484	1.78579	5.7187	15.38141
50	-4.45	0.00947	0.08812	0.47855	1.89091	5.9669	15.82785
50	-4.4	0.01059	0.09643	0.51443	2.00034	6.21911	16.2674
50	-4.35	0.01183	0.10547	0.55257	2.11408	6.47478	16.69829
50	-4.3	0.01322	0.11528	0.59306	2.23208	6.73326	17.11869
50	-4.25	0.01477	0.12594	0.636	2.35428	6.99386	17.52671
50	-4.2	0.01649	0.1375	0.68146	2.48058	7.25582	17.92038
50	-4.15	0.01842	0.15003	0.72953	2.61085	7.51831	18.29771
50	-4.1	0.02055	0.16358	0.78028	2.74493	7.78044	18.65668
50	-4.05	0.02293	0.17825	0.83377	2.88262	8.04126	18.99523
50	-4.	0.02558	0.19409	0.89007	3.02367	8.29973	19.31131
50	-3.95	0.02853	0.21118	0.94921	3.16782	8.55478	19.60287
50	-3.9	0.0318	0.2296	1.01124	3.31472	8.80527	19.86786
50	-3.85	0.03543	0.24942	1.07616	3.46402	9.04999	20.10431
50	-3.8	0.03947	0.27074	1.14398	3.61528	9.28772	20.31028
50	-3.75	0.04395	0.29361	1.21467	3.76804	9.51714	20.48389
50	-3.7	0.04892	0.31812	1.28821	3.92178	9.73696	20.6234
50	-3.65	0.05442	0.34435	1.36451	4.07593	9.9458	20.72713
50	-3.6	0.06051	0.37236	1.44349	4.22987	10.1423	20.79356
50	-3.55	0.06723	0.40223	1.52504	4.38293	10.32508	20.82133
50	-3.5	0.07463	0.43402	1.609	4.53438	10.49274	20.80923
50	-3.45	0.08278	0.4678	1.69519	4.68347	10.64394	20.75626
50	-3.4	0.09175	0.50361	1.78339	4.82936	10.77731	20.66161
50	-3.35	0.10162	0.54149	1.87333	4.97122	10.89157	20.52471
50	-3.3	0.11245	0.58147	1.96472	5.10814	10.98547	20.34524
50	-3.25	0.12432	0.62356	2.05723	5.23922	11.05784	20.12314
50	-3.2	0.13731	0.66775	2.15046	5.36349	11.10757	19.85859
50	-3.15	0.1515	0.71402	2.244	5.48001	11.13369	19.55209
50	-3.1	0.16698	0.76231	2.33737	5.58779	11.13533	19.20442
50	-3.05	0.18381	0.81256	2.43008	5.68587	11.11174	18.81663
50	-3.	0.20208	0.86464	2.52156	5.77327	11.06234	18.3901
50	-2.95	0.22185	0.91844	2.61123	5.84908	10.98668	17.92647
50	-2.9	0.2432	0.97378	2.69847	5.91237	10.88453	17.42771
50	-2.85	0.26616	1.03045	2.78262	5.9623	10.7558	16.89603
50	-2.8	0.29078	1.08823	2.86301	5.99806	10.60063	16.33395
50	-2.75	0.31709	1.14683	2.93892	6.01891	10.41935	15.74418
50	-2.7	0.3451	1.20595	3.00966	6.02423	10.21249	15.12974
50	-2.65	0.37477	1.26522	3.07449	6.01346	9.98082	14.49378
50	-2.6	0.40608	1.32426	3.1327	5.98616	9.7253	13.8397
50	-2.55	0.43898	1.38265	3.18358	5.94202	9.44712	13.171
50	-2.5	0.47341	1.43992	3.22646	5.88085	9.14767	12.4913
50	-2.45	0.50926	1.49557	3.26067	5.80263	8.82854	11.80434
50	-2.4	0.54636	1.54908	3.28562	5.70745	8.49151	11.11384
50	-2.35	0.58449	1.59989	3.30076	5.59559	8.13852	10.42359
50	-2.3	0.62335	1.64745	3.30561	5.46746	7.77169	9.73729
50	-2.25	0.6627	1.69123	3.29978	5.32365	7.39325	9.05859
50	-2.2	0.70227	1.73065	3.28296	5.16492	7.00556	8.39101
50	-2.15	0.74169	1.76519	3.25492	4.99215	6.61107	7.73792
50	-2.1	0.7806	1.79431	3.21556	4.8064	6.21227	7.10248
50	-2.05	0.81863	1.81752	3.16488	4.60888	5.8117	6.48762
50	-2.	0.8554	1.83436	3.103	4.40091	5.41189	5.89603
50	-1.95	0.89042	1.84441	3.03017	4.18394	5.01534	5.33008
50	-1.9	0.92322	1.84732	2.94674	3.95952	4.62451	4.79185
50	-1.85	0.95339	1.8428	2.85322	3.72931	4.24172	4.28303
50	-1.8	0.98038	1.83067	2.75021	3.49499	3.86921	3.80503
50	-1.75	1.00388	1.8108	2.63845	3.25833	3.50904	3.35882
50	-1.7	1.02358	1.78314	2.51877	3.0211	3.16312	2.94508
50	-1.65	1.03907	1.74772	2.39212	2.78507	2.83312	2.56406
50	-1.6	1.05001	1.70467	2.25954	2.55199	2.5205	2.21571
50	-1.55	1.05619	1.65418	2.12215	2.32355	2.22648	1.89958
50	-1.5	1.05728	1.59656	1.98117	2.10137	1.952	1.61495
50	-1.45	1.05297	1.53222	1.83786	1.88697	1.69776	1.36079
50	-1.4	1.043	1.46169	1.69355	1.68171	1.46415	1.13579
50	-1.35	1.02719	1.38563	1.54954	1.48682	1.25132	0.93844
50	-1.3	1.00552	1.30481	1.40717	1.30334	1.05914	0.767
50	-1.25	0.97813	1.22007	1.2677	1.13214	0.88723	0.61961
50	-1.2	0.94513	1.13232	1.13236	0.97385	0.73499	0.49428
50	-1.15	0.90673	1.04255	1.00228	0.82893	0.60158	0.38899
50	-1.1	0.86334	0.9518	0.87848	0.69759	0.486	0.30164
50	-1.05	0.81548	0.86112	0.76187	0.57984	0.38707	0.23017
50	-1.	0.76379	0.77156	0.65319	0.47551	0.30353	0.17257
50	-0.95	0.70905	0.6841	0.55302	0.38421	0.23398	0.12691
50	-0.9	0.65197	0.59967	0.46179	0.3054	0.17699	0.09137
50	-0.85	0.5934	0.51912	0.37974	0.23837	0.1311	0.06424
50	-0.8	0.5342	0.44321	0.30696	0.1823	0.09486	0.044
50	-0.75	0.47517	0.37257	0.24338	0.13626	0.06686	0.02926
50	-0.7	0.41708	0.30771	0.18877	0.09923	0.04575	0.01883
50	-0.65	0.36069	0.24902	0.14274	0.07015	0.03027	0.01167
50	-0.6	0.30656	0.19677	0.10482	0.04793	0.01927	0.00694
50	-0.55	0.25519	0.15115	0.07438	0.03148	0.01174	0.00393
50	-0.5	0.20707	0.11223	0.05069	0.01975	0.0068	0.0021
50	-0.45	0.1626	0.07999	0.03295	0.01175	0.00371	0.00105
50	-0.4	0.12245	0.05428	0.02025	0.00656	0.00189	0.00049
50	-0.35	0.0877	0.03472	0.01163	0.0034	0.00088	0.00021
50	-0.3	0.05907	0.02065	0.00615	0.0016	0.00037	0.00008
50	-0.25	0.03676	0.01121	0.00293	0.00067	0.00014	0.00003
50	-0.2	0.02059	0.00542	0.00123	0.00024	0.00004	0.00000
50	-0.15	0.01012	0.00227	0.00043	0.00007	0.00001	0.00000
50	-0.1	0.00424	0.00077	0.00011	0.00001	0.00000	0.00000
50	-0.05	0.00146	0.00017	0.00002	0.00000	0.00000	0.00000
50	0.00	0.00006	0.00000	0.00000	0.00000	0.00000	0.00000
80	-8.9	0.00000	0.00001	0.00015	0.00157	0.01222	0.0771
80	-8.85	0.00000	0.00001	0.00017	0.00173	0.01331	0.0834
80	-8.8	0.00000	0.00001	0.00019	0.00189	0.01449	0.09018
80	-8.75	0.00000	0.00001	0.00021	0.00207	0.01578	0.09749
80	-8.7	0.00000	0.00002	0.00023	0.00227	0.01717	0.10536
80	-8.65	0.00000	0.00002	0.00025	0.00249	0.01869	0.11384
80	-8.6	0.00000	0.00002	0.00028	0.00273	0.02033	0.12297
80	-8.55	0.00000	0.00002	0.00031	0.00299	0.02211	0.1328
80	-8.5	0.00000	0.00002	0.00034	0.00328	0.02404	0.14337
80	-8.45	0.00000	0.00003	0.00038	0.00359	0.02614	0.15474
80	-8.4	0.00000	0.00003	0.00042	0.00393	0.02841	0.16696
80	-8.35	0.00000	0.00003	0.00046	0.00431	0.03087	0.1801
80	-8.3	0.00000	0.00004	0.00051	0.00471	0.03354	0.19421
80	-8.25	0.00000	0.00004	0.00056	0.00516	0.03643	0.20937
80	-8.2	0.00000	0.00005	0.00062	0.00565	0.03955	0.22564
80	-8.15	0.00000	0.00005	0.00068	0.00618	0.04294	0.2431
80	-8.1	0.00000	0.00006	0.00075	0.00676	0.0466	0.26184
80	-8.05	0.00000	0.00006	0.00083	0.00739	0.05056	0.28193
80	-8.	0.00000	0.00007	0.00091	0.00808	0.05484	0.30346
80	-7.95	0.00000	0.00008	0.001	0.00883	0.05947	0.32653
80	-7.9	0.00000	0.00009	0.00111	0.00965	0.06448	0.35125
80	-7.85	0.00000	0.0001	0.00122	0.01054	0.06988	0.3777
80	-7.8	0.00000	0.00011	0.00134	0.01152	0.07572	0.40602
80	-7.75	0.00000	0.00012	0.00148	0.01258	0.08202	0.4363
80	-7.7	0.00000	0.00013	0.00163	0.01373	0.08881	0.46868
80	-7.65	0.00000	0.00015	0.00179	0.01499	0.09615	0.50329
80	-7.6	0.00000	0.00016	0.00198	0.01636	0.10405	0.54026
80	-7.55	0.00000	0.00018	0.00217	0.01785	0.11258	0.57973
80	-7.5	0.00000	0.0002	0.00239	0.01947	0.12176	0.62186
80	-7.45	0.00001	0.00022	0.00263	0.02123	0.13165	0.6668
80	-7.4	0.00001	0.00025	0.0029	0.02315	0.1423	0.71471
80	-7.35	0.00001	0.00028	0.00319	0.02523	0.15376	0.76577
80	-7.3	0.00001	0.00031	0.0035	0.0275	0.16609	0.82016
80	-7.25	0.00002	0.00034	0.00385	0.02995	0.17934	0.87805
80	-7.2	0.00002	0.00038	0.00423	0.03262	0.19359	0.93965
80	-7.15	0.00002	0.00042	0.00465	0.03552	0.20889	1.00516
80	-7.1	0.00002	0.00047	0.00511	0.03866	0.22533	1.07478
80	-7.05	0.00003	0.00052	0.00562	0.04207	0.24297	1.14874
80	-7.	0.00003	0.00057	0.00617	0.04577	0.2619	1.22725
80	-6.95	0.00003	0.00064	0.00677	0.04977	0.2822	1.31055
80	-6.9	0.00004	0.00071	0.00744	0.05411	0.30395	1.39888
80	-6.85	0.00004	0.00078	0.00816	0.05881	0.32726	1.49247
80	-6.8	0.00004	0.00087	0.00896	0.0639	0.35221	1.5916
80	-6.75	0.00005	0.00096	0.00983	0.06941	0.37892	1.6965
80	-6.7	0.00006	0.00107	0.01078	0.07536	0.40748	1.80745
80	-6.65	0.00006	0.00118	0.01182	0.0818	0.43802	1.92472
80	-6.6	0.00007	0.00131	0.01295	0.08876	0.47064	2.04858
80	-6.55	0.00008	0.00145	0.0142	0.09628	0.50548	2.17931
80	-6.5	0.00009	0.00161	0.01556	0.1044	0.54266	2.31718
80	-6.45	0.0001	0.00179	0.01704	0.11317	0.58232	2.46249
80	-6.4	0.00011	0.00198	0.01866	0.12262	0.62459	2.61552
80	-6.35	0.00013	0.00219	0.02043	0.13281	0.66961	2.77655
80	-6.3	0.00014	0.00242	0.02236	0.1438	0.71755	2.94586
80	-6.25	0.00016	0.00268	0.02447	0.15563	0.76855	3.12374
80	-6.2	0.00018	0.00297	0.02676	0.16837	0.82277	3.31046
80	-6.15	0.0002	0.00329	0.02927	0.18208	0.88037	3.5063
80	-6.1	0.00022	0.00364	0.03199	0.19682	0.94153	3.71151
80	-6.05	0.00025	0.00402	0.03497	0.21267	1.00642	3.92635
80	-6.	0.00028	0.00445	0.0382	0.22969	1.0752	4.15106
80	-5.95	0.00031	0.00492	0.04172	0.24797	1.14807	4.38587
80	-5.9	0.00035	0.00544	0.04555	0.26758	1.2252	4.63099
80	-5.85	0.00039	0.00601	0.04971	0.28861	1.30678	4.8866
80	-5.8	0.00044	0.00664	0.05423	0.31114	1.39299	5.15289
80	-5.75	0.0005	0.00734	0.05914	0.33527	1.48402	5.43
80	-5.7	0.00056	0.00811	0.06448	0.3611	1.58005	5.71803
80	-5.65	0.00062	0.00895	0.07027	0.38872	1.68126	6.01709
80	-5.6	0.0007	0.00988	0.07654	0.41823	1.78785	6.32721
80	-5.55	0.00078	0.01091	0.08335	0.44975	1.89998	6.64842
80	-5.5	0.00088	0.01204	0.09072	0.48339	2.01783	6.98068
80	-5.45	0.00098	0.01328	0.09871	0.51925	2.14157	7.32393
80	-5.4	0.0011	0.01464	0.10735	0.55746	2.27135	7.67804
80	-5.35	0.00124	0.01615	0.11669	0.59814	2.40732	8.04284
80	-5.3	0.00139	0.0178	0.12679	0.6414	2.54963	8.41809
80	-5.25	0.00155	0.01961	0.1377	0.68738	2.69838	8.80351
80	-5.2	0.00174	0.0216	0.14948	0.7362	2.8537	9.19874
80	-5.15	0.00195	0.02379	0.16218	0.78799	3.01567	9.60335
80	-5.1	0.00219	0.02619	0.17588	0.84287	3.18436	10.01685
80	-5.05	0.00245	0.02882	0.19063	0.90097	3.35982	10.43867
80	-5.	0.00274	0.0317	0.20652	0.96243	3.54206	10.86817
80	-4.95	0.00307	0.03486	0.2236	1.02735	3.73109	11.3046
80	-4.9	0.00344	0.03832	0.24196	1.09587	3.92686	11.74717
80	-4.85	0.00385	0.04211	0.26167	1.16809	4.1293	12.19495
80	-4.8	0.00432	0.04626	0.28282	1.24414	4.33831	12.64698
80	-4.75	0.00483	0.05079	0.3055	1.32411	4.55373	13.10217
80	-4.7	0.00541	0.05573	0.32978	1.4081	4.77537	13.55935
80	-4.65	0.00605	0.06114	0.35577	1.4962	5.003	14.01725
80	-4.6	0.00677	0.06704	0.38354	1.58847	5.23633	14.47454
80	-4.55	0.00757	0.07347	0.4132	1.68499	5.47503	14.92977
80	-4.5	0.00847	0.08048	0.44484	1.78579	5.7187	15.38141
80	-4.45	0.00947	0.08812	0.47855	1.89091	5.9669	15.82785
80	-4.4	0.01059	0.09643	0.51443	2.00034	6.21911	16.2674
80	-4.35	0.01183	0.10547	0.55257	2.11408	6.47478	16.69829
80	-4.3	0.01322	0.11528	0.59306	2.23208	6.73326	17.11869
80	-4.25	0.01477	0.12594	0.636	2.35428	6.99386	17.52671
80	-4.2	0.01649	0.1375	0.68146	2.48058	7.25582	17.92038
80	-4.15	0.01842	0.15003	0.72953	2.61085	7.51831	18.29771
80	-4.1	0.02055	0.16358	0.78028	2.74493	7.78044	18.65668
80	-4.05	0.02293	0.17825	0.83377	2.88262	8.04126	18.99523
80	-4.	0.02558	0.19409	0.89007	3.02367	8.29973	19.31131
80	-3.95	0.02853	0.21118	0.94921	3.16782	8.55478	19.60287
80	-3.9	0.0318	0.2296	1.01124	3.31472	8.80527	19.86786
80	-3.85	0.03543	0.24942	1.07616	3.46402	9.04999	20.10431
80	-3.8	0.03947	0.27074	1.14398	3.61528	9.28772	20.31028
80	-3.75	0.04395	0.29361	1.21467	3.76804	9.51714	20.48389
80	-3.7	0.04892	0.31812	1.28821	3.92178	9.73696	20.6234
80	-3.65	0.05442	0.34435	1.36451	4.07593	9.9458	20.72713
80	-3.6	0.06051	0.37236	1.44349	4.22987	10.1423	20.79356
80	-3.55	0.06723	0.40223	1.52504	4.38293	10.32508	20.82133
80	-3.5	0.07463	0.43402	1.609	4.53438	10.49274	20.80923
80	-3.45	0.08278	0.4678	1.69519	4.68347	10.64394	20.75626
80	-3.4	0.09175	0.50361	1.78339	4.82936	10.77731	20.66161
80	-3.35	0.10162	0.54149	1.87333	4.97122	10.89157	20.52471
80	-3.3	0.11245	0.58147	1.96472	5.10814	10.98547	20.34524
80	-3.25	0.12432	0.62356	2.05723	5.23922	11.05784	20.12314
80	-3.2	0.13731	0.66775	2.15046	5.36349	11.10757	19.85859
80	-3.15	0.1515	0.71402	2.244	5.48001	11.13369	19.55209
80	-3.1	0.16698	0.76231	2.33737	5.58779	11.13533	19.20442
80	-3.05	0.18381	0.81256	2.43008	5.68587	11.11174	18.81663
80	-3.	0.20208	0.86464	2.52156	5.77327	11.06234	18.3901
80	-2.95	0.22185	0.91844	2.61123	5.84908	10.98668	17.92647
80	-2.9	0.2432	0.97378	2.69847	5.91237	10.88453	17.42771
80	-2.85	0.26616	1.03045	2.78262	5.9623	10.7558	16.89603
80	-2.8	0.29078	1.08823	2.86301	5.99806	10.60063	16.33395
80	-2.75	0.31709	1.14683	2.93892	6.01891	10.41935	15.74418
80	-2.7	0.3451	1.20595	3.00966	6.02423	10.21249	15.12974
80	-2.65	0.37477	1.26522	3.07449	6.01346	9.98082	14.49378
80	-2.6	0.40608	1.32426	3.1327	5.98616	9.7253	13.8397
80	-2.55	0.43898	1.38265	3.18358	5.94202	9.44712	13.171
80	-2.5	0.47341	1.43992	3.22646	5.88085	9.14767	12.4913
80	-2.45	0.50926	1.49557	3.26067	5.80263	8.82854	11.80434
80	-2.4	0.54636	1.54908	3.28562	5.70745	8.49151	11.11384
80	-2.35	0.58449	1.59989	3.30076	5.59559	8.13852	10.42359
80	-2.3	0.62335	1.64745	3.30561	5.46746	7.77169	9.73729
80	-2.25	0.6627	1.69123	3.29978	5.32365	7.39325	9.05859
80	-2.2	0.70227	1.73065	3.28296	5.16492	7.00556	8.39101
80	-2.15	0.74169	1.76519	3.25492	4.99215	6.61107	7.73792
80	-2.1	0.7806	1.79431	3.21556	4.8064	6.21227	7.10248
80	-2.05	0.81863	1.81752	3.16488	4.60888	5.8117	6.48762
80	-2.	0.8554	1.83436	3.103	4.40091	5.41189	5.89603
80	-1.95	0.89042	1.84441	3.03017	4.18394	5.01534	5.33008
80	-1.9	0.92322	1.84732	2.94674	3.95952	4.62451	4.79185
80	-1.85	0.95339	1.8428	2.85322	3.72931	4.24172	4.28303
80	-1.8	0.98038	1.83067	2.75021	3.49499	3.86921	3.80503
80	-1.75	1.00388	1.8108	2.63845	3.25833	3.50904	3.35882
80	-1.7	1.02358	1.78314	2.51877	3.0211	3.16312	2.94508
80	-1.65	1.03907	1.74772	2.39212	2.78507	2.83312	2.56406
80	-1.6	1.05001	1.70467	2.25954	2.55199	2.5205	2.21571
80	-1.55	1.05619	1.65418	2.12215	2.32355	2.22648	1.89958
80	-1.5	1.05728	1.59656	1.98117	2.10137	1.952	1.61495
80	-1.45	1.05297	1.53222	1.83786	1.88697	1.69776	1.36079
80	-1.4	1.043	1.46169	1.69355	1.68171	1.46415	1.13579
80	-1.35	1.02719	1.38563	1.54954	1.48682	1.25132	0.93844
80	-1.3	1.00552	1.30481	1.40717	1.30334	1.05914	0.767
80	-1.25	0.97813	1.22007	1.2677	1.13214	0.88723	0.61961
80	-1.2	0.94513	1.13232	1.13236	0.97385	0.73499	0.49428
80	-1.15	0.90673	1.04255	1.00228	0.82893	0.60158	0.38899
80	-1.1	0.86334	0.9518	0.87848	0.69759	0.486	0.30164
80	-1.05	0.81548	0.86112	0.76187	0.57984	0.38707	0.23017
80	-1.	0.76379	0.77156	0.65319	0.47551	0.30353	0.17257
80	-0.95	0.70905	0.6841	0.55302	0.38421	0.23398	0.12691
80	-0.9	0.65197	0.59967	0.46179	0.3054	0.17699	0.09137
80	-0.85	0.5934	0.51912	0.37974	0.23837	0.1311	0.06424
80	-0.8	0.5342	0.44321	0.30696	0.1823	0.09486	0.044
80	-0.75	0.47517	0.37257	0.24338	0.13626	0.06686	0.02926
80	-0.7	0.41708	0.30771	0.18877	0.09923	0.04575	0.01883
80	-0.65	0.36069	0.24902	0.14274	0.07015	0.03027	0.01167
80	-0.6	0.30656	0.19677	0.10482	0.04793	0.01927	0.00694
80	-0.55	0.25519	0.15115	0.07438	0.03148	0.01174	0.00393
80	-0.5	0.20707	0.11223	0.05069	0.01975	0.0068	0.0021
80	-0.45	0.1626	0.07999	0.03295	0.01175	0.00371	0.00105
80	-0.4	0.12245	0.05428	0.02025	0.00656	0.00189	0.00049
80	-0.35	0.0877	0.03472	0.01163	0.0034	0.00088	0.00021
80	-0.3	0.05907	0.02065	0.00615	0.0016	0.00037	0.00008
80	-0.25	0.03676	0.01121	0.00293	0.00067	0.00014	0.00003
80	-0.2	0.02059	0.00542	0.00123	0.00024	0.00004	0.00000
80	-0.15	0.01012	0.00227	0.00043	0.00007	0.00001	0.00000
80	-0.1	0.00424	0.00077	0.00011	0.00001	0.00000	0.00000
80	-0.05	0.00146	0.00017	0.00002	0.00000	0.00000	0.00000
80	0.00	0.00006	0.00000	0.00000	0.00000	0.00000	0.00000
100	-8.9	0.00000	0.00002	0.00029	0.0029	0.02192	0.13474
100	-8.85	0.00000	0.00002	0.00032	0.00318	0.02385	0.14559
100	-8.8	0.00000	0.00003	0.00036	0.00348	0.02595	0.15728
100	-8.75	0.00000	0.00003	0.00039	0.00382	0.02823	0.16986
100	-8.7	0.00000	0.00003	0.00044	0.00418	0.03069	0.18339
100	-8.65	0.00000	0.00003	0.00048	0.00458	0.03337	0.19795
100	-8.6	0.00000	0.00004	0.00053	0.00501	0.03627	0.21361
100	-8.55	0.00000	0.00004	0.00059	0.00549	0.03942	0.23043
100	-8.5	0.00000	0.00005	0.00065	0.00601	0.04283	0.24851
100	-8.45	0.00000	0.00005	0.00071	0.00658	0.04652	0.26793
100	-8.4	0.00000	0.00006	0.00079	0.0072	0.05051	0.28878
100	-8.35	0.00000	0.00007	0.00087	0.00787	0.05484	0.31116
100	-8.3	0.00000	0.00007	0.00096	0.00861	0.05951	0.33517
100	-8.25	0.00000	0.00008	0.00105	0.00942	0.06458	0.36092
100	-8.2	0.00000	0.00009	0.00116	0.0103	0.07005	0.38852
100	-8.15	0.00000	0.0001	0.00128	0.01126	0.07597	0.4181
100	-8.1	0.00000	0.00011	0.00141	0.0123	0.08236	0.44979
100	-8.05	0.00000	0.00012	0.00155	0.01344	0.08927	0.48372
100	-8.	0.00000	0.00014	0.00171	0.01468	0.09673	0.52004
100	-7.95	0.00000	0.00015	0.00189	0.01604	0.10479	0.55889
100	-7.9	0.00000	0.00017	0.00208	0.01751	0.11348	0.60044
100	-7.85	0.00000	0.00019	0.00229	0.01912	0.12286	0.64485
100	-7.8	0.00000	0.00021	0.00252	0.02086	0.13297	0.6923
100	-7.75	0.00001	0.00023	0.00277	0.02277	0.14388	0.74297
100	-7.7	0.00001	0.00026	0.00305	0.02483	0.15562	0.79707
100	-7.65	0.00001	0.00029	0.00335	0.02708	0.16828	0.85478
100	-7.6	0.00001	0.00032	0.00369	0.02953	0.1819	0.91632
100	-7.55	0.00002	0.00035	0.00406	0.03219	0.19657	0.98192
100	-7.5	0.00002	0.00039	0.00446	0.03508	0.21235	1.0518
100	-7.45	0.00002	0.00043	0.00491	0.03821	0.22931	1.12621
100	-7.4	0.00002	0.00048	0.00539	0.04162	0.24755	1.2054
100	-7.35	0.00003	0.00054	0.00593	0.04532	0.26715	1.28963
100	-7.3	0.00003	0.00059	0.00651	0.04933	0.28819	1.37917
100	-7.25	0.00003	0.00066	0.00716	0.05368	0.31079	1.47431
100	-7.2	0.00004	0.00073	0.00786	0.0584	0.33503	1.57533
100	-7.15	0.00004	0.00081	0.00863	0.06352	0.36103	1.68255
100	-7.1	0.00005	0.0009	0.00947	0.06906	0.38891	1.79626
100	-7.05	0.00005	0.001	0.0104	0.07506	0.41877	1.91679
100	-7.	0.00006	0.00111	0.01141	0.08156	0.45075	2.04448
100	-6.95	0.00006	0.00123	0.01252	0.08859	0.48499	2.17965
100	-6.9	0.00007	0.00136	0.01373	0.0962	0.52161	2.32266
100	-6.85	0.00008	0.00151	0.01506	0.10443	0.56077	2.47386
100	-6.8	0.00009	0.00167	0.01651	0.11332	0.60261	2.63361
100	-6.75	0.0001	0.00185	0.01809	0.12293	0.64731	2.80228
100	-6.7	0.00011	0.00205	0.01982	0.1333	0.69501	2.98024
100	-6.65	0.00013	0.00227	0.02172	0.1445	0.7459	3.16786
100	-6.6	0.00014	0.00252	0.02378	0.15658	0.80016	3.36552
100	-6.55	0.00016	0.00279	0.02604	0.16961	0.85798	3.5736
100	-6.5	0.00018	0.00309	0.0285	0.18365	0.91954	3.79248
100	-6.45	0.0002	0.00342	0.03118	0.19878	0.98505	4.02254
100	-6.4	0.00023	0.00378	0.03411	0.21507	1.05472	4.26414
100	-6.35	0.00025	0.00418	0.0373	0.2326	1.12876	4.51765
100	-6.3	0.00028	0.00463	0.04078	0.25146	1.20739	4.78343
100	-6.25	0.00032	0.00512	0.04456	0.27173	1.29083	5.06183
100	-6.2	0.00036	0.00566	0.04869	0.29351	1.37931	5.35318
100	-6.15	0.0004	0.00626	0.05317	0.3169	1.47308	5.65779
100	-6.1	0.00045	0.00692	0.05806	0.34199	1.57237	5.97596
100	-6.05	0.0005	0.00765	0.06336	0.36891	1.67741	6.30797
100	-6.	0.00056	0.00846	0.06913	0.39775	1.78846	6.65406
100	-5.95	0.00063	0.00934	0.0754	0.42865	1.90576	7.01446
100	-5.9	0.00071	0.01032	0.0822	0.46173	2.02956	7.38934
100	-5.85	0.0008	0.01139	0.08958	0.4971	2.1601	7.77886
100	-5.8	0.00089	0.01258	0.09759	0.53492	2.29762	8.18311
100	-5.75	0.001	0.01388	0.10627	0.57531	2.44236	8.60216
100	-5.7	0.00112	0.01532	0.11568	0.61843	2.59456	9.03602
100	-5.65	0.00125	0.0169	0.12586	0.66441	2.75445	9.48463
100	-5.6	0.00141	0.01864	0.13689	0.71341	2.92223	9.94788
100	-5.55	0.00158	0.02055	0.14881	0.76559	3.09812	10.42561
100	-5.5	0.00176	0.02265	0.16171	0.82111	3.2823	10.91757
100	-5.45	0.00198	0.02496	0.17563	0.88012	3.47496	11.42343
100	-5.4	0.00222	0.02749	0.19067	0.94281	3.67624	11.9428
100	-5.35	0.00248	0.03028	0.20689	1.00932	3.88629	12.4752
100	-5.3	0.00278	0.03333	0.22438	1.07983	4.10522	13.02004
100	-5.25	0.00311	0.03668	0.24322	1.15451	4.3331	13.57667
100	-5.2	0.00349	0.04035	0.2635	1.23352	4.57	14.1443
100	-5.15	0.00391	0.04438	0.28532	1.31703	4.81593	14.72208
100	-5.1	0.00438	0.04878	0.30877	1.4052	5.07086	15.30902
100	-5.05	0.0049	0.05361	0.33396	1.49819	5.33475	15.90403
100	-5.	0.00548	0.05888	0.361	1.59614	5.60747	16.50592
100	-4.95	0.00614	0.06465	0.38998	1.6992	5.88889	17.11337
100	-4.9	0.00687	0.07096	0.42102	1.8075	6.17878	17.72495
100	-4.85	0.00769	0.07784	0.45425	1.92117	6.47688	18.3391
100	-4.8	0.00861	0.08535	0.48977	2.0403	6.78287	18.95417
100	-4.75	0.00963	0.09355	0.52771	2.16499	7.09636	19.56836
100	-4.7	0.01078	0.10248	0.56819	2.29531	7.41688	20.17978
100	-4.65	0.01205	0.1122	0.61133	2.43131	7.74392	20.78641
100	-4.6	0.01348	0.12278	0.65726	2.57302	8.07686	21.38615
100	-4.55	0.01507	0.13428	0.7061	2.72043	8.41503	21.97677
100	-4.5	0.01684	0.14678	0.75797	2.87352	8.75766	22.55595
100	-4.45	0.01882	0.16035	0.81298	3.03222	9.10392	23.12129
100	-4.4	0.02101	0.17507	0.87126	3.19643	9.45288	23.67032
100	-4.35	0.02346	0.19101	0.9329	3.36601	9.80353	24.20049
100	-4.3	0.02618	0.20827	0.99801	3.54079	10.15478	24.70919
100	-4.25	0.02922	0.22694	1.06668	3.72052	10.50545	25.19379
100	-4.2	0.03259	0.2471	1.13898	3.90494	10.85428	25.65162
100	-4.15	0.03634	0.26885	1.21499	4.09371	11.19993	26.08002
100	-4.1	0.04051	0.2923	1.29475	4.28646	11.54098	26.47631
100	-4.05	0.04513	0.31753	1.3783	4.48274	11.87595	26.83788
100	-4.	0.05026	0.34465	1.46565	4.68205	12.20327	27.16215
100	-3.95	0.05595	0.37377	1.55679	4.88384	12.52134	27.4466
100	-3.9	0.06224	0.40497	1.65168	5.08746	12.82848	27.68885
100	-3.85	0.06921	0.43837	1.75025	5.29225	13.12297	27.8866
100	-3.8	0.07691	0.47406	1.85241	5.49744	13.40307	28.03772
100	-3.75	0.08543	0.51212	1.95801	5.70221	13.66702	28.14024
100	-3.7	0.09483	0.55264	2.0669	5.9057	13.91304	28.19239
100	-3.65	0.10517	0.5957	2.17885	6.10695	14.13934	28.1926
100	-3.6	0.11655	0.64136	2.29362	6.30496	14.3442	28.13959
100	-3.55	0.12905	0.68968	2.41089	6.4987	14.52589	28.03229
100	-3.5	0.14277	0.74071	2.53032	6.68704	14.68277	27.86997
100	-3.45	0.1578	0.79444	2.65151	6.86886	14.81323	27.65215
100	-3.4	0.17424	0.8509	2.774	7.04297	14.9158	27.37871
100	-3.35	0.19218	0.91005	2.89729	7.20815	14.98909	27.04988
100	-3.3	0.21172	0.97185	3.02082	7.3632	15.03185	26.66621
100	-3.25	0.23297	1.03621	3.14397	7.50687	15.04298	26.22863
100	-3.2	0.25604	1.103	3.26609	7.63795	15.02153	25.73843
100	-3.15	0.28099	1.17209	3.38646	7.75521	14.96677	25.19727
100	-3.1	0.3079	1.24327	3.50434	7.8575	14.87814	24.60717
100	-3.05	0.33682	1.31631	3.61891	7.94368	14.75531	23.97052
100	-3.	0.36783	1.39094	3.72937	8.01267	14.59818	23.29003
100	-2.95	0.40097	1.46684	3.83483	8.0635	14.40688	22.56878
100	-2.9	0.43627	1.54364	3.93444	8.09526	14.18181	21.81014
100	-2.85	0.47369	1.6209	4.02728	8.10716	13.92361	21.01777
100	-2.8	0.51322	1.69819	4.11249	8.09853	13.6332	20.1956
100	-2.75	0.55481	1.77498	4.18916	8.06884	13.31173	19.34776
100	-2.7	0.59835	1.85071	4.25644	8.01771	12.96064	18.47861
100	-2.65	0.64369	1.9248	4.3135	7.94491	12.58159	17.59264
100	-2.6	0.69056	1.99664	4.35958	7.8504	12.17652	16.69446
100	-2.55	0.73874	2.06558	4.39394	7.7343	11.74755	15.78873
100	-2.5	0.78806	2.13099	4.41595	7.59692	11.29705	14.88014
100	-2.45	0.83821	2.19218	4.42503	7.43876	10.82755	13.97339
100	-2.4	0.88874	2.24847	4.42071	7.26052	10.34177	13.07303
100	-2.35	0.93927	2.29922	4.40264	7.06307	9.84257	12.18356
100	-2.3	0.98938	2.3438	4.37056	6.84747	9.33289	11.30927
100	-2.25	1.03858	2.38161	4.32435	6.61496	8.8158	10.45427
100	-2.2	1.08646	2.41208	4.264	6.36696	8.29439	9.62239
100	-2.15	1.13259	2.43471	4.18964	6.10502	7.77177	8.81719
100	-2.1	1.17651	2.449	4.10155	5.83087	7.25103	8.04186
100	-2.05	1.21766	2.45455	4.00014	5.54634	6.73519	7.29926
100	-2.	1.25556	2.45101	3.88597	5.25337	6.22721	6.59188
100	-1.95	1.28977	2.43813	3.75974	4.95399	5.72987	5.92176
100	-1.9	1.31976	2.41573	3.6223	4.6503	5.24585	5.29057
100	-1.85	1.345	2.38373	3.47462	4.34442	4.77759	4.6995
100	-1.8	1.36501	2.3422	3.31781	4.03847	4.32732	4.14935
100	-1.75	1.3794	2.29128	3.15308	3.73455	3.89702	3.64045
100	-1.7	1.38777	2.23126	2.98174	3.43473	3.48841	3.17277
100	-1.65	1.38983	2.16255	2.80517	3.14097	3.10291	2.74583
100	-1.6	1.38535	2.08564	2.62482	2.85515	2.74166	2.35882
100	-1.55	1.37426	2.00117	2.44217	2.57899	2.40547	2.01056
100	-1.5	1.35654	1.90982	2.25872	2.31408	2.09485	1.69957
100	-1.45	1.33214	1.8124	2.07599	2.06183	1.81002	1.42408
100	-1.4	1.30112	1.7098	1.89545	1.82345	1.55086	1.18211
100	-1.35	1.26369	1.603	1.71853	1.59992	1.31701	0.97148
100	-1.3	1.22017	1.49301	1.54661	1.39203	1.1078	0.78986
100	-1.25	1.17085	1.38092	1.38096	1.20032	0.92236	0.63484
100	-1.2	1.11616	1.26784	1.22274	1.02509	0.75956	0.50395
100	-1.15	1.05657	1.15494	1.07297	0.86643	0.61812	0.39472
100	-1.1	0.99275	1.04335	0.93252	0.72417	0.49658	0.30469
100	-1.05	0.92546	0.9342	0.80207	0.59795	0.39339	0.23148
100	-1.	0.85556	0.82856	0.68214	0.48723	0.3069	0.17284
100	-0.95	0.78411	0.72737	0.57305	0.39126	0.23542	0.12661
100	-0.9	0.71203	0.63145	0.47492	0.30918	0.17726	0.09082
100	-0.85	0.64019	0.54152	0.38773	0.23998	0.13073	0.06364
100	-0.8	0.56939	0.45814	0.31128	0.18257	0.09421	0.04345
100	-0.75	0.50044	0.38179	0.24521	0.13578	0.06615	0.02882
100	-0.7	0.43427	0.31276	0.18903	0.09843	0.04511	0.0185
100	-0.65	0.3716	0.25118	0.14214	0.06929	0.02975	0.01144
100	-0.6	0.31272	0.19707	0.10383	0.04717	0.0189	0.00679
100	-0.55	0.25792	0.15036	0.07333	0.03088	0.01149	0.00384
100	-0.5	0.20742	0.11095	0.04977	0.01933	0.00665	0.00205
100	-0.45	0.16149	0.07864	0.03224	0.01148	0.00363	0.00103
100	-0.4	0.12073	0.05312	0.01977	0.00641	0.00185	0.00048
100	-0.35	0.0859	0.03386	0.01134	0.00332	0.00086	0.0002
100	-0.3	0.05754	0.0201	0.006	0.00157	0.00037	0.00008
100	-0.25	0.03569	0.01092	0.00287	0.00066	0.00014	0.00003
100	-0.2	0.02	0.00531	0.00121	0.00024	0.00004	0.00000
100	-0.15	0.00992	0.00224	0.00043	0.00007	0.00001	0.00000
100	-0.1	0.00421	0.00077	0.00011	0.00001	0.00000	0.00000
100	-0.05	0.00146	0.00017	0.00002	0.00000	0.00000	0.00000
100	0.00	0.00006	0.00000	0.00000	0.00000	0.00000	0.00000
500	-8.9	0.00000	0.0001	0.00131	0.01201	0.08442	0.48424
500	-8.85	0.00000	0.00011	0.00144	0.01313	0.09165	0.52183
500	-8.8	0.00000	0.00012	0.00159	0.01437	0.09948	0.56218
500	-8.75	0.00000	0.00013	0.00176	0.01571	0.10795	0.60545
500	-8.7	0.00000	0.00015	0.00194	0.01718	0.11711	0.65186
500	-8.65	0.00000	0.00017	0.00213	0.01878	0.12701	0.70159
500	-8.6	0.00000	0.00019	0.00235	0.02052	0.13772	0.75489
500	-8.55	0.00000	0.00021	0.00259	0.02242	0.14928	0.81196
500	-8.5	0.00000	0.00023	0.00285	0.0245	0.16177	0.87307
500	-8.45	0.00001	0.00025	0.00314	0.02676	0.17526	0.93845
500	-8.4	0.00001	0.00028	0.00346	0.02922	0.18981	1.00839
500	-8.35	0.00001	0.00031	0.00381	0.03189	0.20552	1.08317
500	-8.3	0.00002	0.00035	0.00419	0.03481	0.22246	1.16309
500	-8.25	0.00002	0.00039	0.00462	0.03798	0.24072	1.24846
500	-8.2	0.00002	0.00043	0.00508	0.04144	0.2604	1.33961
500	-8.15	0.00002	0.00048	0.00559	0.04519	0.28161	1.4369
500	-8.1	0.00002	0.00053	0.00615	0.04927	0.30444	1.54067
500	-8.05	0.00003	0.00059	0.00676	0.05371	0.32902	1.65132
500	-8.	0.00003	0.00065	0.00744	0.05853	0.35547	1.76923
500	-7.95	0.00003	0.00072	0.00818	0.06377	0.38393	1.89482
500	-7.9	0.00004	0.0008	0.00899	0.06946	0.41451	2.02853
500	-7.85	0.00004	0.00089	0.00988	0.07563	0.44739	2.1708
500	-7.8	0.00005	0.00099	0.01085	0.08233	0.4827	2.3221
500	-7.75	0.00005	0.0011	0.01192	0.0896	0.52061	2.48292
500	-7.7	0.00006	0.00122	0.0131	0.09749	0.56131	2.65376
500	-7.65	0.00007	0.00135	0.01438	0.10603	0.60496	2.83514
500	-7.6	0.00008	0.0015	0.01579	0.11529	0.65176	3.0276
500	-7.55	0.00008	0.00166	0.01733	0.12532	0.70193	3.2317
500	-7.5	0.0001	0.00184	0.01901	0.13618	0.75566	3.44801
500	-7.45	0.00011	0.00205	0.02086	0.14793	0.81319	3.67712
500	-7.4	0.00012	0.00227	0.02288	0.16064	0.87475	3.91963
500	-7.35	0.00013	0.00251	0.02509	0.1744	0.94059	4.17616
500	-7.3	0.00015	0.00278	0.0275	0.18926	1.01097	4.44735
500	-7.25	0.00017	0.00309	0.03015	0.20532	1.08616	4.73385
500	-7.2	0.00019	0.00342	0.03303	0.22267	1.16645	5.03629
500	-7.15	0.00021	0.00379	0.03618	0.2414	1.25213	5.35537
500	-7.1	0.00024	0.00419	0.03963	0.2616	1.34351	5.69173
500	-7.05	0.00027	0.00464	0.04338	0.2834	1.44091	6.04606
500	-7.	0.0003	0.00514	0.04749	0.30689	1.54466	6.41904
500	-6.95	0.00034	0.00569	0.05196	0.33221	1.65512	6.81135
500	-6.9	0.00038	0.0063	0.05684	0.35947	1.77263	7.22366
500	-6.85	0.00042	0.00697	0.06216	0.38882	1.89756	7.65665
500	-6.8	0.00047	0.00771	0.06795	0.42039	2.03029	8.11096
500	-6.75	0.00053	0.00853	0.07426	0.45434	2.17123	8.58726
500	-6.7	0.0006	0.00943	0.08113	0.49081	2.32075	9.08615
500	-6.65	0.00067	0.01043	0.08861	0.52999	2.47928	9.60826
500	-6.6	0.00075	0.01153	0.09675	0.57205	2.64722	10.15416
500	-6.55	0.00084	0.01274	0.1056	0.61716	2.82501	10.72439
500	-6.5	0.00094	0.01408	0.11521	0.66552	3.01308	11.31945
500	-6.45	0.00106	0.01556	0.12566	0.71734	3.21185	11.93982
500	-6.4	0.00118	0.01718	0.137	0.77282	3.42176	12.5859
500	-6.35	0.00133	0.01897	0.14931	0.83218	3.64326	13.25805
500	-6.3	0.00149	0.02094	0.16266	0.89565	3.87677	13.95656
500	-6.25	0.00167	0.02312	0.17713	0.96347	4.12274	14.68164
500	-6.2	0.00187	0.02551	0.19282	1.03589	4.38157	15.43345
500	-6.15	0.00209	0.02813	0.20981	1.11315	4.6537	16.21203
500	-6.1	0.00235	0.03103	0.2282	1.19552	4.93952	17.01735
500	-6.05	0.00263	0.03421	0.24809	1.28326	5.23942	17.84926
500	-6.	0.00295	0.0377	0.26959	1.37666	5.55378	18.70752
500	-5.95	0.0033	0.04154	0.29283	1.47599	5.88293	19.59175
500	-5.9	0.0037	0.04575	0.31791	1.58154	6.2272	20.50146
500	-5.85	0.00415	0.05038	0.34498	1.69361	6.58687	21.43601
500	-5.8	0.00464	0.05546	0.37417	1.81247	6.96219	22.39462
500	-5.75	0.0052	0.06103	0.40563	1.93843	7.35337	23.37637
500	-5.7	0.00582	0.06713	0.43949	2.07179	7.76058	24.38018
500	-5.65	0.00652	0.07382	0.47593	2.21283	8.18391	25.40477
500	-5.6	0.0073	0.08114	0.51511	2.36184	8.62342	26.44873
500	-5.55	0.00818	0.08916	0.55719	2.51911	9.0791	27.51044
500	-5.5	0.00915	0.09793	0.60236	2.68491	9.55087	28.58813
500	-5.45	0.01024	0.10751	0.6508	2.8595	10.03856	29.67978
500	-5.4	0.01146	0.11799	0.70271	3.04313	10.54193	30.78324
500	-5.35	0.01283	0.12943	0.75828	3.23604	11.06065	31.89613
500	-5.3	0.01435	0.14191	0.81771	3.43844	11.59429	33.01586
500	-5.25	0.01605	0.15553	0.8812	3.65051	12.14233	34.13968
500	-5.2	0.01795	0.17036	0.94897	3.87241	12.70413	35.26461
500	-5.15	0.02007	0.18652	1.02123	4.10428	13.27893	36.38749
500	-5.1	0.02244	0.2041	1.09819	4.3462	13.86588	37.50496
500	-5.05	0.02509	0.22322	1.18006	4.59822	14.46398	38.6135
500	-5.	0.02803	0.24398	1.26705	4.86034	15.07211	39.70938
500	-4.95	0.03132	0.26652	1.35937	5.13253	15.68901	40.78875
500	-4.9	0.03498	0.29097	1.45722	5.41468	16.3133	41.84759
500	-4.85	0.03905	0.31746	1.56079	5.70662	16.94345	42.88172
500	-4.8	0.04358	0.34613	1.67026	6.00813	17.57779	43.88688
500	-4.75	0.04862	0.37713	1.78581	6.31891	18.21453	44.85869
500	-4.7	0.05423	0.41062	1.90757	6.63858	18.8517	45.79271
500	-4.65	0.06046	0.44676	2.0357	6.96668	19.48725	46.68445
500	-4.6	0.06737	0.4857	2.17028	7.30267	20.11894	47.52936
500	-4.55	0.07504	0.52761	2.31142	7.64592	20.74445	48.32295
500	-4.5	0.08355	0.57267	2.45914	7.9957	21.36131	49.06073
500	-4.45	0.09298	0.62104	2.61349	8.35119	21.96695	49.73828
500	-4.4	0.10341	0.67289	2.77442	8.71145	22.5587	50.35131
500	-4.35	0.11495	0.72838	2.94186	9.07547	23.1338	50.89563
500	-4.3	0.12771	0.78769	3.11571	9.44211	23.68942	51.36726
500	-4.25	0.1418	0.85097	3.29579	9.81014	24.22268	51.76243
500	-4.2	0.15734	0.91835	3.48188	10.17822	24.73063	52.0776
500	-4.15	0.17444	0.98997	3.67367	10.54492	25.21034	52.30956
500	-4.1	0.19324	1.06595	3.87082	10.9087	25.65887	52.45538
500	-4.05	0.21388	1.14639	4.07289	11.26794	26.07329	52.51253
500	-4.	0.2365	1.23137	4.27939	11.62093	26.45074	52.47889
500	-3.95	0.26126	1.32094	4.48972	11.96587	26.78845	52.35273
500	-3.9	0.2883	1.41512	4.70325	12.30092	27.08373	52.13282
500	-3.85	0.31779	1.51389	4.91921	12.62416	27.33403	51.81841
500	-3.8	0.34989	1.6172	5.13679	12.93365	27.53699	51.40929
500	-3.75	0.38476	1.72493	5.35508	13.2274	27.69041	50.90573
500	-3.7	0.42256	1.83694	5.57309	13.50342	27.79234	50.30862
500	-3.65	0.46338	1.95302	5.78978	13.75974	27.84103	49.61933
500	-3.6	0.50735	2.0729	6.00399	13.99439	27.83507	48.83988
500	-3.55	0.5546	2.19627	6.21453	14.20546	27.77329	47.9728
500	-3.5	0.60521	2.32272	6.42014	14.39112	27.65488	47.0212
500	-3.45	0.65926	2.45182	6.61951	14.54962	27.47935	45.98871
500	-3.4	0.71679	2.58303	6.81128	14.67932	27.24658	44.87949
500	-3.35	0.77781	2.71574	6.99406	14.77871	26.95683	43.69826
500	-3.3	0.84224	2.84931	7.16647	14.84646	26.61072	42.4501
500	-3.25	0.91003	2.98299	7.32711	14.88141	26.20927	41.14062
500	-3.2	0.98103	3.11599	7.47459	14.88259	25.75389	39.77572
500	-3.15	1.05505	3.24747	7.60757	14.84926	25.24638	38.36175
500	-3.1	1.13188	3.37651	7.72475	14.7809	24.6889	36.90526
500	-3.05	1.21123	3.50216	7.8249	14.67726	24.08399	35.41308
500	-3.	1.29271	3.62343	7.90689	14.53833	23.43452	33.89216
500	-2.95	1.3759	3.7393	7.96968	14.36438	22.7437	32.34959
500	-2.9	1.4603	3.84875	8.01236	14.15595	22.01503	30.79255
500	-2.85	1.54529	3.95077	8.03417	13.91386	21.25225	29.22811
500	-2.8	1.63024	4.04436	8.03449	13.63918	20.45937	27.66336
500	-2.75	1.71464	4.12857	8.01288	13.33328	19.64056	26.10516
500	-2.7	1.79784	4.20245	7.96905	12.99775	18.80018	24.56024
500	-2.65	1.87907	4.26513	7.90294	12.63444	17.94264	23.03501
500	-2.6	1.95747	4.31581	7.81466	12.24544	17.07246	21.53563
500	-2.55	2.03228	4.3538	7.70453	11.833	16.19417	20.06783
500	-2.5	2.10282	4.37851	7.57306	11.39959	15.31224	18.63698
500	-2.45	2.1683	4.38945	7.42097	10.94781	14.43114	17.24803
500	-2.4	2.22802	4.38626	7.24915	10.48038	13.55515	15.90537
500	-2.35	2.28119	4.36873	7.0587	10.00014	12.68845	14.61299
500	-2.3	2.32707	4.33677	6.85087	9.50994	11.83499	13.37426
500	-2.25	2.36494	4.29051	6.62708	9.0127	10.99854	12.19211
500	-2.2	2.39432	4.23021	6.38886	8.5113	10.18258	11.06888
500	-2.15	2.41497	4.15629	6.13785	8.00862	9.39033	10.00637
500	-2.1	2.42662	4.06925	5.87579	7.50743	8.62468	9.00583
500	-2.05	2.42897	3.96973	5.60448	7.01045	7.88821	8.06803
500	-2.	2.42185	3.85851	5.32578	6.52025	7.18318	7.19322
500	-1.95	2.40524	3.73649	5.04155	6.03928	6.51149	6.38113
500	-1.9	2.37933	3.60467	4.75367	5.56983	5.8747	5.63108
500	-1.85	2.34444	3.4641	4.46399	5.11398	5.27399	4.94192
500	-1.8	2.30087	3.31589	4.17431	4.67364	4.71025	4.31213
500	-1.75	2.24903	3.1612	3.88638	4.25052	4.18395	3.73982
500	-1.7	2.18949	3.0012	3.60189	3.84611	3.6953	3.2228
500	-1.65	2.12278	2.83707	3.32242	3.46166	3.24415	2.75855
500	-1.6	2.0495	2.67002	3.04949	3.09822	2.83007	2.34438
500	-1.55	1.97043	2.5012	2.78446	2.7566	2.45232	1.97736
500	-1.5	1.88603	2.33178	2.52862	2.43737	2.10991	1.65443
500	-1.45	1.797	2.16292	2.28311	2.14089	1.80162	1.37243
500	-1.4	1.70417	1.99574	2.04892	1.86729	1.52601	1.12812
500	-1.35	1.60826	1.83129	1.82693	1.61648	1.28146	0.91827
500	-1.3	1.51	1.67058	1.61782	1.38818	1.06619	0.73962
500	-1.25	1.41039	1.51455	1.42216	1.1819	0.8783	0.58901
500	-1.2	1.31016	1.36401	1.24033	0.99698	0.71578	0.46336
500	-1.15	1.20988	1.21972	1.07262	0.83262	0.57658	0.35971
500	-1.1	1.11015	1.08238	0.91912	0.68782	0.45861	0.27524
500	-1.05	1.01168	0.95265	0.77978	0.56149	0.35976	0.20731
500	-1.	0.91526	0.83105	0.65442	0.45244	0.27796	0.15346
500	-0.95	0.82159	0.71799	0.54269	0.35937	0.21119	0.11146
500	-0.9	0.73132	0.61377	0.44412	0.28094	0.15751	0.07927
500	-0.85	0.64508	0.51857	0.35814	0.21575	0.11508	0.05508
500	-0.8	0.56344	0.43244	0.28404	0.16241	0.08215	0.03729
500	-0.75	0.48673	0.3553	0.22108	0.11953	0.05715	0.02452
500	-0.7	0.4153	0.28703	0.16841	0.08574	0.0386	0.01561
500	-0.65	0.34949	0.22734	0.12513	0.05973	0.02522	0.00957
500	-0.6	0.2893	0.17592	0.09031	0.04023	0.01587	0.00563
500	-0.55	0.23472	0.13239	0.06302	0.02606	0.00956	0.00316
500	-0.5	0.18571	0.09634	0.04225	0.01614	0.00548	0.00168
500	-0.45	0.14224	0.06732	0.02704	0.00948	0.00296	0.00083
500	-0.4	0.10455	0.04482	0.01637	0.00524	0.00149	0.00039
500	-0.35	0.07313	0.02815	0.00928	0.00269	0.00069	0.00016
500	-0.3	0.04811	0.01647	0.00485	0.00126	0.00029	0.00006
500	-0.25	0.0293	0.00882	0.0023	0.00053	0.00011	0.00002
500	-0.2	0.01614	0.00424	0.00096	0.00019	0.00003	0.00000
500	-0.15	0.00788	0.00177	0.00034	0.00006	0.00000	0.00000
500	-0.1	0.00332	0.00061	0.00009	0.00001	0.00000	0.00000
500	-0.05	0.00116	0.00014	0.00001	0.00000	0.00000	0.00000
500	0.00	0.00004	0.00000	0.00000	0.00000	0.00000	0.00000
1000	-8.9	0.00000	0.00019	0.00249	0.02202	0.14963	0.83054
1000	-8.85	0.00000	0.00021	0.00274	0.02407	0.16227	0.89381
1000	-8.8	0.00000	0.00024	0.00302	0.0263	0.17592	0.96159
1000	-8.75	0.00001	0.00027	0.00333	0.02874	0.19067	1.03417
1000	-8.7	0.00001	0.00029	0.00367	0.03139	0.2066	1.11186
1000	-8.65	0.00001	0.00033	0.00404	0.03428	0.2238	1.19499
1000	-8.6	0.00002	0.00036	0.00445	0.03743	0.24235	1.28389
1000	-8.55	0.00002	0.0004	0.0049	0.04086	0.26237	1.37893
1000	-8.5	0.00002	0.00045	0.00539	0.04459	0.28396	1.48049
1000	-8.45	0.00002	0.0005	0.00594	0.04865	0.30724	1.58896
1000	-8.4	0.00002	0.00055	0.00653	0.05306	0.33231	1.70476
1000	-8.35	0.00003	0.00062	0.00719	0.05787	0.35933	1.82832
1000	-8.3	0.00003	0.00068	0.0079	0.06309	0.38841	1.96011
1000	-8.25	0.00003	0.00076	0.00869	0.06876	0.41972	2.10061
1000	-8.2	0.00004	0.00084	0.00956	0.07492	0.4534	2.25031
1000	-8.15	0.00004	0.00094	0.01051	0.08162	0.48962	2.40975
1000	-8.1	0.00005	0.00104	0.01155	0.08889	0.52856	2.57945
1000	-8.05	0.00006	0.00115	0.01269	0.09678	0.57039	2.76
1000	-8.	0.00006	0.00128	0.01395	0.10534	0.61533	2.95198
1000	-7.95	0.00007	0.00142	0.01532	0.11462	0.66357	3.15599
1000	-7.9	0.00008	0.00157	0.01682	0.12469	0.71533	3.37269
1000	-7.85	0.00009	0.00175	0.01847	0.1356	0.77085	3.60272
1000	-7.8	0.0001	0.00194	0.02028	0.14742	0.83036	3.84677
1000	-7.75	0.00011	0.00215	0.02225	0.16022	0.89414	4.10553
1000	-7.7	0.00012	0.00238	0.02442	0.17407	0.96244	4.37973
1000	-7.65	0.00014	0.00264	0.02678	0.18907	1.03555	4.67011
1000	-7.6	0.00016	0.00293	0.02937	0.20529	1.11377	4.97743
1000	-7.55	0.00017	0.00324	0.03221	0.22283	1.19742	5.30246
1000	-7.5	0.0002	0.00359	0.0353	0.24178	1.28681	5.64602
1000	-7.45	0.00022	0.00398	0.03869	0.26226	1.3823	6.00889
1000	-7.4	0.00025	0.00441	0.04238	0.28437	1.48424	6.39192
1000	-7.35	0.00028	0.00489	0.04642	0.30824	1.59301	6.79594
1000	-7.3	0.00031	0.00541	0.05083	0.33399	1.70898	7.22178
1000	-7.25	0.00035	0.00599	0.05565	0.36175	1.83257	7.67031
1000	-7.2	0.00039	0.00663	0.0609	0.39167	1.9642	8.14237
1000	-7.15	0.00044	0.00734	0.06663	0.42391	2.1043	8.63881
1000	-7.1	0.00049	0.00812	0.07287	0.45862	2.25332	9.16049
1000	-7.05	0.00055	0.00899	0.07968	0.49597	2.41172	9.70824
1000	-7.	0.00061	0.00994	0.08709	0.53614	2.57997	10.28289
1000	-6.95	0.00069	0.011	0.09516	0.57932	2.75858	10.88526
1000	-6.9	0.00077	0.01216	0.10395	0.62572	2.94803	11.51612
1000	-6.85	0.00087	0.01345	0.11352	0.67553	3.14885	12.17624
1000	-6.8	0.00097	0.01486	0.12392	0.72899	3.36156	12.86635
1000	-6.75	0.00109	0.01643	0.13522	0.78633	3.58669	13.58712
1000	-6.7	0.00122	0.01815	0.14751	0.84778	3.82477	14.33919
1000	-6.65	0.00137	0.02005	0.16085	0.9136	4.07636	15.12314
1000	-6.6	0.00154	0.02214	0.17533	0.98405	4.34199	15.93949
1000	-6.55	0.00172	0.02444	0.19105	1.05941	4.62222	16.78869
1000	-6.5	0.00193	0.02698	0.20809	1.13998	4.91758	17.67109
1000	-6.45	0.00217	0.02977	0.22656	1.22603	5.22863	18.58699
1000	-6.4	0.00243	0.03285	0.24657	1.31789	5.55588	19.53655
1000	-6.35	0.00272	0.03623	0.26824	1.41587	5.89987	20.51986
1000	-6.3	0.00305	0.03995	0.29168	1.5203	6.26108	21.53687
1000	-6.25	0.00342	0.04403	0.31703	1.63151	6.64002	22.58741
1000	-6.2	0.00383	0.04852	0.34443	1.74985	7.03713	23.67117
1000	-6.15	0.00429	0.05346	0.37402	1.87567	7.45285	24.78769
1000	-6.1	0.00481	0.05887	0.40597	2.00933	7.88757	25.93637
1000	-6.05	0.00539	0.06481	0.44042	2.15119	8.34165	27.11642
1000	-6.	0.00604	0.07133	0.47756	2.30161	8.8154	28.32689
1000	-5.95	0.00676	0.07847	0.51757	2.46097	9.30908	29.56663
1000	-5.9	0.00758	0.0863	0.56062	2.62963	9.82288	30.83429
1000	-5.85	0.00848	0.09488	0.60694	2.80795	10.35695	32.12834
1000	-5.8	0.0095	0.10426	0.65671	2.9963	10.91133	33.447
1000	-5.75	0.01063	0.11453	0.71016	3.19501	11.48602	34.78829
1000	-5.7	0.0119	0.12577	0.7675	3.40444	12.0809	36.15001
1000	-5.65	0.01332	0.13804	0.82898	3.6249	12.69578	37.52971
1000	-5.6	0.01491	0.15144	0.89483	3.85671	13.33035	38.9247
1000	-5.55	0.01668	0.16608	0.96528	4.10015	13.98421	40.33205
1000	-5.5	0.01866	0.18204	1.0406	4.35547	14.65682	41.7486
1000	-5.45	0.02087	0.19944	1.12105	4.62292	15.34752	43.17094
1000	-5.4	0.02333	0.21839	1.20687	4.90268	16.05554	44.59541
1000	-5.35	0.02608	0.23902	1.29833	5.1949	16.77993	46.01812
1000	-5.3	0.02915	0.26146	1.39569	5.49971	17.51963	47.43496
1000	-5.25	0.03258	0.28584	1.49923	5.81714	18.27341	48.84157
1000	-5.2	0.03639	0.31232	1.60918	6.1472	19.03988	50.23339
1000	-5.15	0.04064	0.34105	1.72582	6.48984	19.81751	51.60569
1000	-5.1	0.04538	0.37218	1.84937	6.84491	20.60457	52.9535
1000	-5.05	0.05065	0.4059	1.98009	7.21221	21.39919	54.27174
1000	-5.	0.05652	0.44237	2.11819	7.59145	22.19933	55.55515
1000	-4.95	0.06304	0.48178	2.26387	7.98225	23.00275	56.79836
1000	-4.9	0.07028	0.52433	2.41731	8.38415	23.80707	57.99594
1000	-4.85	0.07832	0.57021	2.57868	8.79656	24.60975	59.14234
1000	-4.8	0.08724	0.61961	2.74811	9.21883	25.40805	60.23203
1000	-4.75	0.09714	0.67275	2.92568	9.65015	26.19913	61.25947
1000	-4.7	0.1081	0.72984	3.11145	10.08964	26.97997	62.21914
1000	-4.65	0.12024	0.79107	3.30544	10.53626	27.74742	63.10565
1000	-4.6	0.13367	0.85666	3.5076	10.98888	28.49821	63.91369
1000	-4.55	0.14849	0.92681	3.71783	11.44624	29.22899	64.63815
1000	-4.5	0.16486	1.00171	3.936	11.90694	29.93629	65.2741
1000	-4.45	0.18292	1.08156	4.16187	12.36947	30.61658	65.81689
1000	-4.4	0.20282	1.16652	4.39515	12.83219	31.26631	66.26219
1000	-4.35	0.22472	1.25675	4.63547	13.29334	31.88187	66.60595
1000	-4.3	0.24875	1.35239	4.88239	13.75105	32.45968	66.84458
1000	-4.25	0.27511	1.45355	5.13537	14.20334	32.99621	66.97491
1000	-4.2	0.30396	1.56031	5.39379	14.64812	33.48795	66.99421
1000	-4.15	0.3355	1.67274	5.65692	15.08322	33.93154	66.90033
1000	-4.1	0.36991	1.79084	5.92395	15.50639	34.32369	66.6916
1000	-4.05	0.40736	1.91458	6.19396	15.91531	34.66132	66.36697
1000	-4.	0.44807	2.04387	6.46595	16.30762	34.94154	65.92604
1000	-3.95	0.49225	2.17858	6.7388	16.68093	35.16166	65.36896
1000	-3.9	0.54003	2.3185	7.01131	17.03282	35.31927	64.69658
1000	-3.85	0.59155	2.46336	7.28219	17.36091	35.41227	63.91042
1000	-3.8	0.64695	2.61283	7.55006	17.66285	35.43888	63.01267
1000	-3.75	0.70639	2.76651	7.81347	17.93634	35.39765	62.00613
1000	-3.7	0.77	2.9239	8.07088	18.17916	35.28754	60.89434
1000	-3.65	0.8378	3.08444	8.32072	18.38921	35.10788	59.68141
1000	-3.6	0.90982	3.24746	8.56136	18.56454	34.85847	58.37213
1000	-3.55	0.98603	3.41224	8.79115	18.70333	34.53951	56.97183
1000	-3.5	1.06639	3.57798	9.0084	18.80398	34.15166	55.48644
1000	-3.45	1.15079	3.74378	9.21146	18.86509	33.69602	53.92234
1000	-3.4	1.23903	3.90867	9.39869	18.88549	33.17417	52.28641
1000	-3.35	1.3309	4.07162	9.56847	18.86429	32.58812	50.58596
1000	-3.3	1.42608	4.23154	9.71928	18.80084	31.94031	48.82856
1000	-3.25	1.52419	4.38729	9.84966	18.69482	31.23365	47.02219
1000	-3.2	1.62472	4.53769	9.95828	18.54618	30.47137	45.1749
1000	-3.15	1.7271	4.68156	10.04393	18.35521	29.65716	43.29502
1000	-3.1	1.83082	4.8177	10.10552	18.1225	28.795	41.39086
1000	-3.05	1.93527	4.9449	10.14216	17.84896	27.8892	39.4708
1000	-3.	2.03977	5.06196	10.15311	17.53581	26.94432	37.54309
1000	-2.95	2.1435	5.16772	10.13787	17.18458	25.96515	35.61586
1000	-2.9	2.24553	5.26109	10.09614	16.7971	24.95668	33.69711
1000	-2.85	2.34483	5.34108	10.02781	16.37545	23.92399	31.79445
1000	-2.8	2.44055	5.40684	9.93304	15.92199	22.87228	29.91529
1000	-2.75	2.53206	5.45757	9.81218	15.43929	21.80675	28.06654
1000	-2.7	2.61839	5.49257	9.66581	14.93013	20.73261	26.25481
1000	-2.65	2.69867	5.51128	9.49473	14.39746	19.65497	24.4861
1000	-2.6	2.77201	5.51331	9.29999	13.84436	18.57886	22.76604
1000	-2.55	2.83741	5.49841	9.08281	13.27403	17.50912	21.09963
1000	-2.5	2.89404	5.46659	8.84462	12.68971	16.45041	19.49133
1000	-2.45	2.94141	5.41797	8.587	12.09469	15.40718	17.94508
1000	-2.4	2.97905	5.35284	8.31166	11.49225	14.38354	16.46416
1000	-2.35	3.00643	5.27162	8.02047	10.88563	13.38341	15.05134
1000	-2.3	3.02311	5.17492	7.71537	10.27801	12.41028	13.70873
1000	-2.25	3.02876	5.06351	7.39838	9.67246	11.4674	12.43795
1000	-2.2	3.02327	4.93833	7.07157	9.07193	10.55762	11.24002
1000	-2.15	3.00689	4.8004	6.73701	8.47922	9.68344	10.11543
1000	-2.1	2.97989	4.65082	6.39676	7.89695	8.84698	9.06413
1000	-2.05	2.94255	4.49074	6.05286	7.32759	8.05002	8.08562
1000	-2.	2.89526	4.32137	5.70732	6.77338	7.29399	7.17893
1000	-1.95	2.83828	4.14399	5.36208	6.23636	6.5799	6.34264
1000	-1.9	2.77216	3.95997	5.01901	5.71836	5.90848	5.575
1000	-1.85	2.69796	3.77061	4.67983	5.22097	5.28006	4.87383
1000	-1.8	2.61635	3.57718	4.34622	4.74557	4.69471	4.2367
1000	-1.75	2.52798	3.38091	4.0197	4.29331	4.15213	3.66085
1000	-1.7	2.4335	3.18306	3.70172	3.86511	3.65177	3.14335
1000	-1.65	2.33365	2.98486	3.39356	3.46167	3.19279	2.68101
1000	-1.6	2.22937	2.78747	3.09638	3.08348	2.77411	2.27055
1000	-1.55	2.12163	2.59199	2.8112	2.7308	2.39441	1.90851
1000	-1.5	2.01118	2.39941	2.53891	2.40371	2.05217	1.59141
1000	-1.45	1.89879	2.21067	2.28027	2.10208	1.74571	1.31573
1000	-1.4	1.78507	2.02663	2.0359	1.8256	1.47316	1.07791
1000	-1.35	1.67067	1.84814	1.80631	1.57377	1.23254	0.87449
1000	-1.3	1.55642	1.67595	1.59183	1.34594	1.02175	0.70203
1000	-1.25	1.44302	1.51071	1.39272	1.14129	0.83865	0.55723
1000	-1.2	1.33097	1.35301	1.20906	0.95887	0.68101	0.43691
1000	-1.15	1.22081	1.20337	1.04085	0.79761	0.5466	0.33804
1000	-1.1	1.11297	1.06227	0.88791	0.65629	0.43319	0.25779
1000	-1.05	1.00782	0.93013	0.74999	0.53364	0.33857	0.1935
1000	-1.	0.90607	0.80734	0.62667	0.42829	0.26063	0.14275
1000	-0.95	0.80855	0.69409	0.51741	0.33882	0.19728	0.10331
1000	-0.9	0.71565	0.59047	0.42158	0.26379	0.14658	0.07321
1000	-0.85	0.62778	0.49646	0.33845	0.20174	0.10667	0.05068
1000	-0.8	0.54531	0.41198	0.26721	0.15121	0.07584	0.03418
1000	-0.75	0.46853	0.33682	0.207	0.1108	0.05254	0.02239
1000	-0.7	0.39767	0.2707	0.15691	0.07912	0.03534	0.0142
1000	-0.65	0.3328	0.21326	0.116	0.05486	0.023	0.00868
1000	-0.6	0.27389	0.16408	0.08328	0.03677	0.01441	0.00509
1000	-0.55	0.22079	0.12274	0.05779	0.0237	0.00864	0.00284
1000	-0.5	0.17347	0.08875	0.03854	0.01461	0.00493	0.0015
1000	-0.45	0.13188	0.06161	0.02452	0.00854	0.00265	0.00075
1000	-0.4	0.09616	0.04075	0.01476	0.0047	0.00133	0.00034
1000	-0.35	0.0667	0.02543	0.00832	0.0024	0.00062	0.00014
1000	-0.3	0.04354	0.01479	0.00433	0.00112	0.00026	0.00005
1000	-0.25	0.02633	0.00788	0.00204	0.00047	0.0001	0.00002
1000	-0.2	0.0144	0.00376	0.00085	0.00017	0.00003	0.00000
1000	-0.15	0.00699	0.00157	0.0003	0.00005	0.00000	0.00000
1000	-0.1	0.00293	0.00054	0.00008	0.00000	0.00000	0.00000
1000	-0.05	0.00102	0.00012	0.00001	0.00000	0.00000	0.00000
1000	0.00	0.00004	0.00000	0.00000	0.00000	0.00000	0.00000
2000	-8.9	0.00000	0.00019	0.00249	0.02202	0.14963	0.83054
2000	-8.85	0.00000	0.00021	0.00274	0.02407	0.16227	0.89381
2000	-8.8	0.00000	0.00024	0.00302	0.0263	0.17592	0.96159
2000	-8.75	0.00001	0.00027	0.00333	0.02874	0.19067	1.03417
2000	-8.7	0.00001	0.00029	0.00367	0.03139	0.2066	1.11186
2000	-8.65	0.00001	0.00033	0.00404	0.03428	0.2238	1.19499
2000	-8.6	0.00002	0.00036	0.00445	0.03743	0.24235	1.28389
2000	-8.55	0.00002	0.0004	0.0049	0.04086	0.26237	1.37893
2000	-8.5	0.00002	0.00045	0.00539	0.04459	0.28396	1.48049
2000	-8.45	0.00002	0.0005	0.00594	0.04865	0.30724	1.58896
2000	-8.4	0.00002	0.00055	0.00653	0.05306	0.33231	1.70476
2000	-8.35	0.00003	0.00062	0.00719	0.05787	0.35933	1.82832
2000	-8.3	0.00003	0.00068	0.0079	0.06309	0.38841	1.96011
2000	-8.25	0.00003	0.00076	0.00869	0.06876	0.41972	2.10061
2000	-8.2	0.00004	0.00084	0.00956	0.07492	0.4534	2.25031
2000	-8.15	0.00004	0.00094	0.01051	0.08162	0.48962	2.40975
2000	-8.1	0.00005	0.00104	0.01155	0.08889	0.52856	2.57945
2000	-8.05	0.00006	0.00115	0.01269	0.09678	0.57039	2.76
2000	-8.	0.00006	0.00128	0.01395	0.10534	0.61533	2.95198
2000	-7.95	0.00007	0.00142	0.01532	0.11462	0.66357	3.15599
2000	-7.9	0.00008	0.00157	0.01682	0.12469	0.71533	3.37269
2000	-7.85	0.00009	0.00175	0.01847	0.1356	0.77085	3.60272
2000	-7.8	0.0001	0.00194	0.02028	0.14742	0.83036	3.84677
2000	-7.75	0.00011	0.00215	0.02225	0.16022	0.89414	4.10553
2000	-7.7	0.00012	0.00238	0.02442	0.17407	0.96244	4.37973
2000	-7.65	0.00014	0.00264	0.02678	0.18907	1.03555	4.67011
2000	-7.6	0.00016	0.00293	0.02937	0.20529	1.11377	4.97743
2000	-7.55	0.00017	0.00324	0.03221	0.22283	1.19742	5.30246
2000	-7.5	0.0002	0.00359	0.0353	0.24178	1.28681	5.64602
2000	-7.45	0.00022	0.00398	0.03869	0.26226	1.3823	6.00889
2000	-7.4	0.00025	0.00441	0.04238	0.28437	1.48424	6.39192
2000	-7.35	0.00028	0.00489	0.04642	0.30824	1.59301	6.79594
2000	-7.3	0.00031	0.00541	0.05083	0.33399	1.70898	7.22178
2000	-7.25	0.00035	0.00599	0.05565	0.36175	1.83257	7.67031
2000	-7.2	0.00039	0.00663	0.0609	0.39167	1.9642	8.14237
2000	-7.15	0.00044	0.00734	0.06663	0.42391	2.1043	8.63881
2000	-7.1	0.00049	0.00812	0.07287	0.45862	2.25332	9.16049
2000	-7.05	0.00055	0.00899	0.07968	0.49597	2.41172	9.70824
2000	-7.	0.00061	0.00994	0.08709	0.53614	2.57997	10.28289
2000	-6.95	0.00069	0.011	0.09516	0.57932	2.75858	10.88526
2000	-6.9	0.00077	0.01216	0.10395	0.62572	2.94803	11.51612
2000	-6.85	0.00087	0.01345	0.11352	0.67553	3.14885	12.17624
2000	-6.8	0.00097	0.01486	0.12392	0.72899	3.36156	12.86635
2000	-6.75	0.00109	0.01643	0.13522	0.78633	3.58669	13.58712
2000	-6.7	0.00122	0.01815	0.14751	0.84778	3.82477	14.33919
2000	-6.65	0.00137	0.02005	0.16085	0.9136	4.07636	15.12314
2000	-6.6	0.00154	0.02214	0.17533	0.98405	4.34199	15.93949
2000	-6.55	0.00172	0.02444	0.19105	1.05941	4.62222	16.78869
2000	-6.5	0.00193	0.02698	0.20809	1.13998	4.91758	17.67109
2000	-6.45	0.00217	0.02977	0.22656	1.22603	5.22863	18.58699
2000	-6.4	0.00243	0.03285	0.24657	1.31789	5.55588	19.53655
2000	-6.35	0.00272	0.03623	0.26824	1.41587	5.89987	20.51986
2000	-6.3	0.00305	0.03995	0.29168	1.5203	6.26108	21.53687
2000	-6.25	0.00342	0.04403	0.31703	1.63151	6.64002	22.58741
2000	-6.2	0.00383	0.04852	0.34443	1.74985	7.03713	23.67117
2000	-6.15	0.00429	0.05346	0.37402	1.87567	7.45285	24.78769
2000	-6.1	0.00481	0.05887	0.40597	2.00933	7.88757	25.93637
2000	-6.05	0.00539	0.06481	0.44042	2.15119	8.34165	27.11642
2000	-6.	0.00604	0.07133	0.47756	2.30161	8.8154	28.32689
2000	-5.95	0.00676	0.07847	0.51757	2.46097	9.30908	29.56663
2000	-5.9	0.00758	0.0863	0.56062	2.62963	9.82288	30.83429
2000	-5.85	0.00848	0.09488	0.60694	2.80795	10.35695	32.12834
2000	-5.8	0.0095	0.10426	0.65671	2.9963	10.91133	33.447
2000	-5.75	0.01063	0.11453	0.71016	3.19501	11.48602	34.78829
2000	-5.7	0.0119	0.12577	0.7675	3.40444	12.0809	36.15001
2000	-5.65	0.01332	0.13804	0.82898	3.6249	12.69578	37.52971
2000	-5.6	0.01491	0.15144	0.89483	3.85671	13.33035	38.9247
2000	-5.55	0.01668	0.16608	0.96528	4.10015	13.98421	40.33205
2000	-5.5	0.01866	0.18204	1.0406	4.35547	14.65682	41.7486
2000	-5.45	0.02087	0.19944	1.12105	4.62292	15.34752	43.17094
2000	-5.4	0.02333	0.21839	1.20687	4.90268	16.05554	44.59541
2000	-5.35	0.02608	0.23902	1.29833	5.1949	16.77993	46.01812
2000	-5.3	0.02915	0.26146	1.39569	5.49971	17.51963	47.43496
2000	-5.25	0.03258	0.28584	1.49923	5.81714	18.27341	48.84157
2000	-5.2	0.03639	0.31232	1.60918	6.1472	19.03988	50.23339
2000	-5.15	0.04064	0.34105	1.72582	6.48984	19.81751	51.60569
2000	-5.1	0.04538	0.37218	1.84937	6.84491	20.60457	52.9535
2000	-5.05	0.05065	0.4059	1.98009	7.21221	21.39919	54.27174
2000	-5.	0.05652	0.44237	2.11819	7.59145	22.19933	55.55515
2000	-4.95	0.06304	0.48178	2.26387	7.98225	23.00275	56.79836
2000	-4.9	0.07028	0.52433	2.41731	8.38415	23.80707	57.99594
2000	-4.85	0.07832	0.57021	2.57868	8.79656	24.60975	59.14234
2000	-4.8	0.08724	0.61961	2.74811	9.21883	25.40805	60.23203
2000	-4.75	0.09714	0.67275	2.92568	9.65015	26.19913	61.25947
2000	-4.7	0.1081	0.72984	3.11145	10.08964	26.97997	62.21914
2000	-4.65	0.12024	0.79107	3.30544	10.53626	27.74742	63.10565
2000	-4.6	0.13367	0.85666	3.5076	10.98888	28.49821	63.91369
2000	-4.55	0.14849	0.92681	3.71783	11.44624	29.22899	64.63815
2000	-4.5	0.16486	1.00171	3.936	11.90694	29.93629	65.2741
2000	-4.45	0.18292	1.08156	4.16187	12.36947	30.61658	65.81689
2000	-4.4	0.20282	1.16652	4.39515	12.83219	31.26631	66.26219
2000	-4.35	0.22472	1.25675	4.63547	13.29334	31.88187	66.60595
2000	-4.3	0.24875	1.35239	4.88239	13.75105	32.45968	66.84458
2000	-4.25	0.27511	1.45355	5.13537	14.20334	32.99621	66.97491
2000	-4.2	0.30396	1.56031	5.39379	14.64812	33.48795	66.99421
2000	-4.15	0.3355	1.67274	5.65692	15.08322	33.93154	66.90033
2000	-4.1	0.36991	1.79084	5.92395	15.50639	34.32369	66.6916
2000	-4.05	0.40736	1.91458	6.19396	15.91531	34.66132	66.36697
2000	-4.	0.44807	2.04387	6.46595	16.30762	34.94154	65.92604
2000	-3.95	0.49225	2.17858	6.7388	16.68093	35.16166	65.36896
2000	-3.9	0.54003	2.3185	7.01131	17.03282	35.31927	64.69658
2000	-3.85	0.59155	2.46336	7.28219	17.36091	35.41227	63.91042
2000	-3.8	0.64695	2.61283	7.55006	17.66285	35.43888	63.01267
2000	-3.75	0.70639	2.76651	7.81347	17.93634	35.39765	62.00613
2000	-3.7	0.77	2.9239	8.07088	18.17916	35.28754	60.89434
2000	-3.65	0.8378	3.08444	8.32072	18.38921	35.10788	59.68141
2000	-3.6	0.90982	3.24746	8.56136	18.56454	34.85847	58.37213
2000	-3.55	0.98603	3.41224	8.79115	18.70333	34.53951	56.97183
2000	-3.5	1.06639	3.57798	9.0084	18.80398	34.15166	55.48644
2000	-3.45	1.15079	3.74378	9.21146	18.86509	33.69602	53.92234
2000	-3.4	1.23903	3.90867	9.39869	18.88549	33.17417	52.28641
2000	-3.35	1.3309	4.07162	9.56847	18.86429	32.58812	50.58596
2000	-3.3	1.42608	4.23154	9.71928	18.80084	31.94031	48.82856
2000	-3.25	1.52419	4.38729	9.84966	18.69482	31.23365	47.02219
2000	-3.2	1.62472	4.53769	9.95828	18.54618	30.47137	45.1749
2000	-3.15	1.7271	4.68156	10.04393	18.35521	29.65716	43.29502
2000	-3.1	1.83082	4.8177	10.10552	18.1225	28.795	41.39086
2000	-3.05	1.93527	4.9449	10.14216	17.84896	27.8892	39.4708
2000	-3.	2.03977	5.06196	10.15311	17.53581	26.94432	37.54309
2000	-2.95	2.1435	5.16772	10.13787	17.18458	25.96515	35.61586
2000	-2.9	2.24553	5.26109	10.09614	16.7971	24.95668	33.69711
2000	-2.85	2.34483	5.34108	10.02781	16.37545	23.92399	31.79445
2000	-2.8	2.44055	5.40684	9.93304	15.92199	22.87228	29.91529
2000	-2.75	2.53206	5.45757	9.81218	15.43929	21.80675	28.06654
2000	-2.7	2.61839	5.49257	9.66581	14.93013	20.73261	26.25481
2000	-2.65	2.69867	5.51128	9.49473	14.39746	19.65497	24.4861
2000	-2.6	2.77201	5.51331	9.29999	13.84436	18.57886	22.76604
2000	-2.55	2.83741	5.49841	9.08281	13.27403	17.50912	21.09963
2000	-2.5	2.89404	5.46659	8.84462	12.68971	16.45041	19.49133
2000	-2.45	2.94141	5.41797	8.587	12.09469	15.40718	17.94508
2000	-2.4	2.97905	5.35284	8.31166	11.49225	14.38354	16.46416
2000	-2.35	3.00643	5.27162	8.02047	10.88563	13.38341	15.05134
2000	-2.3	3.02311	5.17492	7.71537	10.27801	12.41028	13.70873
2000	-2.25	3.02876	5.06351	7.39838	9.67246	11.4674	12.43795
2000	-2.2	3.02327	4.93833	7.07157	9.07193	10.55762	11.24002
2000	-2.15	3.00689	4.8004	6.73701	8.47922	9.68344	10.11543
2000	-2.1	2.97989	4.65082	6.39676	7.89695	8.84698	9.06413
2000	-2.05	2.94255	4.49074	6.05286	7.32759	8.05002	8.08562
2000	-2.	2.89526	4.32137	5.70732	6.77338	7.29399	7.17893
2000	-1.95	2.83828	4.14399	5.36208	6.23636	6.5799	6.34264
2000	-1.9	2.77216	3.95997	5.01901	5.71836	5.90848	5.575
2000	-1.85	2.69796	3.77061	4.67983	5.22097	5.28006	4.87383
2000	-1.8	2.61635	3.57718	4.34622	4.74557	4.69471	4.2367
2000	-1.75	2.52798	3.38091	4.0197	4.29331	4.15213	3.66085
2000	-1.7	2.4335	3.18306	3.70172	3.86511	3.65177	3.14335
2000	-1.65	2.33365	2.98486	3.39356	3.46167	3.19279	2.68101
2000	-1.6	2.22937	2.78747	3.09638	3.08348	2.77411	2.27055
2000	-1.55	2.12163	2.59199	2.8112	2.7308	2.39441	1.90851
2000	-1.5	2.01118	2.39941	2.53891	2.40371	2.05217	1.59141
2000	-1.45	1.89879	2.21067	2.28027	2.10208	1.74571	1.31573
2000	-1.4	1.78507	2.02663	2.0359	1.8256	1.47316	1.07791
2000	-1.35	1.67067	1.84814	1.80631	1.57377	1.23254	0.87449
2000	-1.3	1.55642	1.67595	1.59183	1.34594	1.02175	0.70203
2000	-1.25	1.44302	1.51071	1.39272	1.14129	0.83865	0.55723
2000	-1.2	1.33097	1.35301	1.20906	0.95887	0.68101	0.43691
2000	-1.15	1.22081	1.20337	1.04085	0.79761	0.5466	0.33804
2000	-1.1	1.11297	1.06227	0.88791	0.65629	0.43319	0.25779
2000	-1.05	1.00782	0.93013	0.74999	0.53364	0.33857	0.1935
2000	-1.	0.90607	0.80734	0.62667	0.42829	0.26063	0.14275
2000	-0.95	0.80855	0.69409	0.51741	0.33882	0.19728	0.10331
2000	-0.9	0.71565	0.59047	0.42158	0.26379	0.14658	0.07321
2000	-0.85	0.62778	0.49646	0.33845	0.20174	0.10667	0.05068
2000	-0.8	0.54531	0.41198	0.26721	0.15121	0.07584	0.03418
2000	-0.75	0.46853	0.33682	0.207	0.1108	0.05254	0.02239
2000	-0.7	0.39767	0.2707	0.15691	0.07912	0.03534	0.0142
2000	-0.65	0.3328	0.21326	0.116	0.05486	0.023	0.00868
2000	-0.6	0.27389	0.16408	0.08328	0.03677	0.01441	0.00509
2000	-0.55	0.22079	0.12274	0.05779	0.0237	0.00864	0.00284
2000	-0.5	0.17347	0.08875	0.03854	0.01461	0.00493	0.0015
2000	-0.45	0.13188	0.06161	0.02452	0.00854	0.00265	0.00075
2000	-0.4	0.09616	0.04075	0.01476	0.0047	0.00133	0.00034
2000	-0.35	0.0667	0.02543	0.00832	0.0024	0.00062	0.00014
2000	-0.3	0.04354	0.01479	0.00433	0.00112	0.00026	0.00005
2000	-0.25	0.02633	0.00788	0.00204	0.00047	0.0001	0.00002
2000	-0.2	0.0144	0.00376	0.00085	0.00017	0.00003	0.00000
2000	-0.15	0.00699	0.00157	0.0003	0.00005	0.00000	0.00000
2000	-0.1	0.00293	0.00054	0.00008	0.00000	0.00000	0.00000
2000	-0.05	0.00102	0.00012	0.00001	0.00000	0.00000	0.00000
2000	0.00	0.00004	0.00000	0.00000	0.00000	0.00000	0.00000
