mPhi[GeV]	Log[10,x]	n=1	n=2	n=3	n=4	n=5	n=6
10	-8.9	0.00000	0.00006	0.00096	0.01048	0.08615	0.5695
10	-8.85	0.00000	0.00007	0.00106	0.01152	0.09398	0.61701
10	-8.8	0.00000	0.00007	0.00118	0.01265	0.1025	0.66833
10	-8.75	0.00000	0.00008	0.0013	0.01389	0.11177	0.72373
10	-8.7	0.00000	0.00009	0.00144	0.01525	0.12185	0.78353
10	-8.65	0.00000	0.0001	0.00159	0.01674	0.13282	0.84806
10	-8.6	0.00000	0.00011	0.00176	0.01837	0.14475	0.91767
10	-8.55	0.00000	0.00013	0.00195	0.02016	0.15771	0.99274
10	-8.5	0.00000	0.00014	0.00215	0.02213	0.17179	1.07366
10	-8.45	0.00000	0.00016	0.00238	0.02427	0.1871	1.16088
10	-8.4	0.00000	0.00017	0.00263	0.02662	0.20372	1.25483
10	-8.35	0.00000	0.00019	0.0029	0.0292	0.22177	1.35602
10	-8.3	0.00000	0.00022	0.00321	0.03202	0.24136	1.46497
10	-8.25	0.00000	0.00024	0.00354	0.0351	0.26263	1.58221
10	-8.2	0.00000	0.00027	0.00391	0.03848	0.2857	1.70836
10	-8.15	0.00001	0.0003	0.00432	0.04217	0.31072	1.84402
10	-8.1	0.00001	0.00033	0.00477	0.0462	0.33785	1.98987
10	-8.05	0.00001	0.00037	0.00527	0.05062	0.36727	2.14661
10	-8.	0.00001	0.00041	0.00582	0.05544	0.39915	2.315
10	-7.95	0.00002	0.00046	0.00642	0.06072	0.43368	2.49583
10	-7.9	0.00002	0.00051	0.00709	0.06648	0.47108	2.68994
10	-7.85	0.00002	0.00056	0.00782	0.07277	0.51158	2.89822
10	-7.8	0.00002	0.00063	0.00863	0.07964	0.55541	3.12162
10	-7.75	0.00003	0.0007	0.00952	0.08715	0.60283	3.36114
10	-7.7	0.00003	0.00078	0.0105	0.09534	0.65412	3.61784
10	-7.65	0.00003	0.00087	0.01159	0.10428	0.70959	3.89282
10	-7.6	0.00004	0.00096	0.01278	0.11404	0.76954	4.18727
10	-7.55	0.00004	0.00107	0.01409	0.12468	0.83431	4.50241
10	-7.5	0.00005	0.00119	0.01553	0.13628	0.90428	4.83955
10	-7.45	0.00005	0.00132	0.01712	0.14892	0.97983	5.20006
10	-7.4	0.00006	0.00147	0.01887	0.16271	1.06136	5.58538
10	-7.35	0.00006	0.00164	0.02079	0.17773	1.14933	5.99702
10	-7.3	0.00007	0.00182	0.02291	0.19408	1.24421	6.43655
10	-7.25	0.00008	0.00202	0.02524	0.2119	1.3465	6.90564
10	-7.2	0.00009	0.00225	0.0278	0.23128	1.45672	7.40602
10	-7.15	0.0001	0.0025	0.03061	0.25238	1.57546	7.93948
10	-7.1	0.00012	0.00278	0.0337	0.27534	1.7033	8.50792
10	-7.05	0.00013	0.00309	0.0371	0.3003	1.8409	9.11331
10	-7.	0.00015	0.00343	0.04083	0.32744	1.98893	9.75767
10	-6.95	0.00016	0.00381	0.04493	0.35694	2.1481	10.44314
10	-6.9	0.00018	0.00423	0.04943	0.38899	2.31919	11.1719
10	-6.85	0.00021	0.0047	0.05438	0.42379	2.503	11.94624
10	-6.8	0.00023	0.00522	0.0598	0.46158	2.70037	12.7685
10	-6.75	0.00026	0.0058	0.06576	0.50259	2.9122	13.6411
10	-6.7	0.00029	0.00644	0.07229	0.54708	3.13945	14.56653
10	-6.65	0.00033	0.00715	0.07945	0.59533	3.38311	15.54735
10	-6.6	0.00037	0.00794	0.08731	0.64763	3.64422	16.58618
10	-6.55	0.00041	0.00881	0.09592	0.70431	3.92389	17.68569
10	-6.5	0.00046	0.00978	0.10536	0.7657	4.22326	18.84862
10	-6.45	0.00052	0.01086	0.1157	0.83217	4.54356	20.07772
10	-6.4	0.00058	0.01205	0.12703	0.90411	4.88604	21.37581
10	-6.35	0.00065	0.01337	0.13943	0.98194	5.25203	22.74572
10	-6.3	0.00073	0.01484	0.153	1.06609	5.6429	24.19029
10	-6.25	0.00082	0.01646	0.16786	1.15703	6.06008	25.71238
10	-6.2	0.00092	0.01825	0.18411	1.25529	6.50506	27.31481
10	-6.15	0.00103	0.02024	0.20188	1.36138	6.97939	29.00041
10	-6.1	0.00116	0.02245	0.22132	1.47587	7.48466	30.77195
10	-6.05	0.0013	0.02489	0.24255	1.59938	8.02252	32.63215
10	-6.	0.00146	0.02759	0.26575	1.73253	8.59466	34.58364
10	-5.95	0.00163	0.03058	0.29109	1.87601	9.20283	36.62896
10	-5.9	0.00183	0.03389	0.31875	2.03053	9.84881	38.77052
10	-5.85	0.00206	0.03755	0.34894	2.19684	10.53443	41.01059
10	-5.8	0.00231	0.0416	0.38187	2.37575	11.26154	43.35126
10	-5.75	0.00259	0.04608	0.41778	2.56809	12.03202	45.79442
10	-5.7	0.0029	0.05104	0.45692	2.77474	12.84778	48.34172
10	-5.65	0.00326	0.05652	0.49956	2.99662	13.71073	50.99455
10	-5.6	0.00366	0.06257	0.546	3.23471	14.62278	53.754
10	-5.55	0.0041	0.06926	0.59655	3.49001	15.58584	56.62082
10	-5.5	0.0046	0.07665	0.65156	3.76358	16.6018	59.59539
10	-5.45	0.00516	0.08482	0.71138	4.05652	17.6725	62.67766
10	-5.4	0.00579	0.09383	0.77641	4.36996	18.79976	65.86715
10	-5.35	0.0065	0.10379	0.84706	4.70509	19.9853	69.16286
10	-5.3	0.00729	0.11477	0.92378	5.06313	21.2308	72.56328
10	-5.25	0.00818	0.12689	1.00704	5.44532	22.53781	76.0663
10	-5.2	0.00918	0.14026	1.09735	5.85296	23.90777	79.66916
10	-5.15	0.0103	0.155	1.19526	6.28736	25.34197	83.36848
10	-5.1	0.01156	0.17125	1.30133	6.74987	26.84153	87.16011
10	-5.05	0.01297	0.18916	1.41619	7.24184	28.40739	91.03919
10	-5.	0.01455	0.20889	1.54046	7.76464	30.04026	95.00002
10	-4.95	0.01633	0.23062	1.67485	8.31965	31.74059	99.03607
10	-4.9	0.01832	0.25455	1.82007	8.90825	33.50856	103.13996
10	-4.85	0.02055	0.28087	1.97687	9.53178	35.34405	107.30334
10	-4.8	0.02306	0.30983	2.14608	10.19158	37.24656	111.51696
10	-4.75	0.02588	0.34168	2.32851	10.88895	39.21522	115.77059
10	-4.7	0.02903	0.37669	2.52505	11.62513	41.24877	120.05299
10	-4.65	0.03258	0.41515	2.73661	12.40129	43.34545	124.35194
10	-4.6	0.03655	0.45739	2.96414	13.21852	45.50305	128.65417
10	-4.55	0.04101	0.50376	3.20863	14.07781	47.71879	132.94545
10	-4.5	0.04601	0.55463	3.47109	14.98002	49.98937	137.21049
10	-4.45	0.05163	0.61042	3.75257	15.92586	52.31085	141.43305
10	-4.4	0.05793	0.67156	4.05413	16.91587	54.67868	145.59595
10	-4.35	0.065	0.73854	4.37686	17.9504	57.08762	149.68107
10	-4.3	0.07293	0.81186	4.72185	19.02956	59.53176	153.66943
10	-4.25	0.08182	0.89208	5.09021	20.15322	62.00443	157.54135
10	-4.2	0.09181	0.97979	5.48303	21.32095	64.49824	161.27634
10	-4.15	0.10301	1.07562	5.90139	22.53201	67.00503	164.85341
10	-4.1	0.11558	1.18026	6.34633	23.78531	69.51585	168.25105
10	-4.05	0.12968	1.29441	6.81887	25.07936	72.02098	171.44739
10	-4.	0.1455	1.41885	7.31995	26.41226	74.50993	174.42042
10	-3.95	0.16325	1.55438	7.85045	27.78164	76.97141	177.14804
10	-3.9	0.18317	1.70187	8.41114	29.18466	79.39344	179.60834
10	-3.85	0.20552	1.86221	9.00267	30.61793	81.76329	181.77973
10	-3.8	0.23059	2.03634	9.62555	32.07751	84.06759	183.64124
10	-3.75	0.25872	2.22523	10.28012	33.55889	86.29236	185.17258
10	-3.7	0.29028	2.42991	10.96652	35.05692	88.42308	186.35462
10	-3.65	0.32569	2.65141	11.68462	36.56584	90.4448	187.16937
10	-3.6	0.36542	2.89079	12.43408	38.07921	92.34224	187.60044
10	-3.55	0.40998	3.14912	13.2142	39.58996	94.09988	187.6332
10	-3.5	0.45996	3.42745	14.02396	41.09035	95.70214	187.25505
10	-3.45	0.516	3.72684	14.86196	42.57197	97.1335	186.45564
10	-3.4	0.57882	4.04828	15.72636	44.0258	98.37866	185.22717
10	-3.35	0.64922	4.39273	16.61487	45.4422	99.42277	183.56467
10	-3.3	0.72806	4.76103	17.52469	46.81099	100.25156	181.46598
10	-3.25	0.81631	5.15393	18.45248	48.12146	100.85162	178.93231
10	-3.2	0.91499	5.572	19.39433	49.36252	101.21051	175.96799
10	-3.15	1.02525	6.01563	20.34573	50.5227	101.31709	172.58096
10	-3.1	1.1483	6.48497	21.30156	51.59034	101.16168	168.78264
10	-3.05	1.28543	6.97988	22.25604	52.55367	100.73632	164.58808
10	-3.	1.43797	7.49988	23.20279	53.40098	100.0349	160.0158
10	-2.95	1.60729	8.04411	24.13479	54.12074	99.05348	155.08796
10	-2.9	1.79476	8.61125	25.04443	54.70183	97.79044	149.83022
10	-2.85	2.00174	9.1995	25.92353	55.13369	96.24656	144.27127
10	-2.8	2.22956	9.80649	26.76343	55.40654	94.42534	138.44313
10	-2.75	2.47939	10.42927	27.55507	55.51155	92.33286	132.38024
10	-2.7	2.75226	11.06426	28.28904	55.44112	89.97815	126.1198
10	-2.65	3.04892	11.70718	28.95576	55.18902	87.3729	119.70068
10	-2.6	3.36989	12.35313	29.5456	54.75064	84.53174	113.16367
10	-2.55	3.71522	12.99647	30.04903	54.12315	81.47188	106.55033
10	-2.5	4.08464	13.63094	30.45681	53.30567	78.2132	99.90295
10	-2.45	4.47739	14.2496	30.76019	52.29949	74.77804	93.26393
10	-2.4	4.89196	14.84496	30.95109	51.10806	71.19076	86.67483
10	-2.35	5.32611	15.40905	31.02238	49.73722	67.47778	80.17646
10	-2.3	5.77694	15.93354	30.96802	48.19507	63.66686	73.80755
10	-2.25	6.2408	16.40987	30.78334	46.4921	59.78711	67.60497
10	-2.2	6.71328	16.82946	30.46516	44.64105	55.86821	61.60267
10	-2.15	7.18938	17.18377	30.01207	42.65683	51.94022	55.83148
10	-2.1	7.663	17.46459	29.4245	40.55625	48.03286	50.31853
10	-2.05	8.12698	17.66431	28.70494	38.35791	44.17524	45.08708
10	-2.	8.57345	17.77626	27.85793	36.08185	40.39536	40.15637
10	-1.95	8.99395	17.79491	26.89007	33.74916	36.71941	35.54097
10	-1.9	9.38053	17.71616	25.81	31.38175	33.17173	31.25132
10	-1.85	9.72575	17.53721	24.62825	29.00175	29.77399	27.29315
10	-1.8	10.02134	17.25691	23.3572	26.63136	26.54528	23.66812
10	-1.75	10.25964	16.87589	22.01075	24.29212	23.5014	20.37348
10	-1.7	10.43348	16.39673	20.60423	22.00478	20.65513	17.40287
10	-1.65	10.53653	15.82397	19.15391	19.78859	18.0156	14.74612
10	-1.6	10.56474	15.16408	17.67678	17.66124	15.58874	12.39023
10	-1.55	10.51578	14.42502	16.19011	15.63824	13.37688	10.31928
10	-1.5	10.38691	13.61639	14.71116	13.73277	11.37919	8.5153
10	-1.45	10.17698	12.74949	13.25678	11.95552	9.5918	6.95874
10	-1.4	9.88666	11.83706	11.84288	10.31428	8.00792	5.62875
10	-1.35	9.51853	10.89304	10.48415	8.81415	6.61848	4.50405
10	-1.3	9.07887	9.93209	9.19343	7.45734	5.41218	3.56307
10	-1.25	8.5768	8.96872	7.98165	6.24346	4.37627	2.7847
10	-1.2	8.02079	8.01705	6.85746	5.16955	3.49665	2.14841
10	-1.15	7.42124	7.09067	5.82723	4.2305	2.75862	1.63479
10	-1.1	6.79016	6.20206	4.89481	3.41921	2.14704	1.22566
10	-1.05	6.13992	5.36223	4.06164	2.72704	1.64689	0.90438
10	-1.	5.48475	4.58041	3.32686	2.14426	1.24359	0.6559
10	-0.95	4.84014	3.8631	2.68743	1.66032	0.92321	0.46685
10	-0.9	4.21752	3.21433	2.1387	1.26437	0.6728	0.32557
10	-0.85	3.62635	2.63598	1.67465	0.9455	0.48046	0.222
10	-0.8	3.07426	2.12807	1.2883	0.69307	0.33553	0.14768
10	-0.75	2.56677	1.68896	0.97199	0.49695	0.22859	0.09558
10	-0.7	2.10817	1.31564	0.71768	0.34767	0.15149	0.06
10	-0.65	1.70143	1.00375	0.51722	0.23661	0.09734	0.03639
10	-0.6	1.34662	0.748	0.36268	0.15607	0.06038	0.02122
10	-0.55	1.04239	0.54263	0.24649	0.09935	0.03599	0.01184
10	-0.5	0.78632	0.38161	0.16161	0.06071	0.02049	0.00627
10	-0.45	0.57518	0.25886	0.10164	0.03537	0.01105	0.00313
10	-0.4	0.40579	0.1684	0.06088	0.01948	0.00559	0.00145
10	-0.35	0.27475	0.10423	0.03438	0.01002	0.00262	0.00062
10	-0.3	0.17708	0.06069	0.01805	0.00474	0.00111	0.00023
10	-0.25	0.1071	0.03269	0.00865	0.00201	0.00042	0.00008
10	-0.2	0.05946	0.01595	0.00368	0.00074	0.00013	0.00002
10	-0.15	0.02968	0.00682	0.00132	0.00022	0.00003	0.00000
10	-0.1	0.01291	0.0024	0.00036	0.00004	0.00000	0.00000
10	-0.05	0.0046	0.00055	0.00005	0.00000	0.00000	0.00000
10	0.00	0.00018	0.00000	0.00000	0.00000	0.00000	0.00000
20	-8.9	0.00000	0.00015	0.00229	0.02393	0.18896	1.20141
20	-8.85	0.00000	0.00016	0.00253	0.02627	0.20589	1.29982
20	-8.8	0.00000	0.00018	0.0028	0.02882	0.2243	1.40593
20	-8.75	0.00000	0.0002	0.00309	0.03162	0.2443	1.5203
20	-8.7	0.00000	0.00023	0.00342	0.03469	0.26602	1.64353
20	-8.65	0.00000	0.00025	0.00378	0.03804	0.2896	1.77627
20	-8.6	0.00000	0.00028	0.00417	0.04172	0.31521	1.91919
20	-8.55	0.00001	0.00031	0.00461	0.04574	0.34301	2.07304
20	-8.5	0.00001	0.00035	0.00509	0.05014	0.37317	2.23859
20	-8.45	0.00001	0.00039	0.00562	0.05495	0.40589	2.41667
20	-8.4	0.00002	0.00043	0.00621	0.06021	0.44137	2.60814
20	-8.35	0.00002	0.00048	0.00686	0.06596	0.47983	2.81396
20	-8.3	0.00002	0.00053	0.00757	0.07225	0.52152	3.0351
20	-8.25	0.00002	0.00059	0.00835	0.07913	0.56669	3.27263
20	-8.2	0.00002	0.00066	0.00922	0.08664	0.61561	3.52764
20	-8.15	0.00003	0.00073	0.01018	0.09485	0.66859	3.80134
20	-8.1	0.00003	0.00082	0.01123	0.10381	0.72594	4.09496
20	-8.05	0.00003	0.00091	0.01239	0.1136	0.788	4.40983
20	-8.	0.00004	0.00101	0.01367	0.12429	0.85513	4.74735
20	-7.95	0.00004	0.00112	0.01508	0.13595	0.92772	5.109
20	-7.9	0.00005	0.00125	0.01663	0.14867	1.0062	5.49632
20	-7.85	0.00005	0.00139	0.01833	0.16255	1.09101	5.91097
20	-7.8	0.00006	0.00155	0.02021	0.17768	1.18263	6.35468
20	-7.75	0.00007	0.00172	0.02228	0.19418	1.28156	6.82925
20	-7.7	0.00008	0.00191	0.02455	0.21217	1.38836	7.33661
20	-7.65	0.00008	0.00213	0.02706	0.23176	1.5036	7.87876
20	-7.6	0.00009	0.00237	0.02981	0.25311	1.62792	8.45781
20	-7.55	0.00011	0.00263	0.03284	0.27636	1.76195	9.07597
20	-7.5	0.00012	0.00292	0.03617	0.30166	1.90642	9.73554
20	-7.45	0.00013	0.00325	0.03983	0.3292	2.06207	10.43894
20	-7.4	0.00015	0.00361	0.04386	0.35917	2.22969	11.18869
20	-7.35	0.00017	0.00401	0.04828	0.39176	2.41013	11.98741
20	-7.3	0.00019	0.00446	0.05314	0.42719	2.60428	12.83783
20	-7.25	0.00021	0.00495	0.05848	0.46571	2.8131	13.74281
20	-7.2	0.00024	0.0055	0.06434	0.50756	3.03759	14.70528
20	-7.15	0.00027	0.00611	0.07078	0.55301	3.27881	15.7283
20	-7.1	0.0003	0.00679	0.07784	0.60237	3.5379	16.81504
20	-7.05	0.00034	0.00754	0.08559	0.65594	3.81604	17.96875
20	-7.	0.00038	0.00837	0.0941	0.71407	4.11448	19.19279
20	-6.95	0.00042	0.0093	0.10342	0.77711	4.43454	20.49064
20	-6.9	0.00048	0.01032	0.11365	0.84546	4.77762	21.86582
20	-6.85	0.00053	0.01146	0.12487	0.91953	5.14518	23.32198
20	-6.8	0.0006	0.01272	0.13716	0.99978	5.53874	24.86283
20	-6.75	0.00067	0.01412	0.15062	1.08667	5.95993	26.49213
20	-6.7	0.00075	0.01566	0.16537	1.18073	6.41041	28.21373
20	-6.65	0.00085	0.01738	0.18152	1.2825	6.89195	30.0315
20	-6.6	0.00095	0.01928	0.19921	1.39255	7.40639	31.94937
20	-6.55	0.00106	0.02139	0.21856	1.51152	7.95564	33.97126
20	-6.5	0.00119	0.02373	0.23973	1.64005	8.54168	36.10111
20	-6.45	0.00134	0.02631	0.26288	1.77887	9.16659	38.34285
20	-6.4	0.0015	0.02918	0.28819	1.92871	9.83249	40.70034
20	-6.35	0.00169	0.03235	0.31586	2.09037	10.54161	43.17743
20	-6.3	0.00189	0.03586	0.34609	2.2647	11.29623	45.77784
20	-6.25	0.00212	0.03975	0.3791	2.45258	12.09869	48.50521
20	-6.2	0.00238	0.04405	0.41514	2.65495	12.9514	51.36302
20	-6.15	0.00267	0.04881	0.45448	2.87283	13.85684	54.3546
20	-6.1	0.003	0.05408	0.4974	3.10725	14.8175	57.48305
20	-6.05	0.00336	0.0599	0.5442	3.35933	15.83597	60.75123
20	-6.	0.00377	0.06634	0.59521	3.63024	16.91482	64.16175
20	-5.95	0.00424	0.07346	0.6508	3.92119	18.05668	67.71686
20	-5.9	0.00475	0.08133	0.71134	4.23347	19.26417	71.41844
20	-5.85	0.00533	0.09003	0.77726	4.56842	20.53993	75.26799
20	-5.8	0.00598	0.09964	0.84898	4.92744	21.88657	79.26651
20	-5.75	0.00671	0.11025	0.92699	5.312	23.30667	83.41452
20	-5.7	0.00753	0.12197	1.0118	5.72361	24.80277	87.71193
20	-5.65	0.00845	0.1349	1.10394	6.16385	26.37733	92.15806
20	-5.6	0.00948	0.14918	1.20402	6.63434	28.03273	96.75154
20	-5.55	0.01064	0.16493	1.31265	7.13676	29.77121	101.49026
20	-5.5	0.01194	0.18231	1.43049	7.67285	31.5949	106.37132
20	-5.45	0.01339	0.20147	1.55825	8.24437	33.50574	111.39096
20	-5.4	0.01503	0.22259	1.69669	8.85313	35.50548	116.5445
20	-5.35	0.01686	0.24587	1.84662	9.50096	37.59561	121.8263
20	-5.3	0.01892	0.27152	2.00887	10.18972	39.77739	127.22968
20	-5.25	0.02123	0.29976	2.18434	10.92129	42.05173	132.74687
20	-5.2	0.02382	0.33085	2.374	11.69755	44.41924	138.36896
20	-5.15	0.02672	0.36507	2.57883	12.52035	46.8801	144.08588
20	-5.1	0.02998	0.40271	2.7999	13.39154	49.43409	149.88627
20	-5.05	0.03364	0.4441	3.0383	14.31292	52.08049	155.75755
20	-5.	0.03775	0.4896	3.29519	15.28623	54.81807	161.6858
20	-4.95	0.04235	0.53959	3.57178	16.31316	57.64503	167.65577
20	-4.9	0.04752	0.59448	3.86934	17.39525	60.55894	173.65087
20	-4.85	0.05332	0.65474	4.18915	18.53397	63.55672	179.65314
20	-4.8	0.05982	0.72086	4.53258	19.73061	66.63455	185.64328
20	-4.75	0.06712	0.79336	4.901	20.98629	69.78785	191.60062
20	-4.7	0.07531	0.87282	5.29584	22.30194	73.01125	197.50319
20	-4.65	0.0845	0.95987	5.71855	23.67823	76.29851	203.32781
20	-4.6	0.09481	1.05516	6.17059	25.11555	79.64246	209.04999
20	-4.55	0.10638	1.15941	6.65346	26.614	83.03506	214.64421
20	-4.5	0.11936	1.27339	7.16861	28.17332	86.46723	220.08385
20	-4.45	0.13393	1.39793	7.71752	29.79283	89.92894	225.34141
20	-4.4	0.15027	1.53391	8.30162	31.47145	93.40912	230.38861
20	-4.35	0.1686	1.68225	8.92231	33.20761	96.89568	235.19652
20	-4.3	0.18917	1.84396	9.58089	34.99919	100.3755	239.73576
20	-4.25	0.21225	2.02008	10.2786	36.84352	103.83442	243.97676
20	-4.2	0.23815	2.21173	11.01657	38.73731	107.25729	247.88981
20	-4.15	0.2672	2.42008	11.79576	40.67662	110.62799	251.44555
20	-4.1	0.29979	2.64634	12.61698	42.65677	113.92947	254.61493
20	-4.05	0.33635	2.89179	13.48081	44.67238	117.14381	257.36974
20	-4.	0.37736	3.15775	14.38762	46.71727	120.25234	259.68284
20	-3.95	0.42336	3.44557	15.33745	48.78445	123.23571	261.52832
20	-3.9	0.47494	3.75662	16.33006	50.86609	126.07399	262.88201
20	-3.85	0.53276	4.09231	17.36481	52.95353	128.74686	263.72167
20	-3.8	0.59757	4.45402	18.44063	55.03724	131.23372	264.02748
20	-3.75	0.6702	4.84314	19.55601	57.10683	133.51388	263.7821
20	-3.7	0.75155	5.26098	20.70889	59.15109	135.56682	262.97133
20	-3.65	0.84263	5.70881	21.89668	61.15797	137.37227	261.58403
20	-3.6	0.94453	6.18779	23.11613	63.11471	138.91061	259.61284
20	-3.55	1.05844	6.69892	24.36336	65.0078	140.16298	257.0541
20	-3.5	1.18566	7.24305	25.63377	66.82316	141.11164	253.90828
20	-3.45	1.32758	7.82079	26.92201	68.54616	141.74015	250.18002
20	-3.4	1.48573	8.43247	28.22197	70.16181	142.03374	245.87845
20	-3.35	1.6617	9.07807	29.52675	71.65487	141.97957	241.01741
20	-3.3	1.85714	9.75719	30.82864	73.01	141.5669	235.61499
20	-3.25	2.07374	10.46894	32.11915	74.21199	140.78755	229.69425
20	-3.2	2.3132	11.21194	33.38901	75.24594	139.63592	223.28243
20	-3.15	2.57722	11.98421	34.62824	76.09747	138.10944	216.41145
20	-3.1	2.86745	12.78311	35.8262	76.75298	136.20863	209.11727
20	-3.05	3.1854	13.60528	36.97165	77.19989	133.93732	201.43983
20	-3.	3.53234	14.44662	38.05291	77.42688	131.30272	193.42246
20	-2.95	3.90932	15.30223	39.05795	77.42416	128.31556	185.11179
20	-2.9	4.31702	16.16641	39.97457	77.18376	124.99018	176.55725
20	-2.85	4.75571	17.03262	40.79056	76.69967	121.34424	167.81001
20	-2.8	5.22526	17.8935	41.49394	75.96818	117.39899	158.92327
20	-2.75	5.72493	18.7409	42.07312	74.98797	113.17871	149.95065
20	-2.7	6.25318	19.56592	42.51722	73.76042	108.71093	140.94651
20	-2.65	6.80771	20.35907	42.81626	72.28955	104.02564	131.96431
20	-2.6	7.38538	21.11031	42.96144	70.58229	99.15545	123.05689
20	-2.55	7.98195	21.80929	42.94539	68.64837	94.13475	114.27487
20	-2.5	8.59252	22.44552	42.76238	66.50036	88.99949	105.66665
20	-2.45	9.21168	23.00847	42.4086	64.1536	83.78674	97.27775
20	-2.4	9.83257	23.4878	41.88231	61.62593	78.53381	89.14965
20	-2.35	10.4471	23.87374	41.18407	58.93766	73.27819	81.32026
20	-2.3	11.04646	24.1574	40.31678	56.11108	68.05645	73.82244
20	-2.25	11.6211	24.33103	39.28581	53.17032	62.90422	66.68464
20	-2.2	12.16179	24.38831	38.09888	50.14082	57.85522	59.93
20	-2.15	12.65986	24.32427	36.76609	47.049	52.94105	53.57651
20	-2.1	13.10542	24.13566	35.29982	43.92173	48.19046	47.63674
20	-2.05	13.48895	23.8212	33.71452	40.78591	43.62922	42.11818
20	-2.	13.80148	23.38173	32.02653	37.66807	39.27974	37.02342
20	-1.95	14.03458	22.82035	30.25369	34.59359	35.16054	32.34991
20	-1.9	14.18206	22.14243	28.41507	31.58666	31.28658	28.09103
20	-1.85	14.24004	21.35518	26.53045	28.66943	27.66863	24.23575
20	-1.8	14.20379	20.46774	24.62015	25.86205	24.3138	20.76982
20	-1.75	14.07035	19.49139	22.70442	23.18194	21.22519	17.67557
20	-1.7	13.83946	18.43921	20.80307	20.6439	18.4025	14.93313
20	-1.65	13.51214	17.32575	18.93487	18.25957	15.84187	12.52039
20	-1.6	13.09275	16.16691	17.11728	16.03777	13.53665	10.41403
20	-1.55	12.59017	14.97875	15.36581	13.9841	11.47737	8.58964
20	-1.5	12.01258	13.77725	13.69401	12.10136	9.65241	7.02247
20	-1.45	11.37022	12.57815	12.11319	10.38963	8.04842	5.68789
20	-1.4	10.675	11.39636	10.6322	8.84637	6.65052	4.56153
20	-1.35	9.93933	10.24564	9.25749	7.46696	5.44305	3.61997
20	-1.3	9.17759	9.13821	7.99299	6.24475	4.40964	2.84071
20	-1.25	8.40536	8.08404	6.84046	5.17173	3.53385	2.20267
20	-1.2	7.63473	7.09083	5.79957	4.23854	2.79923	1.68613
20	-1.15	6.877	6.1644	4.86835	3.43507	2.18982	1.27305
20	-1.1	6.14135	5.30869	4.04329	2.75057	1.69015	0.94696
20	-1.05	5.43494	4.52608	3.31972	2.17397	1.28564	0.69315
20	-1.	4.76484	3.81761	2.69196	1.69414	0.96262	0.4986
20	-0.95	4.13698	3.18266	2.1535	1.30005	0.70846	0.3519
20	-0.9	3.55372	2.61957	1.69738	0.981	0.5117	0.24326
20	-0.85	3.0171	2.12592	1.31626	0.72671	0.36205	0.16438
20	-0.8	2.52816	1.69859	1.00255	0.52749	0.2504	0.10832
20	-0.75	2.08721	1.33396	0.7486	0.37435	0.16887	0.06942
20	-0.7	1.69506	1.02782	0.54675	0.25908	0.11074	0.04313
20	-0.65	1.35241	0.77521	0.38951	0.17431	0.07037	0.02589
20	-0.6	1.05763	0.57066	0.26979	0.1136	0.04315	0.01494
20	-0.55	0.80821	0.40854	0.18096	0.0714	0.02542	0.00824
20	-0.5	0.60113	0.28322	0.11699	0.04306	0.01429	0.00432
20	-0.45	0.43294	0.18916	0.07249	0.02475	0.00762	0.00213
20	-0.4	0.3003	0.121	0.04274	0.01344	0.00381	0.00098
20	-0.35	0.19953	0.07354	0.02375	0.00683	0.00176	0.00041
20	-0.3	0.12582	0.042	0.01228	0.00319	0.00074	0.00016
20	-0.25	0.0743	0.02221	0.00581	0.00134	0.00028	0.00005
20	-0.2	0.04029	0.01067	0.00245	0.00049	0.00009	0.00001
20	-0.15	0.01975	0.00453	0.00088	0.00015	0.00002	0.00000
20	-0.1	0.00854	0.0016	0.00024	0.00003	0.00000	0.00000
20	-0.05	0.00307	0.00037	0.00003	0.00000	0.00000	0.00000
20	0.00	0.00012	0.00000	0.00000	0.00000	0.00000	0.00000
40	-8.9	0.00001	0.00035	0.00523	0.05234	0.39639	2.42098
40	-8.85	0.00001	0.00039	0.00577	0.05738	0.43138	2.61536
40	-8.8	0.00001	0.00043	0.00638	0.06291	0.46934	2.82456
40	-8.75	0.00002	0.00048	0.00704	0.06894	0.51053	3.04963
40	-8.7	0.00002	0.00054	0.00778	0.07555	0.5552	3.29168
40	-8.65	0.00002	0.0006	0.00859	0.08277	0.60363	3.5519
40	-8.6	0.00002	0.00067	0.00948	0.09067	0.65613	3.83154
40	-8.55	0.00003	0.00074	0.01047	0.0993	0.71302	4.13196
40	-8.5	0.00003	0.00083	0.01155	0.10874	0.77464	4.45457
40	-8.45	0.00003	0.00092	0.01275	0.11904	0.84138	4.80087
40	-8.4	0.00004	0.00102	0.01407	0.1303	0.91362	5.17246
40	-8.35	0.00004	0.00114	0.01552	0.14259	0.99182	5.57102
40	-8.3	0.00005	0.00127	0.01712	0.15601	1.07641	5.99833
40	-8.25	0.00005	0.00141	0.01889	0.17065	1.1679	6.4563
40	-8.2	0.00006	0.00157	0.02083	0.18663	1.26683	6.94689
40	-8.15	0.00007	0.00174	0.02297	0.20406	1.37374	7.47221
40	-8.1	0.00007	0.00194	0.02532	0.22308	1.48925	8.03447
40	-8.05	0.00008	0.00215	0.02791	0.24381	1.61401	8.636
40	-8.	0.00009	0.0024	0.03077	0.2664	1.7487	9.27924
40	-7.95	0.00011	0.00266	0.0339	0.29102	1.89407	9.96678
40	-7.9	0.00012	0.00296	0.03736	0.31784	2.0509	10.7013
40	-7.85	0.00013	0.00329	0.04115	0.34705	2.22003	11.48564
40	-7.8	0.00015	0.00366	0.04533	0.37886	2.40234	12.32277
40	-7.75	0.00017	0.00407	0.04992	0.41347	2.5988	13.21579
40	-7.7	0.00019	0.00452	0.05496	0.45114	2.81041	14.16794
40	-7.65	0.00021	0.00502	0.0605	0.4921	3.03825	15.18259
40	-7.6	0.00024	0.00558	0.0666	0.53665	3.28344	16.26328
40	-7.55	0.00027	0.0062	0.07329	0.58508	3.54721	17.41366
40	-7.5	0.0003	0.00689	0.08063	0.6377	3.83083	18.63756
40	-7.45	0.00033	0.00765	0.0887	0.69486	4.13566	19.93891
40	-7.4	0.00038	0.0085	0.09756	0.75693	4.46312	21.32181
40	-7.35	0.00042	0.00944	0.10728	0.82432	4.81475	22.7905
40	-7.3	0.00047	0.01048	0.11794	0.89744	5.19213	24.34935
40	-7.25	0.00053	0.01164	0.12963	0.97675	5.59695	26.00284
40	-7.2	0.0006	0.01292	0.14246	1.06275	6.03098	27.7556
40	-7.15	0.00067	0.01434	0.15652	1.15597	6.4961	29.61238
40	-7.1	0.00075	0.01592	0.17193	1.25696	6.99426	31.57803
40	-7.05	0.00084	0.01767	0.18882	1.36634	7.52752	33.65751
40	-7.	0.00094	0.01961	0.20731	1.48475	8.09805	35.85584
40	-6.95	0.00106	0.02176	0.22757	1.61288	8.70808	38.17816
40	-6.9	0.00119	0.02414	0.24974	1.75147	9.35999	40.62963
40	-6.85	0.00133	0.02678	0.27401	1.9013	10.05623	43.21547
40	-6.8	0.00149	0.0297	0.30056	2.06322	10.79936	45.94094
40	-6.75	0.00168	0.03294	0.3296	2.23811	11.59203	48.81125
40	-6.7	0.00188	0.03652	0.36135	2.42692	12.43702	51.83165
40	-6.65	0.00211	0.0405	0.39606	2.63067	13.33717	55.00728
40	-6.6	0.00237	0.04489	0.43398	2.85042	14.29545	58.34324
40	-6.55	0.00266	0.04976	0.4754	3.0873	15.31488	61.8445
40	-6.5	0.00298	0.05514	0.52063	3.34251	16.39861	65.51587
40	-6.45	0.00335	0.0611	0.56998	3.61732	17.54983	69.36198
40	-6.4	0.00375	0.06769	0.62384	3.91308	18.77184	73.38725
40	-6.35	0.00421	0.07498	0.68257	4.23118	20.06798	77.59579
40	-6.3	0.00473	0.08304	0.7466	4.57312	21.44165	81.9914
40	-6.25	0.0053	0.09195	0.81637	4.94045	22.8963	86.57752
40	-6.2	0.00595	0.1018	0.89237	5.33482	24.43538	91.35713
40	-6.15	0.00668	0.11269	0.97511	5.75793	26.0624	96.33275
40	-6.1	0.00749	0.12471	1.06516	6.21159	27.78083	101.50633
40	-6.05	0.0084	0.13799	1.16311	6.69765	29.59412	106.87921
40	-6.	0.00943	0.15266	1.2696	7.21807	31.50569	112.45206
40	-5.95	0.01058	0.16885	1.38533	7.77488	33.51888	118.2248
40	-5.9	0.01187	0.18672	1.51103	8.37015	35.63694	124.19652
40	-5.85	0.01332	0.20643	1.64748	9.00606	37.86298	130.36542
40	-5.8	0.01495	0.22818	1.79552	9.68484	40.19997	136.72873
40	-5.75	0.01677	0.25216	1.95606	10.40877	42.65068	143.28264
40	-5.7	0.01882	0.2786	2.13004	11.1802	45.21764	150.02221
40	-5.65	0.02111	0.30773	2.31847	12.00151	47.90314	156.94131
40	-5.6	0.02369	0.33982	2.52243	12.87513	50.70912	164.03254
40	-5.55	0.02658	0.37517	2.74305	13.80352	53.63719	171.28714
40	-5.5	0.02982	0.41408	2.98154	14.78912	56.68854	178.69496
40	-5.45	0.03346	0.4569	3.23916	15.83441	59.86388	186.24432
40	-5.4	0.03754	0.50401	3.51725	16.94183	63.16345	193.92205
40	-5.35	0.04212	0.5558	3.81721	18.11378	66.58689	201.71332
40	-5.3	0.04726	0.61274	4.14051	19.35261	70.13323	209.6017
40	-5.25	0.05303	0.67529	4.48869	20.66059	73.80078	217.56904
40	-5.2	0.0595	0.74399	4.86335	22.03988	77.58713	225.59544
40	-5.15	0.06676	0.8194	5.26615	23.4925	81.48906	233.65931
40	-5.1	0.07491	0.90213	5.69881	25.02031	85.50247	241.73726
40	-5.05	0.08405	0.99286	6.1631	26.62497	89.62232	249.80419
40	-5.	0.0943	1.09229	6.66086	28.30788	93.84257	257.83325
40	-4.95	0.10581	1.20121	7.19393	30.07019	98.15615	265.7959
40	-4.9	0.11872	1.32044	7.76422	31.91271	102.55485	273.66204
40	-4.85	0.1332	1.45089	8.37363	33.83588	107.02933	281.39993
40	-4.8	0.14946	1.59351	9.02409	35.83974	111.56901	288.97651
40	-4.75	0.16769	1.74933	9.71751	37.92384	116.1621	296.35728
40	-4.7	0.18815	1.91946	10.45577	40.08724	120.79549	303.50665
40	-4.65	0.2111	2.10506	11.2407	42.32841	125.4548	310.38805
40	-4.6	0.23684	2.30738	12.07407	44.64518	130.12433	316.96403
40	-4.55	0.26573	2.52774	12.95755	47.0347	134.78706	323.19672
40	-4.5	0.29813	2.76752	13.89267	49.49339	139.42466	329.04777
40	-4.45	0.33448	3.02818	14.88081	52.01686	144.01757	334.47888
40	-4.4	0.37525	3.31127	15.92316	54.59987	148.54498	339.45208
40	-4.35	0.42097	3.61836	17.02064	57.23627	152.98492	343.92984
40	-4.3	0.47223	3.95112	18.17392	59.91897	157.31435	347.87566
40	-4.25	0.5297	4.31124	19.38332	62.63987	161.50932	351.2544
40	-4.2	0.59412	4.70047	20.6488	65.38986	165.54496	354.03243
40	-4.15	0.6663	5.12055	21.96985	68.15877	169.39581	356.17843
40	-4.1	0.74716	5.57325	23.34549	70.93537	173.03584	357.66333
40	-4.05	0.83768	6.06032	24.7742	73.70735	176.43874	358.46106
40	-4.	0.93899	6.58346	26.25382	76.46134	179.57818	358.54892
40	-3.95	1.05231	7.1443	27.78153	79.18294	182.42793	357.9077
40	-3.9	1.17897	7.74434	29.35379	81.85676	184.96224	356.52236
40	-3.85	1.32042	8.38494	30.96626	84.46648	187.15609	354.38222
40	-3.8	1.47824	9.06725	32.61375	86.99497	188.98554	351.48149
40	-3.75	1.65411	9.79216	34.29021	89.42435	190.42793	347.81908
40	-3.7	1.84983	10.56025	35.98865	91.73616	191.4624	343.39957
40	-3.65	2.06732	11.37171	37.70111	93.91148	192.07001	338.23256
40	-3.6	2.30856	12.22627	39.41868	95.93119	192.23429	332.33362
40	-3.55	2.57563	13.12315	41.13149	97.77606	191.9414	325.72375
40	-3.5	2.87059	14.06093	42.8287	99.42712	191.18055	318.42971
40	-3.45	3.19544	15.03755	44.49858	100.86576	189.9442	310.48363
40	-3.4	3.55217	16.0502	46.12855	102.07413	188.2284	301.92315
40	-3.35	3.94262	17.09524	47.70527	103.03536	186.03309	292.79129
40	-3.3	4.36844	18.16817	49.21477	103.73385	183.36202	283.13539
40	-3.25	4.831	19.26355	50.64256	104.15563	180.22331	273.00781
40	-3.2	5.33124	20.375	51.97384	104.28854	176.62903	262.46422
40	-3.15	5.86951	21.49517	53.19366	104.12267	172.59572	251.56424
40	-3.1	6.44581	22.6158	54.28715	103.65052	168.14396	240.3699
40	-3.05	7.05975	23.72763	55.23977	102.86732	163.29848	228.9455
40	-3.	7.70989	24.82048	56.03758	101.77119	158.08779	217.35641
40	-2.95	8.39379	25.8834	56.6675	100.36338	152.54404	205.66877
40	-2.9	9.10817	26.90478	57.11766	98.64841	146.7028	193.94879
40	-2.85	9.84856	27.87253	57.3776	96.63403	140.60222	182.26111
40	-2.8	10.60961	28.7743	57.43861	94.33144	134.28318	170.66931
40	-2.75	11.38544	29.59757	57.29396	91.755	127.7881	159.23378
40	-2.7	12.16875	30.32991	56.93918	88.92238	121.16103	148.01245
40	-2.65	12.95085	30.95929	56.37225	85.85408	114.44642	137.05867
40	-2.6	13.72185	31.47449	55.5938	82.57349	107.68914	126.42208
40	-2.55	14.47095	31.86547	54.60714	79.10626	100.93322	116.14682
40	-2.5	15.18771	32.12359	53.41833	75.4801	94.22167	106.27196
40	-2.45	15.86232	32.24163	52.03614	71.72443	87.59592	96.83121
40	-2.4	16.48382	32.214	50.47195	67.86963	81.09474	87.85189
40	-2.35	17.04091	32.0372	48.73979	63.94691	74.75452	79.35608
40	-2.3	17.52272	31.71002	46.85589	59.98739	68.60798	71.35934
40	-2.25	17.91888	31.23371	44.83862	56.02196	62.6846	63.87199
40	-2.2	18.22141	30.61206	42.70791	52.08048	57.00976	56.89851
40	-2.15	18.42478	29.8509	40.48504	48.19148	51.60482	50.43829
40	-2.1	18.52277	28.95822	38.19214	44.38152	46.48685	44.48563
40	-2.05	18.51061	27.94439	35.85188	40.67501	41.66876	39.03056
40	-2.	18.38576	26.822	33.48695	37.09382	37.15947	34.05933
40	-1.95	18.14761	25.60555	31.11938	33.65678	32.96364	29.55437
40	-1.9	17.79971	24.31114	28.77028	30.37994	29.0825	25.49563
40	-1.85	17.34986	22.95533	26.4592	27.27604	25.51353	21.86035
40	-1.8	16.80525	21.55492	24.2041	24.35501	22.25139	18.62426
40	-1.75	16.17451	20.12679	22.02085	21.62353	19.28772	15.76146
40	-1.7	15.46824	18.68762	19.92329	19.08568	16.61203	13.24547
40	-1.65	14.69828	17.25331	17.92278	16.74267	14.21165	11.04913
40	-1.6	13.87958	15.83862	16.02841	14.59351	12.07251	9.14548
40	-1.55	13.02833	14.45602	14.24685	12.63497	10.17915	7.50768
40	-1.5	12.15595	13.11616	12.58283	10.86209	8.51527	6.10959
40	-1.45	11.27375	11.82823	11.03922	9.26836	7.06405	4.92601
40	-1.4	10.3927	10.59976	9.61706	7.84589	5.8082	3.93271
40	-1.35	9.52212	9.43668	8.31595	6.58584	4.73055	3.10687
40	-1.3	8.67052	8.3435	7.13404	5.47842	3.81395	2.427
40	-1.25	7.84586	7.32315	6.06844	4.51337	3.04174	1.87323
40	-1.2	7.05259	6.3774	5.11519	3.67984	2.39772	1.42724
40	-1.15	6.29484	5.5072	4.26962	2.96687	1.86646	1.07242
40	-1.1	5.5757	4.71267	3.52628	2.36326	1.43332	0.7938
40	-1.05	4.89776	3.9933	2.87909	1.85793	1.08464	0.57811
40	-1.	4.26407	3.34786	2.32149	1.43997	0.80779	0.41367
40	-0.95	3.67715	2.77414	1.84646	1.0988	0.59123	0.29039
40	-0.9	3.13774	2.26937	1.44678	0.82432	0.42459	0.19962
40	-0.85	2.64628	1.83023	1.11505	0.60694	0.29862	0.13411
40	-0.8	2.20266	1.45293	0.84386	0.43776	0.20526	0.08785
40	-0.75	1.80618	1.13338	0.62587	0.30861	0.13754	0.05596
40	-0.7	1.45662	0.86709	0.45386	0.21209	0.0896	0.03456
40	-0.65	1.15364	0.64904	0.3209	0.14166	0.05655	0.02061
40	-0.6	0.89501	0.4739	0.22049	0.09163	0.03444	0.01182
40	-0.55	0.67805	0.33631	0.14665	0.05715	0.02015	0.00649
40	-0.5	0.49957	0.23095	0.09398	0.03419	0.01126	0.00338
40	-0.45	0.356	0.15269	0.05771	0.01951	0.00596	0.00166
40	-0.4	0.24402	0.09666	0.03373	0.01052	0.00297	0.00076
40	-0.35	0.16016	0.05814	0.01859	0.00531	0.00137	0.00032
40	-0.3	0.09976	0.03288	0.00955	0.00247	0.00058	0.00012
40	-0.25	0.0582	0.01723	0.00449	0.00104	0.00021	0.00004
40	-0.2	0.03119	0.00823	0.00189	0.00038	0.00007	0.00001
40	-0.15	0.01516	0.00349	0.00068	0.00011	0.00002	0.00000
40	-0.1	0.00657	0.00124	0.00019	0.00002	0.00000	0.00000
40	-0.05	0.00241	0.00029	0.00003	0.00000	0.00000	0.00000
40	0.00	0.00009	0.00000	0.00000	0.00000	0.00000	0.00000
50	-8.9	0.00002	0.00046	0.00678	0.06694	0.50007	3.01406
50	-8.85	0.00002	0.00051	0.00749	0.07337	0.54398	3.25442
50	-8.8	0.00002	0.00057	0.00827	0.0804	0.5916	3.51293
50	-8.75	0.00002	0.00064	0.00913	0.08809	0.64323	3.79087
50	-8.7	0.00003	0.00071	0.01008	0.0965	0.69921	4.08959
50	-8.65	0.00003	0.00079	0.01113	0.10568	0.75986	4.41052
50	-8.6	0.00003	0.00088	0.01228	0.11573	0.82557	4.75518
50	-8.55	0.00004	0.00098	0.01356	0.1267	0.89673	5.12519
50	-8.5	0.00004	0.00109	0.01496	0.13868	0.97378	5.52225
50	-8.45	0.00004	0.00121	0.0165	0.15177	1.05717	5.94817
50	-8.4	0.00005	0.00134	0.01821	0.16605	1.14739	6.40487
50	-8.35	0.00006	0.0015	0.02008	0.18165	1.24498	6.89437
50	-8.3	0.00006	0.00166	0.02215	0.19866	1.3505	7.41879
50	-8.25	0.00007	0.00185	0.02442	0.21723	1.46454	7.98039
50	-8.2	0.00008	0.00206	0.02692	0.23747	1.58778	8.58155
50	-8.15	0.00009	0.00229	0.02968	0.25955	1.72088	9.22477
50	-8.1	0.0001	0.00254	0.03271	0.28361	1.86459	9.91266
50	-8.05	0.00011	0.00283	0.03605	0.30983	2.01971	10.648
50	-8.	0.00013	0.00315	0.03972	0.3384	2.18706	11.43369
50	-7.95	0.00014	0.0035	0.04376	0.36951	2.36755	12.27277
50	-7.9	0.00016	0.00389	0.0482	0.40339	2.56214	13.16842
50	-7.85	0.00018	0.00432	0.05308	0.44026	2.77183	14.12399
50	-7.8	0.0002	0.0048	0.05845	0.48038	2.99772	15.14296
50	-7.75	0.00022	0.00533	0.06434	0.52403	3.24094	16.22898
50	-7.7	0.00025	0.00593	0.07082	0.57149	3.50273	17.38582
50	-7.65	0.00028	0.00659	0.07794	0.62308	3.78436	18.61745
50	-7.6	0.00032	0.00732	0.08575	0.67915	4.08722	19.92797
50	-7.55	0.00036	0.00813	0.09433	0.74006	4.41276	21.32163
50	-7.5	0.0004	0.00903	0.10375	0.80621	4.76252	22.80287
50	-7.45	0.00045	0.01003	0.11409	0.87802	5.13811	24.37623
50	-7.4	0.0005	0.01113	0.12544	0.95594	5.54125	26.04645
50	-7.35	0.00056	0.01236	0.13788	1.04047	5.97375	27.81837
50	-7.3	0.00063	0.01373	0.15152	1.13214	6.43752	29.69701
50	-7.25	0.00071	0.01524	0.16648	1.2315	6.93456	31.68749
50	-7.2	0.0008	0.01691	0.18288	1.33916	7.46697	33.79507
50	-7.15	0.00089	0.01877	0.20084	1.45577	8.03696	36.02512
50	-7.1	0.001	0.02083	0.22052	1.58201	8.64686	38.38311
50	-7.05	0.00112	0.02312	0.24207	1.71863	9.29909	40.87459
50	-7.	0.00126	0.02565	0.26567	1.86641	9.99617	43.50519
50	-6.95	0.00141	0.02845	0.29149	2.0262	10.74077	46.2806
50	-6.9	0.00159	0.03156	0.31975	2.19888	11.53562	49.20653
50	-6.85	0.00178	0.035	0.35065	2.38542	12.38359	52.28869
50	-6.8	0.002	0.03881	0.38445	2.58683	13.28767	55.5328
50	-6.75	0.00224	0.04303	0.42138	2.80418	14.25092	58.94452
50	-6.7	0.00252	0.0477	0.46174	3.03862	15.27653	62.52943
50	-6.65	0.00282	0.05287	0.50583	3.29137	16.36779	66.293
50	-6.6	0.00317	0.05859	0.55397	3.5637	17.52808	70.24056
50	-6.55	0.00355	0.06492	0.60651	3.85698	18.76086	74.37724
50	-6.5	0.00399	0.07192	0.66384	4.17264	20.06969	78.70794
50	-6.45	0.00447	0.07967	0.72636	4.5122	21.4582	83.23728
50	-6.4	0.00502	0.08824	0.79453	4.87723	22.93006	87.96955
50	-6.35	0.00563	0.09771	0.86881	5.26943	24.48902	92.90863
50	-6.3	0.00632	0.10817	0.94973	5.69054	26.13885	98.05799
50	-6.25	0.00709	0.11974	1.03784	6.14241	27.88335	103.42057
50	-6.2	0.00795	0.13252	1.13373	6.62696	29.7263	108.99873
50	-6.15	0.00892	0.14663	1.23804	7.1462	31.67148	114.79421
50	-6.1	0.01001	0.16222	1.35146	7.70223	33.72263	120.80803
50	-6.05	0.01123	0.17943	1.47472	8.29721	35.88342	127.04041
50	-6.	0.01261	0.19842	1.60861	8.93341	38.15743	133.49075
50	-5.95	0.01414	0.21937	1.75397	9.61315	40.54809	140.15745
50	-5.9	0.01587	0.24249	1.91169	10.33884	43.0587	147.03794
50	-5.85	0.01781	0.26798	2.08272	11.11294	45.69235	154.12851
50	-5.8	0.01998	0.29607	2.2681	11.93798	48.45189	161.42429
50	-5.75	0.02242	0.32704	2.46889	12.81656	51.33992	168.91914
50	-5.7	0.02515	0.36115	2.68625	13.75129	54.35868	176.60555
50	-5.65	0.02822	0.39872	2.92139	14.74482	57.51005	184.47459
50	-5.6	0.03166	0.44008	3.17559	15.79983	60.7955	192.51585
50	-5.55	0.03553	0.4856	3.45022	16.919	64.21601	200.7173
50	-5.5	0.03986	0.53568	3.74671	18.105	67.77201	209.0653
50	-5.45	0.04472	0.59074	4.06655	19.36044	71.46336	217.54446
50	-5.4	0.05018	0.65127	4.41132	20.6879	75.28925	226.13764
50	-5.35	0.0563	0.71777	4.78267	22.08987	79.24814	234.82587
50	-5.3	0.06317	0.79081	5.18231	23.56874	83.33771	243.58837
50	-5.25	0.07088	0.87098	5.61203	25.12675	87.55479	252.40243
50	-5.2	0.07953	0.95894	6.07368	26.76599	91.89529	261.24345
50	-5.15	0.08924	1.0554	6.56916	28.48831	96.35411	270.08501
50	-5.1	0.10012	1.16113	7.10044	30.29535	100.92513	278.89871
50	-5.05	0.11234	1.27694	7.66952	32.18843	105.6011	287.65444
50	-5.	0.12605	1.40372	8.27845	34.16855	110.37358	296.3202
50	-4.95	0.14142	1.54244	8.92929	36.23634	115.2329	304.86235
50	-4.9	0.15868	1.69411	9.62412	38.39198	120.16813	313.2457
50	-4.85	0.17804	1.85982	10.36501	40.63517	125.16697	321.43346
50	-4.8	0.19975	2.04076	11.154	42.96506	130.2158	329.38769
50	-4.75	0.22412	2.23817	11.99311	45.38021	135.29956	337.06916
50	-4.7	0.25145	2.45336	12.88424	47.8785	140.4018	344.43776
50	-4.65	0.28211	2.68776	13.82925	50.45712	145.50468	351.45274
50	-4.6	0.3165	2.94283	14.82984	53.11246	150.58891	358.07277
50	-4.55	0.35508	3.22015	15.88753	55.84007	155.63386	364.25653
50	-4.5	0.39834	3.52133	17.00367	58.63459	160.61756	369.96271
50	-4.45	0.44686	3.8481	18.17934	61.48973	165.51677	375.15054
50	-4.4	0.50126	4.2022	19.41535	64.39818	170.30707	379.78023
50	-4.35	0.56223	4.58546	20.71214	67.35157	174.96298	383.81304
50	-4.3	0.63057	4.99974	22.06978	70.34046	179.45805	387.21197
50	-4.25	0.70714	5.44693	23.48787	73.35427	183.76509	389.94218
50	-4.2	0.7929	5.92892	24.96551	76.3813	187.85625	391.97108
50	-4.15	0.8889	6.44758	26.50123	79.40869	191.70335	393.26928
50	-4.1	0.99631	7.00476	28.0929	82.42244	195.27797	393.81048
50	-4.05	1.1164	7.60221	29.7377	85.40745	198.55183	393.57224
50	-4.	1.25061	8.2416	31.43206	88.34755	201.49706	392.53643
50	-3.95	1.40046	8.9244	33.17156	91.22554	204.08637	390.68924
50	-3.9	1.56762	9.6519	34.95091	94.02331	206.29353	388.02191
50	-3.85	1.75387	10.42511	36.76389	96.72197	208.09361	384.53084
50	-3.8	1.96112	11.24472	38.60331	99.30191	209.46344	380.21816
50	-3.75	2.19136	12.11103	40.46094	101.74303	210.38173	375.09132
50	-3.7	2.44668	13.02386	42.32758	104.0249	210.82976	369.16413
50	-3.65	2.72921	13.98251	44.19295	106.12695	210.79136	362.45589
50	-3.6	3.04118	14.98565	46.0458	108.02877	210.25359	354.99238
50	-3.55	3.38478	16.03125	47.87387	109.7103	209.20683	346.80503
50	-3.5	3.76213	17.11648	49.66402	111.15214	207.64518	337.93126
50	-3.45	4.17517	18.23769	51.40225	112.33586	205.56661	328.41383
50	-3.4	4.62566	19.39032	53.0739	113.24425	202.97327	318.30091
50	-3.35	5.11507	20.56883	54.66368	113.86174	199.87175	307.64583
50	-3.3	5.64445	21.76672	56.15596	114.17457	196.27283	296.50575
50	-3.25	6.21445	22.97646	57.53486	114.17126	192.19204	284.94233
50	-3.2	6.82518	24.1895	58.78455	113.84273	187.64905	273.01979
50	-3.15	7.476	25.39629	59.88947	113.18274	182.66815	260.8055
50	-3.1	8.16559	26.58637	60.83459	112.188	177.27762	248.36826
50	-3.05	8.89192	27.74838	61.60573	110.85845	171.50977	235.7781
50	-3.	9.65172	28.87021	62.18985	109.19736	165.40037	223.10498
50	-2.95	10.44063	29.93919	62.57535	107.21145	158.98844	210.41844
50	-2.9	11.25317	30.94229	62.75237	104.91099	152.31592	197.78693
50	-2.85	12.08245	31.8664	62.71305	102.3096	145.42659	185.27601
50	-2.8	12.921	32.69857	62.45181	99.42438	138.3663	172.94909
50	-2.75	13.76088	33.42614	61.96549	96.27549	131.18153	160.86517
50	-2.7	14.59233	34.03705	61.25363	92.88618	123.91954	149.07976
50	-2.65	15.40481	34.52025	60.31856	89.28219	116.62699	137.64276
50	-2.6	16.18688	34.86605	59.16548	85.4917	109.35006	126.59959
50	-2.55	16.92654	35.06643	57.8024	81.54459	102.13305	115.98933
50	-2.5	17.61312	35.11526	56.24008	77.47216	95.01836	105.84548
50	-2.45	18.23654	35.00813	54.49195	73.30673	88.04592	96.19574
50	-2.4	18.78528	34.74277	52.57387	69.08077	81.25219	87.06111
50	-2.35	19.2489	34.31934	50.50403	64.82679	74.67053	78.45726
50	-2.3	19.6174	33.74053	48.3024	60.57639	68.33003	70.39333
50	-2.25	19.88178	33.01175	45.99056	56.36012	62.25608	62.87343
50	-2.2	20.03659	32.14095	43.59104	52.20676	56.46962	55.89609
50	-2.15	20.07914	31.13796	41.12699	48.14304	50.98739	49.45512
50	-2.1	20.00614	30.01458	38.62171	44.19315	45.82176	43.53975
50	-2.05	19.81657	28.78465	36.09827	40.3786	40.98104	38.13541
50	-2.	19.51188	27.46368	33.57901	36.71803	36.46971	33.22434
50	-1.95	19.09521	26.06848	31.08491	33.22675	32.28828	28.78552
50	-1.9	18.5741	24.61686	28.63542	29.91726	28.43421	24.79603
50	-1.85	17.96044	23.1262	26.24788	26.79873	24.90161	21.23072
50	-1.8	17.26453	21.61342	23.93764	23.87768	21.68222	18.06348
50	-1.75	16.49836	20.09468	21.71774	21.15767	18.76521	15.26697
50	-1.7	15.6749	18.58516	19.59907	18.63993	16.13809	12.81366
50	-1.65	14.80684	17.0986	17.59013	16.32324	13.78654	10.67567
50	-1.6	13.90824	15.64738	15.69738	14.20455	11.69526	8.82559
50	-1.55	12.99399	14.24156	13.92513	12.27893	9.84781	7.23634
50	-1.5	12.07499	12.8893	12.27602	10.54005	8.22722	5.88173
50	-1.45	11.16045	11.59732	10.75124	8.98037	6.8162	4.73664
50	-1.4	10.25769	10.371	9.35048	7.59117	5.59718	3.77702
50	-1.35	9.37331	9.21479	8.07233	6.363	4.55282	2.98031
50	-1.3	8.51428	8.13196	6.91411	5.28564	3.66594	2.32533
50	-1.25	7.68677	7.12455	5.87223	4.34847	2.91993	1.79258
50	-1.2	6.89461	6.19356	4.94222	3.54046	2.29871	1.36411
50	-1.15	6.14113	5.3393	4.11897	2.8505	1.78704	1.02371
50	-1.1	5.42902	4.56131	3.39667	2.26737	1.37052	0.7568
50	-1.05	4.76004	3.85853	2.76902	1.78	1.03571	0.55045
50	-1.	4.13625	3.22939	2.2293	1.37759	0.7703	0.39337
50	-0.95	3.56004	2.67145	1.77038	1.04965	0.563	0.27576
50	-0.9	3.03198	2.18168	1.38498	0.78626	0.40373	0.18931
50	-0.85	2.55231	1.75651	1.06571	0.57802	0.28354	0.12701
50	-0.8	2.12051	1.39201	0.80518	0.41624	0.19459	0.08308
50	-0.75	1.7356	1.08393	0.59615	0.29296	0.1302	0.05285
50	-0.7	1.39707	0.82772	0.43154	0.201	0.08468	0.03259
50	-0.65	1.10426	0.61836	0.30455	0.13402	0.05336	0.01941
50	-0.6	0.85488	0.45058	0.20885	0.08653	0.03245	0.01112
50	-0.55	0.64619	0.31908	0.13863	0.05387	0.01896	0.0061
50	-0.5	0.475	0.21863	0.08866	0.03218	0.01058	0.00318
50	-0.45	0.33769	0.14421	0.05433	0.01833	0.0056	0.00156
50	-0.4	0.23083	0.09105	0.03169	0.00987	0.00278	0.00071
50	-0.35	0.15099	0.05463	0.01744	0.00498	0.00128	0.0003
50	-0.3	0.09374	0.03084	0.00895	0.00232	0.00054	0.00011
50	-0.25	0.05454	0.01614	0.00421	0.00097	0.0002	0.00004
50	-0.2	0.0292	0.00771	0.00178	0.00036	0.00006	0.00001
50	-0.15	0.01421	0.00327	0.00064	0.00011	0.00002	0.00000
50	-0.1	0.00617	0.00116	0.00018	0.00002	0.00000	0.00000
50	-0.05	0.00226	0.00027	0.00002	0.00000	0.00000	0.00000
50	0.00	0.00009	0.00000	0.00000	0.00000	0.00000	0.00000
80	-8.9	0.00002	0.00046	0.00678	0.06694	0.50007	3.01406
80	-8.85	0.00002	0.00051	0.00749	0.07337	0.54398	3.25442
80	-8.8	0.00002	0.00057	0.00827	0.0804	0.5916	3.51293
80	-8.75	0.00002	0.00064	0.00913	0.08809	0.64323	3.79087
80	-8.7	0.00003	0.00071	0.01008	0.0965	0.69921	4.08959
80	-8.65	0.00003	0.00079	0.01113	0.10568	0.75986	4.41052
80	-8.6	0.00003	0.00088	0.01228	0.11573	0.82557	4.75518
80	-8.55	0.00004	0.00098	0.01356	0.1267	0.89673	5.12519
80	-8.5	0.00004	0.00109	0.01496	0.13868	0.97378	5.52225
80	-8.45	0.00004	0.00121	0.0165	0.15177	1.05717	5.94817
80	-8.4	0.00005	0.00134	0.01821	0.16605	1.14739	6.40487
80	-8.35	0.00006	0.0015	0.02008	0.18165	1.24498	6.89437
80	-8.3	0.00006	0.00166	0.02215	0.19866	1.3505	7.41879
80	-8.25	0.00007	0.00185	0.02442	0.21723	1.46454	7.98039
80	-8.2	0.00008	0.00206	0.02692	0.23747	1.58778	8.58155
80	-8.15	0.00009	0.00229	0.02968	0.25955	1.72088	9.22477
80	-8.1	0.0001	0.00254	0.03271	0.28361	1.86459	9.91266
80	-8.05	0.00011	0.00283	0.03605	0.30983	2.01971	10.648
80	-8.	0.00013	0.00315	0.03972	0.3384	2.18706	11.43369
80	-7.95	0.00014	0.0035	0.04376	0.36951	2.36755	12.27277
80	-7.9	0.00016	0.00389	0.0482	0.40339	2.56214	13.16842
80	-7.85	0.00018	0.00432	0.05308	0.44026	2.77183	14.12399
80	-7.8	0.0002	0.0048	0.05845	0.48038	2.99772	15.14296
80	-7.75	0.00022	0.00533	0.06434	0.52403	3.24094	16.22898
80	-7.7	0.00025	0.00593	0.07082	0.57149	3.50273	17.38582
80	-7.65	0.00028	0.00659	0.07794	0.62308	3.78436	18.61745
80	-7.6	0.00032	0.00732	0.08575	0.67915	4.08722	19.92797
80	-7.55	0.00036	0.00813	0.09433	0.74006	4.41276	21.32163
80	-7.5	0.0004	0.00903	0.10375	0.80621	4.76252	22.80287
80	-7.45	0.00045	0.01003	0.11409	0.87802	5.13811	24.37623
80	-7.4	0.0005	0.01113	0.12544	0.95594	5.54125	26.04645
80	-7.35	0.00056	0.01236	0.13788	1.04047	5.97375	27.81837
80	-7.3	0.00063	0.01373	0.15152	1.13214	6.43752	29.69701
80	-7.25	0.00071	0.01524	0.16648	1.2315	6.93456	31.68749
80	-7.2	0.0008	0.01691	0.18288	1.33916	7.46697	33.79507
80	-7.15	0.00089	0.01877	0.20084	1.45577	8.03696	36.02512
80	-7.1	0.001	0.02083	0.22052	1.58201	8.64686	38.38311
80	-7.05	0.00112	0.02312	0.24207	1.71863	9.29909	40.87459
80	-7.	0.00126	0.02565	0.26567	1.86641	9.99617	43.50519
80	-6.95	0.00141	0.02845	0.29149	2.0262	10.74077	46.2806
80	-6.9	0.00159	0.03156	0.31975	2.19888	11.53562	49.20653
80	-6.85	0.00178	0.035	0.35065	2.38542	12.38359	52.28869
80	-6.8	0.002	0.03881	0.38445	2.58683	13.28767	55.5328
80	-6.75	0.00224	0.04303	0.42138	2.80418	14.25092	58.94452
80	-6.7	0.00252	0.0477	0.46174	3.03862	15.27653	62.52943
80	-6.65	0.00282	0.05287	0.50583	3.29137	16.36779	66.293
80	-6.6	0.00317	0.05859	0.55397	3.5637	17.52808	70.24056
80	-6.55	0.00355	0.06492	0.60651	3.85698	18.76086	74.37724
80	-6.5	0.00399	0.07192	0.66384	4.17264	20.06969	78.70794
80	-6.45	0.00447	0.07967	0.72636	4.5122	21.4582	83.23728
80	-6.4	0.00502	0.08824	0.79453	4.87723	22.93006	87.96955
80	-6.35	0.00563	0.09771	0.86881	5.26943	24.48902	92.90863
80	-6.3	0.00632	0.10817	0.94973	5.69054	26.13885	98.05799
80	-6.25	0.00709	0.11974	1.03784	6.14241	27.88335	103.42057
80	-6.2	0.00795	0.13252	1.13373	6.62696	29.7263	108.99873
80	-6.15	0.00892	0.14663	1.23804	7.1462	31.67148	114.79421
80	-6.1	0.01001	0.16222	1.35146	7.70223	33.72263	120.80803
80	-6.05	0.01123	0.17943	1.47472	8.29721	35.88342	127.04041
80	-6.	0.01261	0.19842	1.60861	8.93341	38.15743	133.49075
80	-5.95	0.01414	0.21937	1.75397	9.61315	40.54809	140.15745
80	-5.9	0.01587	0.24249	1.91169	10.33884	43.0587	147.03794
80	-5.85	0.01781	0.26798	2.08272	11.11294	45.69235	154.12851
80	-5.8	0.01998	0.29607	2.2681	11.93798	48.45189	161.42429
80	-5.75	0.02242	0.32704	2.46889	12.81656	51.33992	168.91914
80	-5.7	0.02515	0.36115	2.68625	13.75129	54.35868	176.60555
80	-5.65	0.02822	0.39872	2.92139	14.74482	57.51005	184.47459
80	-5.6	0.03166	0.44008	3.17559	15.79983	60.7955	192.51585
80	-5.55	0.03553	0.4856	3.45022	16.919	64.21601	200.7173
80	-5.5	0.03986	0.53568	3.74671	18.105	67.77201	209.0653
80	-5.45	0.04472	0.59074	4.06655	19.36044	71.46336	217.54446
80	-5.4	0.05018	0.65127	4.41132	20.6879	75.28925	226.13764
80	-5.35	0.0563	0.71777	4.78267	22.08987	79.24814	234.82587
80	-5.3	0.06317	0.79081	5.18231	23.56874	83.33771	243.58837
80	-5.25	0.07088	0.87098	5.61203	25.12675	87.55479	252.40243
80	-5.2	0.07953	0.95894	6.07368	26.76599	91.89529	261.24345
80	-5.15	0.08924	1.0554	6.56916	28.48831	96.35411	270.08501
80	-5.1	0.10012	1.16113	7.10044	30.29535	100.92513	278.89871
80	-5.05	0.11234	1.27694	7.66952	32.18843	105.6011	287.65444
80	-5.	0.12605	1.40372	8.27845	34.16855	110.37358	296.3202
80	-4.95	0.14142	1.54244	8.92929	36.23634	115.2329	304.86235
80	-4.9	0.15868	1.69411	9.62412	38.39198	120.16813	313.2457
80	-4.85	0.17804	1.85982	10.36501	40.63517	125.16697	321.43346
80	-4.8	0.19975	2.04076	11.154	42.96506	130.2158	329.38769
80	-4.75	0.22412	2.23817	11.99311	45.38021	135.29956	337.06916
80	-4.7	0.25145	2.45336	12.88424	47.8785	140.4018	344.43776
80	-4.65	0.28211	2.68776	13.82925	50.45712	145.50468	351.45274
80	-4.6	0.3165	2.94283	14.82984	53.11246	150.58891	358.07277
80	-4.55	0.35508	3.22015	15.88753	55.84007	155.63386	364.25653
80	-4.5	0.39834	3.52133	17.00367	58.63459	160.61756	369.96271
80	-4.45	0.44686	3.8481	18.17934	61.48973	165.51677	375.15054
80	-4.4	0.50126	4.2022	19.41535	64.39818	170.30707	379.78023
80	-4.35	0.56223	4.58546	20.71214	67.35157	174.96298	383.81304
80	-4.3	0.63057	4.99974	22.06978	70.34046	179.45805	387.21197
80	-4.25	0.70714	5.44693	23.48787	73.35427	183.76509	389.94218
80	-4.2	0.7929	5.92892	24.96551	76.3813	187.85625	391.97108
80	-4.15	0.8889	6.44758	26.50123	79.40869	191.70335	393.26928
80	-4.1	0.99631	7.00476	28.0929	82.42244	195.27797	393.81048
80	-4.05	1.1164	7.60221	29.7377	85.40745	198.55183	393.57224
80	-4.	1.25061	8.2416	31.43206	88.34755	201.49706	392.53643
80	-3.95	1.40046	8.9244	33.17156	91.22554	204.08637	390.68924
80	-3.9	1.56762	9.6519	34.95091	94.02331	206.29353	388.02191
80	-3.85	1.75387	10.42511	36.76389	96.72197	208.09361	384.53084
80	-3.8	1.96112	11.24472	38.60331	99.30191	209.46344	380.21816
80	-3.75	2.19136	12.11103	40.46094	101.74303	210.38173	375.09132
80	-3.7	2.44668	13.02386	42.32758	104.0249	210.82976	369.16413
80	-3.65	2.72921	13.98251	44.19295	106.12695	210.79136	362.45589
80	-3.6	3.04118	14.98565	46.0458	108.02877	210.25359	354.99238
80	-3.55	3.38478	16.03125	47.87387	109.7103	209.20683	346.80503
80	-3.5	3.76213	17.11648	49.66402	111.15214	207.64518	337.93126
80	-3.45	4.17517	18.23769	51.40225	112.33586	205.56661	328.41383
80	-3.4	4.62566	19.39032	53.0739	113.24425	202.97327	318.30091
80	-3.35	5.11507	20.56883	54.66368	113.86174	199.87175	307.64583
80	-3.3	5.64445	21.76672	56.15596	114.17457	196.27283	296.50575
80	-3.25	6.21445	22.97646	57.53486	114.17126	192.19204	284.94233
80	-3.2	6.82518	24.1895	58.78455	113.84273	187.64905	273.01979
80	-3.15	7.476	25.39629	59.88947	113.18274	182.66815	260.8055
80	-3.1	8.16559	26.58637	60.83459	112.188	177.27762	248.36826
80	-3.05	8.89192	27.74838	61.60573	110.85845	171.50977	235.7781
80	-3.	9.65172	28.87021	62.18985	109.19736	165.40037	223.10498
80	-2.95	10.44063	29.93919	62.57535	107.21145	158.98844	210.41844
80	-2.9	11.25317	30.94229	62.75237	104.91099	152.31592	197.78693
80	-2.85	12.08245	31.8664	62.71305	102.3096	145.42659	185.27601
80	-2.8	12.921	32.69857	62.45181	99.42438	138.3663	172.94909
80	-2.75	13.76088	33.42614	61.96549	96.27549	131.18153	160.86517
80	-2.7	14.59233	34.03705	61.25363	92.88618	123.91954	149.07976
80	-2.65	15.40481	34.52025	60.31856	89.28219	116.62699	137.64276
80	-2.6	16.18688	34.86605	59.16548	85.4917	109.35006	126.59959
80	-2.55	16.92654	35.06643	57.8024	81.54459	102.13305	115.98933
80	-2.5	17.61312	35.11526	56.24008	77.47216	95.01836	105.84548
80	-2.45	18.23654	35.00813	54.49195	73.30673	88.04592	96.19574
80	-2.4	18.78528	34.74277	52.57387	69.08077	81.25219	87.06111
80	-2.35	19.2489	34.31934	50.50403	64.82679	74.67053	78.45726
80	-2.3	19.6174	33.74053	48.3024	60.57639	68.33003	70.39333
80	-2.25	19.88178	33.01175	45.99056	56.36012	62.25608	62.87343
80	-2.2	20.03659	32.14095	43.59104	52.20676	56.46962	55.89609
80	-2.15	20.07914	31.13796	41.12699	48.14304	50.98739	49.45512
80	-2.1	20.00614	30.01458	38.62171	44.19315	45.82176	43.53975
80	-2.05	19.81657	28.78465	36.09827	40.3786	40.98104	38.13541
80	-2.	19.51188	27.46368	33.57901	36.71803	36.46971	33.22434
80	-1.95	19.09521	26.06848	31.08491	33.22675	32.28828	28.78552
80	-1.9	18.5741	24.61686	28.63542	29.91726	28.43421	24.79603
80	-1.85	17.96044	23.1262	26.24788	26.79873	24.90161	21.23072
80	-1.8	17.26453	21.61342	23.93764	23.87768	21.68222	18.06348
80	-1.75	16.49836	20.09468	21.71774	21.15767	18.76521	15.26697
80	-1.7	15.6749	18.58516	19.59907	18.63993	16.13809	12.81366
80	-1.65	14.80684	17.0986	17.59013	16.32324	13.78654	10.67567
80	-1.6	13.90824	15.64738	15.69738	14.20455	11.69526	8.82559
80	-1.55	12.99399	14.24156	13.92513	12.27893	9.84781	7.23634
80	-1.5	12.07499	12.8893	12.27602	10.54005	8.22722	5.88173
80	-1.45	11.16045	11.59732	10.75124	8.98037	6.8162	4.73664
80	-1.4	10.25769	10.371	9.35048	7.59117	5.59718	3.77702
80	-1.35	9.37331	9.21479	8.07233	6.363	4.55282	2.98031
80	-1.3	8.51428	8.13196	6.91411	5.28564	3.66594	2.32533
80	-1.25	7.68677	7.12455	5.87223	4.34847	2.91993	1.79258
80	-1.2	6.89461	6.19356	4.94222	3.54046	2.29871	1.36411
80	-1.15	6.14113	5.3393	4.11897	2.8505	1.78704	1.02371
80	-1.1	5.42902	4.56131	3.39667	2.26737	1.37052	0.7568
80	-1.05	4.76004	3.85853	2.76902	1.78	1.03571	0.55045
80	-1.	4.13625	3.22939	2.2293	1.37759	0.7703	0.39337
80	-0.95	3.56004	2.67145	1.77038	1.04965	0.563	0.27576
80	-0.9	3.03198	2.18168	1.38498	0.78626	0.40373	0.18931
80	-0.85	2.55231	1.75651	1.06571	0.57802	0.28354	0.12701
80	-0.8	2.12051	1.39201	0.80518	0.41624	0.19459	0.08308
80	-0.75	1.7356	1.08393	0.59615	0.29296	0.1302	0.05285
80	-0.7	1.39707	0.82772	0.43154	0.201	0.08468	0.03259
80	-0.65	1.10426	0.61836	0.30455	0.13402	0.05336	0.01941
80	-0.6	0.85488	0.45058	0.20885	0.08653	0.03245	0.01112
80	-0.55	0.64619	0.31908	0.13863	0.05387	0.01896	0.0061
80	-0.5	0.475	0.21863	0.08866	0.03218	0.01058	0.00318
80	-0.45	0.33769	0.14421	0.05433	0.01833	0.0056	0.00156
80	-0.4	0.23083	0.09105	0.03169	0.00987	0.00278	0.00071
80	-0.35	0.15099	0.05463	0.01744	0.00498	0.00128	0.0003
80	-0.3	0.09374	0.03084	0.00895	0.00232	0.00054	0.00011
80	-0.25	0.05454	0.01614	0.00421	0.00097	0.0002	0.00004
80	-0.2	0.0292	0.00771	0.00178	0.00036	0.00006	0.00001
80	-0.15	0.01421	0.00327	0.00064	0.00011	0.00002	0.00000
80	-0.1	0.00617	0.00116	0.00018	0.00002	0.00000	0.00000
80	-0.05	0.00226	0.00027	0.00002	0.00000	0.00000	0.00000
80	0.00	0.00009	0.00000	0.00000	0.00000	0.00000	0.00000
100	-8.9	0.00004	0.00107	0.01496	0.14123	1.01005	5.83731
100	-8.85	0.00004	0.00119	0.01651	0.15462	1.0972	6.29237
100	-8.8	0.00005	0.00132	0.01822	0.16926	1.19157	6.7808
100	-8.75	0.00005	0.00147	0.02011	0.18523	1.29373	7.30484
100	-8.7	0.00006	0.00164	0.02218	0.20268	1.40426	7.86685
100	-8.65	0.00007	0.00182	0.02447	0.22173	1.52384	8.46934
100	-8.6	0.00008	0.00203	0.02698	0.24251	1.65314	9.11496
100	-8.55	0.00009	0.00225	0.02976	0.26518	1.79292	9.80651
100	-8.5	0.0001	0.00251	0.03281	0.28991	1.94397	10.54692
100	-8.45	0.00011	0.00279	0.03617	0.31687	2.10715	11.33932
100	-8.4	0.00012	0.0031	0.03986	0.34627	2.28336	12.18695
100	-8.35	0.00014	0.00344	0.04393	0.37831	2.47357	13.09328
100	-8.3	0.00015	0.00383	0.0484	0.41321	2.67883	14.0619
100	-8.25	0.00017	0.00426	0.05332	0.45123	2.90023	15.0966
100	-8.2	0.00019	0.00473	0.05873	0.49262	3.13895	16.20137
100	-8.15	0.00022	0.00526	0.06468	0.53768	3.39626	17.38037
100	-8.1	0.00024	0.00584	0.07122	0.58672	3.67347	18.63794
100	-8.05	0.00027	0.00649	0.07841	0.64006	3.97202	19.97865
100	-8.	0.00031	0.00722	0.08631	0.69808	4.2934	21.40723
100	-7.95	0.00034	0.00802	0.09498	0.76115	4.63922	22.92863
100	-7.9	0.00039	0.00891	0.10451	0.8297	5.01118	24.548
100	-7.85	0.00043	0.00989	0.11497	0.90418	5.41106	26.27069
100	-7.8	0.00049	0.01099	0.12646	0.98507	5.84077	28.10225
100	-7.75	0.00054	0.01221	0.13906	1.07289	6.30232	30.04841
100	-7.7	0.00061	0.01355	0.15289	1.1682	6.79784	32.11514
100	-7.65	0.00069	0.01505	0.16806	1.2716	7.32957	34.30854
100	-7.6	0.00077	0.01671	0.18469	1.38374	7.89986	36.63496
100	-7.55	0.00086	0.01855	0.20293	1.50532	8.51121	39.10088
100	-7.5	0.00097	0.02059	0.22293	1.63706	9.16623	41.71296
100	-7.45	0.00109	0.02285	0.24483	1.77977	9.86767	44.47803
100	-7.4	0.00122	0.02536	0.26883	1.93429	10.61842	47.40306
100	-7.35	0.00137	0.02814	0.29511	2.10153	11.42148	50.49513
100	-7.3	0.00153	0.03122	0.32389	2.28246	12.28003	53.76146
100	-7.25	0.00172	0.03463	0.35539	2.47812	13.19735	57.20932
100	-7.2	0.00193	0.03841	0.38985	2.6896	14.1769	60.84607
100	-7.15	0.00217	0.0426	0.42754	2.91809	15.22225	64.67911
100	-7.1	0.00243	0.04724	0.46876	3.16483	16.33711	68.71584
100	-7.05	0.00273	0.05238	0.51382	3.43115	17.52537	72.96363
100	-7.	0.00306	0.05806	0.56306	3.71846	18.791	77.42979
100	-6.95	0.00344	0.06435	0.61685	4.02826	20.13815	82.12153
100	-6.9	0.00386	0.07132	0.67558	4.36214	21.57106	87.04592
100	-6.85	0.00433	0.07903	0.73969	4.72177	23.09412	92.20981
100	-6.8	0.00485	0.08755	0.80964	5.10892	24.71181	97.61983
100	-6.75	0.00545	0.09698	0.88594	5.52546	26.42873	103.28229
100	-6.7	0.00611	0.10741	0.96914	5.97337	28.24955	109.20312
100	-6.65	0.00686	0.11893	1.0598	6.45471	30.17904	115.38784
100	-6.6	0.00769	0.13167	1.15858	6.97167	32.22201	121.84145
100	-6.55	0.00863	0.14575	1.26613	7.52653	34.38333	128.56838
100	-6.5	0.00968	0.16131	1.3832	8.12169	36.66787	135.57243
100	-6.45	0.01087	0.17849	1.51056	8.75963	39.08052	142.8566
100	-6.4	0.01219	0.19746	1.64905	9.44297	41.62612	150.42314
100	-6.35	0.01368	0.21841	1.79958	10.17441	44.30946	158.27334
100	-6.3	0.01535	0.24152	1.9631	10.95677	47.13524	166.40747
100	-6.25	0.01722	0.26703	2.14065	11.79296	50.10804	174.82476
100	-6.2	0.01932	0.29516	2.33332	12.686	53.23225	183.52315
100	-6.15	0.02168	0.32618	2.54229	13.63897	56.51206	192.49936
100	-6.1	0.02432	0.36038	2.76881	14.65506	59.95141	201.74864
100	-6.05	0.02729	0.39807	3.0142	15.73752	63.55391	211.26476
100	-6.	0.03062	0.43959	3.27987	16.88967	67.32284	221.03988
100	-5.95	0.03436	0.48532	3.56733	18.11487	71.26103	231.06443
100	-5.9	0.03855	0.53566	3.87814	19.41652	75.37084	241.32704
100	-5.85	0.04326	0.59106	4.21399	20.79803	79.65407	251.81443
100	-5.8	0.04853	0.652	4.57663	22.26282	84.11191	262.5113
100	-5.75	0.05446	0.71902	4.96792	23.81428	88.74486	273.40033
100	-5.7	0.0611	0.79268	5.38979	25.45573	93.55266	284.46195
100	-5.65	0.06856	0.87362	5.84429	27.19045	98.53419	295.67443
100	-5.6	0.07692	0.96251	6.33353	29.02156	103.68743	307.01374
100	-5.55	0.08631	1.06008	6.85973	30.95207	109.00932	318.4535
100	-5.5	0.09684	1.16713	7.42518	32.98479	114.49576	329.96502
100	-5.45	0.10865	1.28452	8.03225	35.1223	120.14145	341.51719
100	-5.4	0.12191	1.41318	8.68338	37.36691	125.93984	353.07659
100	-5.35	0.13678	1.55412	9.38107	39.7206	131.88305	364.60741
100	-5.3	0.15347	1.70842	10.12788	42.18499	137.9618	376.07164
100	-5.25	0.17219	1.87723	10.9264	44.76123	144.16533	387.42899
100	-5.2	0.19319	2.0618	11.77925	47.45001	150.48131	398.63707
100	-5.15	0.21676	2.26346	12.68903	50.25145	156.89583	409.65161
100	-5.1	0.24319	2.48365	13.65835	53.16502	163.3933	420.42638
100	-5.05	0.27284	2.72388	14.68977	56.18953	169.95645	430.91366
100	-5.	0.3061	2.98575	15.78577	59.32299	176.56623	441.06424
100	-4.95	0.3434	3.27099	16.94874	62.56259	183.20189	450.82777
100	-4.9	0.38524	3.5814	18.18092	65.90459	189.84094	460.15315
100	-4.85	0.43215	3.91888	19.48437	69.34429	196.45911	468.98858
100	-4.8	0.48475	4.28542	20.86093	72.8759	203.03051	477.28227
100	-4.75	0.54371	4.6831	22.31216	76.49251	209.52759	484.98245
100	-4.7	0.60979	5.11408	23.83931	80.18604	215.92124	492.03807
100	-4.65	0.68383	5.58059	25.44323	83.94712	222.181	498.39923
100	-4.6	0.76678	6.0849	27.1243	87.76511	228.27502	504.01732
100	-4.55	0.85967	6.62934	28.88243	91.62802	234.17043	508.84606
100	-4.5	0.96365	7.21623	30.71691	95.52248	239.83335	512.8414
100	-4.45	1.07999	7.8479	32.62639	99.43373	245.22923	515.96242
100	-4.4	1.21009	8.52664	34.60877	103.34562	250.32314	518.1719
100	-4.35	1.35546	9.25465	36.66116	107.24062	255.07988	519.4364
100	-4.3	1.51776	10.03401	38.77979	111.0999	259.46447	519.72714
100	-4.25	1.69882	10.86664	40.95992	114.90332	263.44249	519.02056
100	-4.2	1.90061	11.75422	43.19578	118.62957	266.98022	517.29818
100	-4.15	2.12524	12.69815	45.48055	122.25627	270.04538	514.54791
100	-4.1	2.37497	13.69946	47.80622	125.76012	272.60716	510.76347
100	-4.05	2.6522	14.75873	50.16365	129.11705	274.6369	505.94535
100	-4.	2.9594	15.87601	52.54246	132.30244	276.10845	500.10115
100	-3.95	3.29904	17.05077	54.93106	135.29133	276.99843	493.24502
100	-3.9	3.67369	18.28177	57.31667	138.0587	277.28685	485.39852
100	-3.85	4.0859	19.56701	59.68531	140.57974	276.95732	476.59023
100	-3.8	4.53815	20.90362	62.02189	142.83019	275.99763	466.85616
100	-3.75	5.03277	22.28778	64.31028	144.78659	274.39974	456.23858
100	-3.7	5.57201	23.71466	66.53345	146.42676	272.16052	444.78717
100	-3.65	6.15783	25.17828	68.67355	147.72998	269.28144	432.55711
100	-3.6	6.7916	26.67154	70.71219	148.67754	265.76933	419.61014
100	-3.55	7.47426	28.18619	72.63057	149.25298	261.63602	406.01288
100	-3.5	8.20615	29.71277	74.40978	149.44244	256.89865	391.83681
100	-3.45	8.98675	31.24069	76.03103	149.23501	251.5794	377.15705
100	-3.4	9.81477	32.7583	77.47594	148.62303	245.70557	362.05208
100	-3.35	10.6882	34.25289	78.7269	147.60238	239.30948	346.60314
100	-3.3	11.60383	35.71083	79.76733	146.17255	232.4276	330.89207
100	-3.25	12.55732	37.11774	80.5821	144.33703	225.10103	315.00227
100	-3.2	13.54287	38.45869	81.15778	142.10312	217.37414	299.01584
100	-3.15	14.55316	39.71853	81.48305	139.48222	209.29489	283.0145
100	-3.1	15.58043	40.88213	81.54889	136.48957	200.91364	267.0774
100	-3.05	16.61612	41.93446	81.34889	133.14426	192.28286	251.281
100	-3.	17.64958	42.86102	80.8795	129.46891	183.45615	235.69766
100	-2.95	18.66932	43.64821	80.14022	125.48947	174.48787	220.39561
100	-2.9	19.66291	44.28374	79.1337	121.23495	165.43252	205.4384
100	-2.85	20.61703	44.75693	77.86571	116.7367	156.34336	190.8832
100	-2.8	21.51897	45.05909	76.34521	112.02837	147.27277	176.78216
100	-2.75	22.35726	45.18337	74.58411	107.14494	138.27054	163.1802
100	-2.7	23.11939	45.12505	72.59731	102.1227	129.38437	150.11674
100	-2.65	23.79265	44.8819	70.40233	96.9981	120.65826	137.62368
100	-2.6	24.36504	44.45451	68.0192	91.8078	112.13319	125.7273
100	-2.55	24.82542	43.84637	65.46979	86.58751	103.84572	114.44668
100	-2.5	25.16608	43.06389	62.77757	81.37186	95.82843	103.79504
100	-2.45	25.38307	42.11559	59.96704	76.19397	88.10974	93.77996
100	-2.4	25.47165	41.01211	57.06331	71.08461	80.71317	84.40279
100	-2.35	25.42878	39.76642	54.09181	66.07244	73.65832	75.66048
100	-2.3	25.25398	38.39354	51.07751	61.18307	66.95996	67.54458
100	-2.25	24.94945	36.91013	48.04469	56.43948	60.62907	60.04301
100	-2.2	24.52161	35.33399	45.01629	51.86143	54.67247	53.13964
100	-2.15	23.98012	33.68302	42.0137	47.46576	49.09337	46.81525
100	-2.1	23.33401	31.975	39.05646	43.26613	43.89141	41.04766
100	-2.05	22.59406	30.22752	36.16219	39.2734	39.06326	35.81255
100	-2.	21.77213	28.45756	33.34649	35.49574	34.60298	31.08391
100	-1.95	20.88068	26.68111	30.62262	31.93848	30.50184	26.83393
100	-1.9	19.93493	24.91297	28.00183	28.60487	26.74935	23.03415
100	-1.85	18.95025	23.16562	25.49318	25.49573	23.33286	19.65509
100	-1.8	17.93723	21.45006	23.10412	22.61022	20.23848	16.66726
100	-1.75	16.90654	19.77589	20.84029	19.94551	17.45077	14.04081
100	-1.7	15.86707	18.15156	18.70596	17.49744	14.95348	11.74645
100	-1.65	14.82656	16.5844	16.70381	15.26021	12.72938	9.75515
100	-1.6	13.79392	15.08079	14.83529	13.22704	10.76086	8.03884
100	-1.55	12.77759	13.64551	13.10051	11.38992	9.02978	6.57022
100	-1.5	11.78285	12.2823	11.4986	9.74003	7.51796	5.32319
100	-1.45	10.81422	10.9942	10.02779	8.26782	6.20726	4.27301
100	-1.4	9.87556	9.78349	8.68531	6.963	5.07963	3.39622
100	-1.35	8.97037	8.65191	7.46769	5.81494	4.11755	2.671
100	-1.3	8.1026	7.60045	6.37057	4.8125	3.30386	2.07703
100	-1.25	7.27612	6.6293	5.38899	3.94447	2.62221	1.59572
100	-1.2	6.4931	5.73783	4.51735	3.19941	2.05689	1.2101
100	-1.15	5.75531	4.92493	3.74966	2.56605	1.59318	0.90493
100	-1.1	5.06358	4.18895	3.07947	2.03314	1.21726	0.66657
100	-1.05	4.41839	3.52792	2.49998	1.58976	0.91637	0.48303
100	-1.	3.82098	2.93949	2.00415	1.22534	0.67886	0.34389
100	-0.95	3.27273	2.42056	1.58466	0.92974	0.49417	0.24015
100	-0.9	2.77363	1.96758	1.23415	0.69343	0.35291	0.16422
100	-0.85	2.32302	1.57656	0.94527	0.50752	0.24679	0.10973
100	-0.8	1.92002	1.24325	0.71079	0.36379	0.16864	0.07149
100	-0.75	1.56323	0.96317	0.52367	0.25483	0.11233	0.0453
100	-0.7	1.25147	0.73161	0.37711	0.17398	0.07273	0.02782
100	-0.65	0.98364	0.54352	0.26471	0.11542	0.04562	0.01651
100	-0.6	0.75698	0.39371	0.18051	0.07414	0.02762	0.00942
100	-0.55	0.56853	0.27706	0.11912	0.04593	0.01607	0.00515
100	-0.5	0.41504	0.18858	0.07573	0.0273	0.00893	0.00268
100	-0.45	0.29286	0.12352	0.04614	0.01548	0.00471	0.00131
100	-0.4	0.19853	0.07744	0.02677	0.00831	0.00234	0.0006
100	-0.35	0.12874	0.04616	0.01467	0.00418	0.00108	0.00025
100	-0.3	0.07925	0.02591	0.00751	0.00195	0.00045	0.0001
100	-0.25	0.04576	0.01351	0.00353	0.00082	0.00017	0.00003
100	-0.2	0.02437	0.00645	0.0015	0.0003	0.00005	0.00000
100	-0.15	0.01186	0.00276	0.00054	0.00009	0.00001	0.00000
100	-0.1	0.00522	0.00099	0.00015	0.00002	0.00000	0.00000
100	-0.05	0.00195	0.00024	0.00002	0.00000	0.00000	0.00000
100	0.00	0.00008	0.00000	0.00000	0.00000	0.00000	0.00000
500	-8.9	0.00029	0.00701	0.08724	0.73566	4.72435	24.63127
500	-8.85	0.00032	0.00779	0.09608	0.80308	5.11308	26.43573
500	-8.8	0.00036	0.00866	0.1058	0.87645	5.53205	28.36173
500	-8.75	0.0004	0.00962	0.11648	0.95629	5.98344	30.41645
500	-8.7	0.00045	0.01069	0.12822	1.04314	6.46957	32.60737
500	-8.65	0.00051	0.01187	0.14112	1.13758	6.99289	34.94235
500	-8.6	0.00057	0.01319	0.15528	1.24025	7.55601	37.42954
500	-8.55	0.00064	0.01465	0.17084	1.35182	8.1617	40.07745
500	-8.5	0.00072	0.01628	0.18791	1.47302	8.81288	42.89493
500	-8.45	0.00081	0.01808	0.20665	1.60464	9.51266	45.89118
500	-8.4	0.0009	0.02007	0.22722	1.74753	10.26431	49.07573
500	-8.35	0.00102	0.02229	0.24978	1.90259	11.07132	52.45846
500	-8.3	0.00114	0.02475	0.27453	2.0708	11.93733	56.04956
500	-8.25	0.00128	0.02747	0.30166	2.25321	12.86621	59.85956
500	-8.2	0.00143	0.0305	0.33141	2.45094	13.86203	63.89931
500	-8.15	0.00161	0.03385	0.36401	2.6652	14.92906	68.17996
500	-8.1	0.00181	0.03756	0.39972	2.89726	16.07181	72.71293
500	-8.05	0.00203	0.04168	0.43884	3.14851	17.29498	77.50994
500	-8.	0.00227	0.04624	0.48167	3.42043	18.60354	82.58291
500	-7.95	0.00255	0.05129	0.52856	3.71457	20.00265	87.94402
500	-7.9	0.00286	0.05689	0.57987	4.03263	21.49773	93.60561
500	-7.85	0.00321	0.0631	0.63601	4.37639	23.09443	99.58019
500	-7.8	0.0036	0.06997	0.69739	4.74776	24.79864	105.88037
500	-7.75	0.00404	0.07757	0.76451	5.14877	26.61648	112.51885
500	-7.7	0.00454	0.08599	0.83786	5.58157	28.55431	119.50832
500	-7.65	0.00509	0.09531	0.918	6.04846	30.61873	126.86145
500	-7.6	0.00571	0.10563	1.00553	6.55185	32.81655	134.59081
500	-7.55	0.00641	0.11704	1.10108	7.09434	35.15482	142.70882
500	-7.5	0.00719	0.12967	1.20537	7.67863	37.64079	151.22764
500	-7.45	0.00806	0.14363	1.31913	8.30761	40.28191	160.15911
500	-7.4	0.00905	0.15908	1.4432	8.98432	43.08582	169.5147
500	-7.35	0.01015	0.17615	1.57844	9.71196	46.06032	179.30535
500	-7.3	0.01139	0.19502	1.7258	10.4939	49.21336	189.54143
500	-7.25	0.01278	0.21587	1.8863	11.33368	52.55304	200.23259
500	-7.2	0.01434	0.23891	2.06104	12.23502	56.08751	211.38765
500	-7.15	0.01609	0.26436	2.25119	13.20182	59.82503	223.01455
500	-7.1	0.01806	0.29246	2.458	14.23813	63.77387	235.12009
500	-7.05	0.02026	0.32348	2.68285	15.3482	67.9423	247.70995
500	-7.	0.02273	0.35771	2.92718	16.53647	72.33853	260.78841
500	-6.95	0.0255	0.39549	3.19254	17.80751	76.97067	274.35831
500	-6.9	0.02862	0.43715	3.4806	19.16609	81.84667	288.42085
500	-6.85	0.03211	0.4831	3.79312	20.61714	86.97429	302.97543
500	-6.8	0.03602	0.53375	4.132	22.16572	92.36098	318.01954
500	-6.75	0.04042	0.58958	4.49925	23.81706	98.01385	333.54853
500	-6.7	0.04535	0.65107	4.897	25.57649	103.93958	349.55549
500	-6.65	0.05089	0.7188	5.32753	27.44949	110.14435	366.03112
500	-6.6	0.05709	0.79336	5.79325	29.4416	116.63374	382.96349
500	-6.55	0.06406	0.87541	6.29669	31.55845	123.41262	400.3379
500	-6.5	0.07188	0.96568	6.84055	33.80572	130.4851	418.13683
500	-6.45	0.08064	1.06494	7.42766	36.18909	137.85436	436.33959
500	-6.4	0.09048	1.17405	8.061	38.71423	145.52262	454.92241
500	-6.35	0.10152	1.29393	8.7437	41.38676	153.49094	473.8581
500	-6.3	0.11391	1.42558	9.47902	44.21221	161.75916	493.11605
500	-6.25	0.1278	1.5701	10.27037	47.19595	170.32575	512.66216
500	-6.2	0.14339	1.72866	11.12133	50.34315	179.18771	532.45859
500	-6.15	0.16088	1.90255	12.03557	53.65874	188.34043	552.46391
500	-6.1	0.1805	2.09313	13.0169	57.14732	197.77753	572.63285
500	-6.05	0.20251	2.3019	14.06927	60.81311	207.4908	592.91641
500	-6.	0.22719	2.53046	15.1967	64.65986	217.47003	613.26194
500	-5.95	0.25489	2.78053	16.4033	68.69079	227.70289	633.6129
500	-5.9	0.28595	3.05395	17.69327	72.90848	238.17483	653.90934
500	-5.85	0.32079	3.35272	19.07083	77.31481	248.86896	674.08761
500	-5.8	0.35987	3.67894	20.54022	81.91084	259.76596	694.08081
500	-5.75	0.40368	4.03488	22.10566	86.69671	270.844	713.81896
500	-5.7	0.45281	4.42293	23.77134	91.67156	282.07863	733.22899
500	-5.65	0.50789	4.84564	25.54132	96.83341	293.44277	752.2353
500	-5.6	0.56963	5.3057	27.41954	102.17904	304.90666	770.76013
500	-5.55	0.63882	5.80596	29.40972	107.70391	316.43779	788.72354
500	-5.5	0.71635	6.3494	31.51535	113.40202	328.00104	806.04443
500	-5.45	0.80321	6.93913	33.73958	119.26582	339.55855	822.64043
500	-5.4	0.90048	7.57839	36.08518	125.28612	351.06993	838.42886
500	-5.35	1.00939	8.27055	38.55443	131.45196	362.49228	853.32704
500	-5.3	1.13127	9.01905	41.14906	137.75056	373.78037	867.2532
500	-5.25	1.26762	9.82745	43.87017	144.16721	384.88678	880.12661
500	-5.2	1.42008	10.6993	46.71809	150.68521	395.7621	891.86869
500	-5.15	1.59044	11.63823	49.69235	157.28584	406.3553	902.40382
500	-5.1	1.78071	12.64779	52.7915	163.94831	416.61382	911.65934
500	-5.05	1.99304	13.7315	56.01307	170.64977	426.48413	919.56734
500	-5.	2.22974	14.89274	59.35342	177.36528	435.91191	926.06429
500	-4.95	2.49339	16.13471	62.80767	184.0679	444.84256	931.09253
500	-4.9	2.78672	17.46037	66.36957	190.72876	453.22175	934.60105
500	-4.85	3.11267	18.87231	70.03143	197.31714	460.99563	936.54519
500	-4.8	3.47437	20.37274	73.78403	203.80063	468.1117	936.88877
500	-4.75	3.8751	21.96332	77.61652	210.1453	474.51901	935.60317
500	-4.7	4.31832	23.6451	81.5164	216.3159	480.16891	932.66885
500	-4.65	4.8076	25.4184	85.46946	222.27619	485.01574	928.07594
500	-4.6	5.34652	27.28268	89.45977	227.9891	489.01695	921.82329
500	-4.55	5.93874	29.23648	93.46966	233.41722	492.1343	913.92072
500	-4.5	6.58793	31.27723	97.47983	238.52301	494.33376	904.3872
500	-4.45	7.29748	33.40119	101.46933	243.26932	495.58646	893.25222
500	-4.4	8.07057	35.60335	105.41575	247.61977	495.86924	880.55587
500	-4.35	8.91019	37.87733	109.29528	251.53916	495.16457	866.3472
500	-4.3	9.81899	40.21527	113.08295	254.99397	493.46143	850.68537
500	-4.25	10.79889	42.60776	116.75287	257.9529	490.75564	833.63926
500	-4.2	11.85099	45.04387	120.2784	260.38715	487.04946	815.28522
500	-4.15	12.97571	47.51116	123.63254	262.27111	482.35274	795.70904
500	-4.1	14.1727	49.99561	126.78821	263.58258	476.68191	775.0025
500	-4.05	15.44012	52.48175	129.71863	264.30333	470.0607	753.26433
500	-4.	16.77512	54.9528	132.39769	264.41947	462.51997	730.59934
500	-3.95	18.17419	57.39067	134.80034	263.92158	454.09677	707.11564
500	-3.9	19.63169	59.77616	136.90307	262.80518	444.8348	682.92554
500	-3.85	21.14032	62.08931	138.68427	261.07078	434.78349	658.14325
500	-3.8	22.69111	64.30965	140.12468	258.7241	423.99798	632.88509
500	-3.75	24.27334	66.41666	141.20771	255.77579	412.53751	607.26596
500	-3.7	25.87577	68.39001	141.91978	252.24185	400.4662	581.40155
500	-3.65	27.48644	70.20968	142.2506	248.14288	387.85067	555.40379
500	-3.6	29.09065	71.85643	142.19347	243.50445	374.76087	529.38317
500	-3.55	30.67283	73.31243	141.74547	238.3563	361.26809	503.4454
500	-3.5	32.21689	74.56156	140.9075	232.7322	347.44481	477.69189
500	-3.45	33.70612	75.58969	139.68431	226.66926	333.36334	452.21796
500	-3.4	35.12483	76.3851	138.08445	220.20762	319.09561	427.11333
500	-3.35	36.45842	76.93823	136.1202	213.39001	304.71253	402.46174
500	-3.3	37.69064	77.24216	133.80729	206.26056	290.28215	378.33847
500	-3.25	38.8059	77.29308	131.16493	198.86502	275.87084	354.81326
500	-3.2	39.78986	77.09038	128.21504	191.24924	261.54076	331.94675
500	-3.15	40.62906	76.63684	124.98218	183.45939	247.35127	309.79352
500	-3.1	41.31445	75.93852	121.49279	175.5408	233.3572	288.39987
500	-3.05	41.84129	75.00377	117.7748	167.53781	219.6093	267.80514
500	-3.	42.20328	73.84338	113.85718	159.49296	206.15344	248.04094
500	-2.95	42.39695	72.47068	109.76956	151.44697	193.03109	229.13238
500	-2.9	42.42113	70.9013	105.54176	143.43838	180.27936	211.09845
500	-2.85	42.27708	69.1527	101.20296	135.50274	167.92992	193.95066
500	-2.8	41.97215	67.24377	96.78172	127.67335	156.01078	177.69597
500	-2.75	41.51746	65.19307	92.30516	119.98018	144.5446	162.33455
500	-2.7	40.9205	63.01932	87.79946	112.45085	133.55061	147.86267
500	-2.65	40.1904	60.74142	83.28909	105.10955	123.04312	134.27076
500	-2.6	39.33798	58.37826	78.79714	97.97812	113.03333	121.54605
500	-2.55	38.37489	55.94816	74.34467	91.07512	103.52811	109.671
500	-2.5	37.31512	53.46869	69.95102	84.41662	94.53115	98.62496
500	-2.45	36.17345	50.95591	65.63381	78.01625	86.04323	88.38456
500	-2.4	34.96029	48.42465	61.40879	71.88478	78.06152	78.92294
500	-2.35	33.68619	45.88913	57.29034	66.03103	70.58113	70.2118
500	-2.3	32.36134	43.36259	53.29091	60.46113	63.59404	62.22007
500	-2.25	30.99565	40.85759	49.42155	55.17944	57.09049	54.91576
500	-2.2	29.60013	38.3856	45.69155	50.18811	51.05839	48.26523
500	-2.15	28.18621	35.95671	42.10872	45.48755	45.48398	42.23407
500	-2.1	26.762	33.57973	38.6794	41.07629	40.35175	36.78703
500	-2.05	25.3344	31.26276	35.40871	36.95138	35.64494	31.88863
500	-2.	23.91035	29.01328	32.30052	33.10852	31.34576	27.50349
500	-1.95	22.49687	26.8378	29.35727	29.54179	27.43514	23.596
500	-1.9	21.10138	24.74206	26.58039	26.24436	23.89363	20.13137
500	-1.85	19.73091	22.73049	23.96999	23.20808	20.70084	17.07504
500	-1.8	18.39075	20.8067	21.52544	20.42415	17.83633	14.39362
500	-1.75	17.08507	18.97342	19.24501	17.88268	15.27911	12.0544
500	-1.7	15.81741	17.23291	17.12635	15.57335	13.00842	10.02607
500	-1.65	14.59081	15.58676	15.16616	13.485	11.0033	8.27841
500	-1.6	13.40918	14.03608	13.36056	11.6062	9.24326	6.7828
500	-1.55	12.27623	12.58098	11.7049	9.925	7.70799	5.51196
500	-1.5	11.19343	11.221	10.19406	8.42926	6.37771	4.44032
500	-1.45	10.16214	9.95533	8.82248	7.1067	5.23331	3.544
500	-1.4	9.18342	8.78266	7.58408	5.94487	4.25623	2.80071
500	-1.35	8.25806	7.7014	6.47252	4.93141	3.42883	2.19005
500	-1.3	7.38712	6.70945	5.48099	4.05399	2.73426	1.69326
500	-1.25	6.57136	5.80428	4.60253	3.30052	2.15667	1.29339
500	-1.2	5.80999	4.98297	3.82991	2.65913	1.68118	0.97515
500	-1.15	5.10264	4.2425	3.15582	2.11833	1.29401	0.725
500	-1.1	4.4486	3.57951	2.57276	1.667	0.98243	0.53093
500	-1.05	3.84681	2.99047	2.07322	1.29452	0.73488	0.38251
500	-1.	3.29703	2.47167	1.64965	0.99085	0.54093	0.27075
500	-0.95	2.79911	2.01885	1.2945	0.74653	0.39124	0.188
500	-0.9	2.35123	1.62757	1.00042	0.55284	0.27761	0.12784
500	-0.85	1.9517	1.2932	0.76025	0.40172	0.19291	0.08497
500	-0.8	1.59853	1.01104	0.56709	0.28589	0.131	0.05508
500	-0.75	1.28937	0.77633	0.41441	0.19883	0.08675	0.03474
500	-0.7	1.0222	0.5843	0.29599	0.13481	0.05586	0.02125
500	-0.65	0.79519	0.43002	0.20608	0.08884	0.03487	0.01258
500	-0.6	0.60544	0.30854	0.13941	0.05673	0.02103	0.00717
500	-0.55	0.44971	0.21507	0.09131	0.03496	0.0122	0.00392
500	-0.5	0.32462	0.14503	0.05766	0.0207	0.00678	0.00204
500	-0.45	0.22648	0.09417	0.03494	0.01172	0.00358	0.001
500	-0.4	0.15181	0.05858	0.02021	0.0063	0.00179	0.00046
500	-0.35	0.09738	0.03472	0.01107	0.00319	0.00083	0.0002
500	-0.3	0.05939	0.01946	0.0057	0.0015	0.00036	0.00008
500	-0.25	0.03411	0.0102	0.00272	0.00064	0.00014	0.00003
500	-0.2	0.01824	0.00495	0.00117	0.00024	0.00004	0.00000
500	-0.15	0.00907	0.00218	0.00044	0.00007	0.00001	0.00000
500	-0.1	0.00415	0.00081	0.00013	0.00002	0.00000	0.00000
500	-0.05	0.00163	0.0002	0.00002	0.00000	0.00000	0.00000
500	0.00	0.00007	0.00000	0.00000	0.00000	0.00000	0.00000
1000	-8.9	0.00066	0.01535	0.18089	1.44825	8.85435	44.06113
1000	-8.85	0.00075	0.01705	0.19901	1.57864	9.5654	47.18831
1000	-8.8	0.00084	0.01894	0.21891	1.72031	10.33	50.51683
1000	-8.75	0.00094	0.02103	0.24075	1.87417	11.15183	54.0577
1000	-8.7	0.00105	0.02336	0.26472	2.04121	12.03477	57.82239
1000	-8.65	0.00118	0.02593	0.29101	2.22251	12.98293	61.82276
1000	-8.6	0.00133	0.02879	0.31985	2.41921	14.00064	66.0711
1000	-8.55	0.00149	0.03196	0.35147	2.63253	15.09248	70.58011
1000	-8.5	0.00167	0.03548	0.38614	2.86379	16.26327	75.36287
1000	-8.45	0.00187	0.03938	0.42414	3.11442	17.51809	80.43288
1000	-8.4	0.0021	0.0437	0.46577	3.38591	18.86229	85.80397
1000	-8.35	0.00236	0.04849	0.51136	3.67988	20.30147	91.49036
1000	-8.3	0.00264	0.0538	0.56129	3.99808	21.84152	97.50657
1000	-8.25	0.00297	0.05968	0.61595	4.34234	23.48861	103.86743
1000	-8.2	0.00333	0.06619	0.67577	4.71464	25.24918	110.58802
1000	-8.15	0.00374	0.07341	0.74122	5.1171	27.12998	117.68366
1000	-8.1	0.00419	0.0814	0.8128	5.55194	29.13803	125.16986
1000	-8.05	0.0047	0.09025	0.89105	6.02156	31.28067	133.06225
1000	-8.	0.00528	0.10005	0.97659	6.5285	33.56549	141.37654
1000	-7.95	0.00592	0.11089	1.07004	7.07546	36.00042	150.12846
1000	-7.9	0.00664	0.12289	1.17212	7.66531	38.59362	159.33369
1000	-7.85	0.00745	0.13617	1.28356	8.30108	41.35356	169.00778
1000	-7.8	0.00836	0.15086	1.4052	8.98598	44.28897	179.16609
1000	-7.75	0.00938	0.16711	1.53791	9.72342	47.40885	189.82366
1000	-7.7	0.01053	0.18508	1.68264	10.51699	50.72241	200.99514
1000	-7.65	0.01181	0.20494	1.84042	11.37048	54.23911	212.69467
1000	-7.6	0.01326	0.22689	2.01235	12.28787	57.9686	224.9358
1000	-7.55	0.01487	0.25115	2.19963	13.27337	61.92071	237.73132
1000	-7.5	0.01669	0.27795	2.40354	14.33138	66.10542	251.09316
1000	-7.45	0.01873	0.30756	2.62546	15.46652	70.53281	265.03224
1000	-7.4	0.02101	0.34025	2.86685	16.68363	75.21305	279.55834
1000	-7.35	0.02357	0.37634	3.12932	17.98775	80.15633	294.67991
1000	-7.3	0.02645	0.41617	3.41456	19.38414	85.37283	310.40396
1000	-7.25	0.02968	0.46011	3.72439	20.8783	90.87263	326.73583
1000	-7.2	0.0333	0.50859	4.06075	22.47589	96.66571	343.67909
1000	-7.15	0.03736	0.56204	4.42573	24.18282	102.76184	361.23529
1000	-7.1	0.04192	0.62097	4.82155	26.00514	109.1705	379.4038
1000	-7.05	0.04703	0.68591	5.25056	27.94914	115.90082	398.18165
1000	-7.	0.05277	0.75745	5.71528	30.02123	122.96151	417.56326
1000	-6.95	0.05921	0.83624	6.21837	32.22799	130.36072	437.54032
1000	-6.9	0.06643	0.92298	6.76266	34.57615	138.10598	458.1016
1000	-6.85	0.07454	1.01844	7.35115	37.07251	146.20408	479.23267
1000	-6.8	0.08363	1.12345	7.98701	39.72398	154.66095	500.91582
1000	-6.75	0.09383	1.23892	8.67356	42.5375	163.48154	523.12978
1000	-6.7	0.10528	1.36585	9.41433	45.52002	172.66971	545.84959
1000	-6.65	0.11812	1.50531	10.21299	48.67846	182.22808	569.04649
1000	-6.6	0.13253	1.65847	11.07343	52.01966	192.15791	592.68762
1000	-6.55	0.14869	1.8266	11.99966	55.55033	202.45892	616.736
1000	-6.5	0.16683	2.01106	12.99591	59.27698	213.1292	641.15046
1000	-6.45	0.18717	2.21335	14.06656	63.20588	224.16502	665.88531
1000	-6.4	0.20999	2.43506	15.21612	67.34295	235.56071	690.89058
1000	-6.35	0.23559	2.67793	16.44928	71.69372	247.30845	716.11168
1000	-6.3	0.2643	2.94383	17.77084	76.26323	259.3982	741.48956
1000	-6.25	0.29651	3.23475	19.18574	81.05595	271.81752	766.96079
1000	-6.2	0.33263	3.55285	20.69898	86.07566	284.5514	792.45733
1000	-6.15	0.37314	3.90043	22.31565	91.32537	297.58218	817.90702
1000	-6.1	0.41857	4.27997	24.04086	96.8072	310.88937	843.23334
1000	-6.05	0.4695	4.69408	25.87975	102.52229	324.44958	868.35587
1000	-6.	0.52659	5.14556	27.83739	108.47064	338.23643	893.19053
1000	-5.95	0.59059	5.63739	29.91878	114.65103	352.2204	917.64953
1000	-5.9	0.66232	6.17271	32.12879	121.06087	366.36887	941.64231
1000	-5.85	0.74269	6.75483	34.47207	127.69607	380.64598	965.07527
1000	-5.8	0.83272	7.38723	36.95304	134.55093	395.01269	987.85266
1000	-5.75	0.93354	8.07355	39.57576	141.61804	409.42682	1009.87719
1000	-5.7	1.04642	8.81759	42.34388	148.88807	423.843	1031.05
1000	-5.65	1.17276	9.62328	45.26056	156.34976	438.21284	1051.27184
1000	-5.6	1.3141	10.49469	48.32835	163.98973	452.4851	1070.44374
1000	-5.55	1.47216	11.43596	51.54911	171.79244	466.60567	1088.46703
1000	-5.5	1.64878	12.45133	54.92392	179.74007	480.51807	1105.24518
1000	-5.45	1.84605	13.54504	58.45291	187.81244	494.1634	1120.68341
1000	-5.4	2.06624	14.72136	62.13521	195.98702	507.48085	1134.69041
1000	-5.35	2.31179	15.98448	65.9688	204.23883	520.40797	1147.17864
1000	-5.3	2.58536	17.33848	69.95038	212.5405	532.88115	1158.06575
1000	-5.25	2.88986	18.78727	74.07529	220.86227	544.83586	1167.27444
1000	-5.2	3.22844	20.33447	78.33735	229.17204	556.20732	1174.73416
1000	-5.15	3.60445	21.98338	82.72877	237.4355	566.93108	1180.382
1000	-5.1	4.02145	23.73685	87.24005	245.61622	576.94322	1184.16228
1000	-5.05	4.48316	25.59716	91.8599	253.6759	586.18148	1186.02908
1000	-5.	4.99346	27.56596	96.57516	261.57448	594.58533	1185.94504
1000	-4.95	5.55639	29.64414	101.37071	269.27049	602.09693	1183.88322
1000	-4.9	6.17616	31.83167	106.2295	276.72133	608.66187	1179.82773
1000	-4.85	6.85703	34.12747	111.1325	283.88353	614.2293	1173.77257
1000	-4.8	7.6031	36.52932	116.05873	290.71331	618.7533	1165.72434
1000	-4.75	8.41826	39.03373	120.98537	297.16679	622.1927	1155.69998
1000	-4.7	9.30627	41.63584	125.88777	303.2006	624.51224	1143.72848
1000	-4.65	10.27062	44.32932	130.73966	308.77231	625.68308	1129.85097
1000	-4.6	11.31447	47.10622	135.51328	313.84085	625.68267	1114.11859
1000	-4.55	12.44047	49.9569	140.1796	318.36723	624.49616	1096.59508
1000	-4.5	13.65045	52.87001	144.70862	322.31479	622.11568	1077.35338
1000	-4.45	14.94529	55.83242	149.06964	325.64992	618.54129	1056.477
1000	-4.4	16.3248	58.82931	153.23165	328.34255	613.78124	1034.05954
1000	-4.35	17.78737	61.84425	157.16361	330.3664	607.8512	1010.20168
1000	-4.3	19.3305	64.85934	160.83496	331.69964	600.775	985.01242
1000	-4.25	20.95097	67.85513	164.21592	332.32532	592.58453	958.60811
1000	-4.2	22.64328	70.81082	167.27802	332.23135	583.31849	931.10889
1000	-4.15	24.40017	73.70464	169.99455	331.41124	573.02353	902.64133
1000	-4.1	26.21275	76.51413	172.34091	329.86382	561.75223	873.33344
1000	-4.05	28.07052	79.21643	174.29512	327.5936	549.56358	843.31606
1000	-4.	29.96201	81.78861	175.83814	324.61092	536.52244	812.72172
1000	-3.95	31.87485	84.2078	176.95418	320.93139	522.69768	781.68105
1000	-3.9	33.79462	86.45162	177.63113	316.57623	508.16269	750.32434
1000	-3.85	35.70508	88.4987	177.86078	311.57167	492.99375	718.77889
1000	-3.8	37.58835	90.32921	177.63907	305.94896	477.27004	687.1696
1000	-3.75	39.42552	91.92543	176.96598	299.74331	461.07128	655.61511
1000	-3.7	41.19942	93.27204	175.84571	292.99425	444.47899	624.23103
1000	-3.65	42.89409	94.35577	174.28635	285.74418	427.57341	593.12493
1000	-3.6	44.4912	95.16597	172.30014	278.0387	410.43484	562.39978
1000	-3.55	45.97359	95.69509	169.90297	269.92529	393.14139	532.15047
1000	-3.5	47.32501	95.93878	167.11427	261.4531	375.76915	502.46507
1000	-3.45	48.52962	95.89605	163.95642	252.67191	358.3909	473.42325
1000	-3.4	49.57565	95.56944	160.45448	243.63198	341.0763	445.09743
1000	-3.35	50.45561	94.964	156.63574	234.38352	323.89167	417.55288
1000	-3.3	51.1607	94.08745	152.52907	224.97543	306.8981	390.84531
1000	-3.25	51.68467	92.95037	148.16492	215.45595	290.15348	365.02461
1000	-3.2	52.02301	91.56591	143.57431	205.87103	273.70989	340.13119
1000	-3.15	52.17331	89.9498	138.78879	196.26509	257.61575	316.19969
1000	-3.1	52.13938	88.1197	133.83951	186.67996	241.91413	293.25675
1000	-3.05	51.93003	86.09374	128.7571	177.15514	226.64364	271.32257
1000	-3.	51.55189	83.89032	123.57131	167.72723	211.83778	250.41028
1000	-2.95	51.01248	81.52844	118.31105	158.43032	197.52574	230.5273
1000	-2.9	50.32026	79.0275	113.00417	149.29587	183.73255	211.67582
1000	-2.85	49.485	76.40693	107.67683	140.35195	170.47803	193.85135
1000	-2.8	48.51968	73.68603	102.35397	131.62445	157.77881	177.04584
1000	-2.75	47.43792	70.88282	97.05862	123.13582	145.64653	161.24531
1000	-2.7	46.25033	68.01479	91.81261	114.90637	134.08999	146.43284
1000	-2.65	44.96816	65.0987	86.63588	106.95315	123.11346	132.58655
1000	-2.6	43.60196	62.15082	81.54708	99.29108	112.71868	119.6823
1000	-2.55	42.1613	59.18679	76.5629	91.93206	102.90352	107.69198
1000	-2.5	40.65845	56.22171	71.69844	84.88573	93.66324	96.58532
1000	-2.45	39.10709	53.2692	66.96716	78.15957	84.99067	86.33012
1000	-2.4	37.51624	50.3416	62.38073	71.75839	76.87557	76.89155
1000	-2.35	35.89503	47.45076	57.94958	65.68541	69.30615	68.23407
1000	-2.3	34.25229	44.60756	53.68227	59.94134	62.268	60.32018
1000	-2.25	32.59687	41.82221	49.5861	54.52548	55.74548	53.11215
1000	-2.2	30.93881	39.10383	45.6667	49.43515	49.72114	46.57132
1000	-2.15	29.28786	36.46012	41.92839	44.66626	44.17634	40.65889
1000	-2.1	27.65045	33.89768	38.37413	40.21313	39.09114	35.33582
1000	-2.05	26.03268	31.42245	35.00577	36.06891	34.44487	30.56345
1000	-2.	24.44045	29.03967	31.82411	32.22567	30.21625	26.3037
1000	-1.95	22.87934	26.75365	28.82863	28.67418	26.38314	22.51878
1000	-1.9	21.3554	24.56803	26.01801	25.40463	22.92342	19.17214
1000	-1.85	19.87441	22.48517	23.38976	22.40615	19.81445	16.22787
1000	-1.8	18.43995	20.50673	20.94085	19.6675	17.03384	13.65155
1000	-1.75	17.05491	18.63365	18.66729	17.17666	14.55904	11.4098
1000	-1.7	15.72223	16.8664	16.56467	14.92141	12.36797	9.47088
1000	-1.65	14.4439	15.20472	14.62779	12.88897	10.4387	7.80439
1000	-1.6	13.2219	13.64806	12.8511	11.06656	8.74997	6.38171
1000	-1.55	12.05863	12.19505	11.22843	9.44107	7.28091	5.17574
1000	-1.5	10.95495	10.84383	9.75334	7.9994	6.01142	4.16122
1000	-1.45	9.9111	9.59218	8.41914	6.72855	4.92218	3.31467
1000	-1.4	8.92641	8.43758	7.21878	5.61546	3.99462	2.6143
1000	-1.35	8.00006	7.37748	6.14511	4.64737	3.21118	2.04025
1000	-1.3	7.13233	6.40907	5.19063	3.81162	2.55519	1.57432
1000	-1.25	6.32388	5.52908	4.34778	3.09596	2.01107	1.20017
1000	-1.2	5.57366	4.73381	3.60881	2.48846	1.56428	0.9031
1000	-1.15	4.88046	4.01946	2.96607	1.97766	1.20142	0.67013
1000	-1.1	4.2426	3.38206	2.41183	1.55257	0.91016	0.48982
1000	-1.05	3.65807	2.81763	1.93843	1.20275	0.67937	0.35224
1000	-1.	3.12589	2.32217	1.53828	0.91838	0.49901	0.24889
1000	-0.95	2.64571	1.89121	1.20383	0.69027	0.36018	0.17254
1000	-0.9	2.21546	1.52008	0.92781	0.50996	0.25508	0.11715
1000	-0.85	1.83295	1.20407	0.70314	0.3697	0.17692	0.07777
1000	-0.8	1.49605	0.93841	0.52307	0.26252	0.11995	0.05036
1000	-0.75	1.20239	0.7183	0.38122	0.1822	0.07932	0.03174
1000	-0.7	0.94983	0.53894	0.27159	0.12331	0.05102	0.01942
1000	-0.65	0.73623	0.3954	0.18864	0.08114	0.03183	0.01149
1000	-0.6	0.55844	0.28285	0.12735	0.05175	0.0192	0.00656
1000	-0.55	0.41331	0.19661	0.08326	0.03188	0.01115	0.00359
1000	-0.5	0.29728	0.13224	0.05252	0.01889	0.00621	0.00188
1000	-0.45	0.20663	0.08568	0.03182	0.01071	0.00329	0.00093
1000	-0.4	0.13805	0.05325	0.01843	0.00578	0.00165	0.00043
1000	-0.35	0.08836	0.03158	0.01013	0.00294	0.00077	0.00018
1000	-0.3	0.05382	0.01775	0.00524	0.00139	0.00033	0.00007
1000	-0.25	0.03098	0.00937	0.00252	0.0006	0.00013	0.00002
1000	-0.2	0.01671	0.0046	0.0011	0.00023	0.00004	0.00000
1000	-0.15	0.00843	0.00205	0.00042	0.00007	0.00001	0.00000
1000	-0.1	0.00393	0.00078	0.00012	0.00002	0.00000	0.00000
1000	-0.05	0.00156	0.00019	0.00002	0.00000	0.00000	0.00000
1000	0.00	0.00006	0.00000	0.00000	0.00000	0.00000	0.00000
2000	-8.9	0.00066	0.01535	0.18089	1.44825	8.85435	44.06113
2000	-8.85	0.00075	0.01705	0.19901	1.57864	9.5654	47.18831
2000	-8.8	0.00084	0.01894	0.21891	1.72031	10.33	50.51683
2000	-8.75	0.00094	0.02103	0.24075	1.87417	11.15183	54.0577
2000	-8.7	0.00105	0.02336	0.26472	2.04121	12.03477	57.82239
2000	-8.65	0.00118	0.02593	0.29101	2.22251	12.98293	61.82276
2000	-8.6	0.00133	0.02879	0.31985	2.41921	14.00064	66.0711
2000	-8.55	0.00149	0.03196	0.35147	2.63253	15.09248	70.58011
2000	-8.5	0.00167	0.03548	0.38614	2.86379	16.26327	75.36287
2000	-8.45	0.00187	0.03938	0.42414	3.11442	17.51809	80.43288
2000	-8.4	0.0021	0.0437	0.46577	3.38591	18.86229	85.80397
2000	-8.35	0.00236	0.04849	0.51136	3.67988	20.30147	91.49036
2000	-8.3	0.00264	0.0538	0.56129	3.99808	21.84152	97.50657
2000	-8.25	0.00297	0.05968	0.61595	4.34234	23.48861	103.86743
2000	-8.2	0.00333	0.06619	0.67577	4.71464	25.24918	110.58802
2000	-8.15	0.00374	0.07341	0.74122	5.1171	27.12998	117.68366
2000	-8.1	0.00419	0.0814	0.8128	5.55194	29.13803	125.16986
2000	-8.05	0.0047	0.09025	0.89105	6.02156	31.28067	133.06225
2000	-8.	0.00528	0.10005	0.97659	6.5285	33.56549	141.37654
2000	-7.95	0.00592	0.11089	1.07004	7.07546	36.00042	150.12846
2000	-7.9	0.00664	0.12289	1.17212	7.66531	38.59362	159.33369
2000	-7.85	0.00745	0.13617	1.28356	8.30108	41.35356	169.00778
2000	-7.8	0.00836	0.15086	1.4052	8.98598	44.28897	179.16609
2000	-7.75	0.00938	0.16711	1.53791	9.72342	47.40885	189.82366
2000	-7.7	0.01053	0.18508	1.68264	10.51699	50.72241	200.99514
2000	-7.65	0.01181	0.20494	1.84042	11.37048	54.23911	212.69467
2000	-7.6	0.01326	0.22689	2.01235	12.28787	57.9686	224.9358
2000	-7.55	0.01487	0.25115	2.19963	13.27337	61.92071	237.73132
2000	-7.5	0.01669	0.27795	2.40354	14.33138	66.10542	251.09316
2000	-7.45	0.01873	0.30756	2.62546	15.46652	70.53281	265.03224
2000	-7.4	0.02101	0.34025	2.86685	16.68363	75.21305	279.55834
2000	-7.35	0.02357	0.37634	3.12932	17.98775	80.15633	294.67991
2000	-7.3	0.02645	0.41617	3.41456	19.38414	85.37283	310.40396
2000	-7.25	0.02968	0.46011	3.72439	20.8783	90.87263	326.73583
2000	-7.2	0.0333	0.50859	4.06075	22.47589	96.66571	343.67909
2000	-7.15	0.03736	0.56204	4.42573	24.18282	102.76184	361.23529
2000	-7.1	0.04192	0.62097	4.82155	26.00514	109.1705	379.4038
2000	-7.05	0.04703	0.68591	5.25056	27.94914	115.90082	398.18165
2000	-7.	0.05277	0.75745	5.71528	30.02123	122.96151	417.56326
2000	-6.95	0.05921	0.83624	6.21837	32.22799	130.36072	437.54032
2000	-6.9	0.06643	0.92298	6.76266	34.57615	138.10598	458.1016
2000	-6.85	0.07454	1.01844	7.35115	37.07251	146.20408	479.23267
2000	-6.8	0.08363	1.12345	7.98701	39.72398	154.66095	500.91582
2000	-6.75	0.09383	1.23892	8.67356	42.5375	163.48154	523.12978
2000	-6.7	0.10528	1.36585	9.41433	45.52002	172.66971	545.84959
2000	-6.65	0.11812	1.50531	10.21299	48.67846	182.22808	569.04649
2000	-6.6	0.13253	1.65847	11.07343	52.01966	192.15791	592.68762
2000	-6.55	0.14869	1.8266	11.99966	55.55033	202.45892	616.736
2000	-6.5	0.16683	2.01106	12.99591	59.27698	213.1292	641.15046
2000	-6.45	0.18717	2.21335	14.06656	63.20588	224.16502	665.88531
2000	-6.4	0.20999	2.43506	15.21612	67.34295	235.56071	690.89058
2000	-6.35	0.23559	2.67793	16.44928	71.69372	247.30845	716.11168
2000	-6.3	0.2643	2.94383	17.77084	76.26323	259.3982	741.48956
2000	-6.25	0.29651	3.23475	19.18574	81.05595	271.81752	766.96079
2000	-6.2	0.33263	3.55285	20.69898	86.07566	284.5514	792.45733
2000	-6.15	0.37314	3.90043	22.31565	91.32537	297.58218	817.90702
2000	-6.1	0.41857	4.27997	24.04086	96.8072	310.88937	843.23334
2000	-6.05	0.4695	4.69408	25.87975	102.52229	324.44958	868.35587
2000	-6.	0.52659	5.14556	27.83739	108.47064	338.23643	893.19053
2000	-5.95	0.59059	5.63739	29.91878	114.65103	352.2204	917.64953
2000	-5.9	0.66232	6.17271	32.12879	121.06087	366.36887	941.64231
2000	-5.85	0.74269	6.75483	34.47207	127.69607	380.64598	965.07527
2000	-5.8	0.83272	7.38723	36.95304	134.55093	395.01269	987.85266
2000	-5.75	0.93354	8.07355	39.57576	141.61804	409.42682	1009.87719
2000	-5.7	1.04642	8.81759	42.34388	148.88807	423.843	1031.05
2000	-5.65	1.17276	9.62328	45.26056	156.34976	438.21284	1051.27184
2000	-5.6	1.3141	10.49469	48.32835	163.98973	452.4851	1070.44374
2000	-5.55	1.47216	11.43596	51.54911	171.79244	466.60567	1088.46703
2000	-5.5	1.64878	12.45133	54.92392	179.74007	480.51807	1105.24518
2000	-5.45	1.84605	13.54504	58.45291	187.81244	494.1634	1120.68341
2000	-5.4	2.06624	14.72136	62.13521	195.98702	507.48085	1134.69041
2000	-5.35	2.31179	15.98448	65.9688	204.23883	520.40797	1147.17864
2000	-5.3	2.58536	17.33848	69.95038	212.5405	532.88115	1158.06575
2000	-5.25	2.88986	18.78727	74.07529	220.86227	544.83586	1167.27444
2000	-5.2	3.22844	20.33447	78.33735	229.17204	556.20732	1174.73416
2000	-5.15	3.60445	21.98338	82.72877	237.4355	566.93108	1180.382
2000	-5.1	4.02145	23.73685	87.24005	245.61622	576.94322	1184.16228
2000	-5.05	4.48316	25.59716	91.8599	253.6759	586.18148	1186.02908
2000	-5.	4.99346	27.56596	96.57516	261.57448	594.58533	1185.94504
2000	-4.95	5.55639	29.64414	101.37071	269.27049	602.09693	1183.88322
2000	-4.9	6.17616	31.83167	106.2295	276.72133	608.66187	1179.82773
2000	-4.85	6.85703	34.12747	111.1325	283.88353	614.2293	1173.77257
2000	-4.8	7.6031	36.52932	116.05873	290.71331	618.7533	1165.72434
2000	-4.75	8.41826	39.03373	120.98537	297.16679	622.1927	1155.69998
2000	-4.7	9.30627	41.63584	125.88777	303.2006	624.51224	1143.72848
2000	-4.65	10.27062	44.32932	130.73966	308.77231	625.68308	1129.85097
2000	-4.6	11.31447	47.10622	135.51328	313.84085	625.68267	1114.11859
2000	-4.55	12.44047	49.9569	140.1796	318.36723	624.49616	1096.59508
2000	-4.5	13.65045	52.87001	144.70862	322.31479	622.11568	1077.35338
2000	-4.45	14.94529	55.83242	149.06964	325.64992	618.54129	1056.477
2000	-4.4	16.3248	58.82931	153.23165	328.34255	613.78124	1034.05954
2000	-4.35	17.78737	61.84425	157.16361	330.3664	607.8512	1010.20168
2000	-4.3	19.3305	64.85934	160.83496	331.69964	600.775	985.01242
2000	-4.25	20.95097	67.85513	164.21592	332.32532	592.58453	958.60811
2000	-4.2	22.64328	70.81082	167.27802	332.23135	583.31849	931.10889
2000	-4.15	24.40017	73.70464	169.99455	331.41124	573.02353	902.64133
2000	-4.1	26.21275	76.51413	172.34091	329.86382	561.75223	873.33344
2000	-4.05	28.07052	79.21643	174.29512	327.5936	549.56358	843.31606
2000	-4.	29.96201	81.78861	175.83814	324.61092	536.52244	812.72172
2000	-3.95	31.87485	84.2078	176.95418	320.93139	522.69768	781.68105
2000	-3.9	33.79462	86.45162	177.63113	316.57623	508.16269	750.32434
2000	-3.85	35.70508	88.4987	177.86078	311.57167	492.99375	718.77889
2000	-3.8	37.58835	90.32921	177.63907	305.94896	477.27004	687.1696
2000	-3.75	39.42552	91.92543	176.96598	299.74331	461.07128	655.61511
2000	-3.7	41.19942	93.27204	175.84571	292.99425	444.47899	624.23103
2000	-3.65	42.89409	94.35577	174.28635	285.74418	427.57341	593.12493
2000	-3.6	44.4912	95.16597	172.30014	278.0387	410.43484	562.39978
2000	-3.55	45.97359	95.69509	169.90297	269.92529	393.14139	532.15047
2000	-3.5	47.32501	95.93878	167.11427	261.4531	375.76915	502.46507
2000	-3.45	48.52962	95.89605	163.95642	252.67191	358.3909	473.42325
2000	-3.4	49.57565	95.56944	160.45448	243.63198	341.0763	445.09743
2000	-3.35	50.45561	94.964	156.63574	234.38352	323.89167	417.55288
2000	-3.3	51.1607	94.08745	152.52907	224.97543	306.8981	390.84531
2000	-3.25	51.68467	92.95037	148.16492	215.45595	290.15348	365.02461
2000	-3.2	52.02301	91.56591	143.57431	205.87103	273.70989	340.13119
2000	-3.15	52.17331	89.9498	138.78879	196.26509	257.61575	316.19969
2000	-3.1	52.13938	88.1197	133.83951	186.67996	241.91413	293.25675
2000	-3.05	51.93003	86.09374	128.7571	177.15514	226.64364	271.32257
2000	-3.	51.55189	83.89032	123.57131	167.72723	211.83778	250.41028
2000	-2.95	51.01248	81.52844	118.31105	158.43032	197.52574	230.5273
2000	-2.9	50.32026	79.0275	113.00417	149.29587	183.73255	211.67582
2000	-2.85	49.485	76.40693	107.67683	140.35195	170.47803	193.85135
2000	-2.8	48.51968	73.68603	102.35397	131.62445	157.77881	177.04584
2000	-2.75	47.43792	70.88282	97.05862	123.13582	145.64653	161.24531
2000	-2.7	46.25033	68.01479	91.81261	114.90637	134.08999	146.43284
2000	-2.65	44.96816	65.0987	86.63588	106.95315	123.11346	132.58655
2000	-2.6	43.60196	62.15082	81.54708	99.29108	112.71868	119.6823
2000	-2.55	42.1613	59.18679	76.5629	91.93206	102.90352	107.69198
2000	-2.5	40.65845	56.22171	71.69844	84.88573	93.66324	96.58532
2000	-2.45	39.10709	53.2692	66.96716	78.15957	84.99067	86.33012
2000	-2.4	37.51624	50.3416	62.38073	71.75839	76.87557	76.89155
2000	-2.35	35.89503	47.45076	57.94958	65.68541	69.30615	68.23407
2000	-2.3	34.25229	44.60756	53.68227	59.94134	62.268	60.32018
2000	-2.25	32.59687	41.82221	49.5861	54.52548	55.74548	53.11215
2000	-2.2	30.93881	39.10383	45.6667	49.43515	49.72114	46.57132
2000	-2.15	29.28786	36.46012	41.92839	44.66626	44.17634	40.65889
2000	-2.1	27.65045	33.89768	38.37413	40.21313	39.09114	35.33582
2000	-2.05	26.03268	31.42245	35.00577	36.06891	34.44487	30.56345
2000	-2.	24.44045	29.03967	31.82411	32.22567	30.21625	26.3037
2000	-1.95	22.87934	26.75365	28.82863	28.67418	26.38314	22.51878
2000	-1.9	21.3554	24.56803	26.01801	25.40463	22.92342	19.17214
2000	-1.85	19.87441	22.48517	23.38976	22.40615	19.81445	16.22787
2000	-1.8	18.43995	20.50673	20.94085	19.6675	17.03384	13.65155
2000	-1.75	17.05491	18.63365	18.66729	17.17666	14.55904	11.4098
2000	-1.7	15.72223	16.8664	16.56467	14.92141	12.36797	9.47088
2000	-1.65	14.4439	15.20472	14.62779	12.88897	10.4387	7.80439
2000	-1.6	13.2219	13.64806	12.8511	11.06656	8.74997	6.38171
2000	-1.55	12.05863	12.19505	11.22843	9.44107	7.28091	5.17574
2000	-1.5	10.95495	10.84383	9.75334	7.9994	6.01142	4.16122
2000	-1.45	9.9111	9.59218	8.41914	6.72855	4.92218	3.31467
2000	-1.4	8.92641	8.43758	7.21878	5.61546	3.99462	2.6143
2000	-1.35	8.00006	7.37748	6.14511	4.64737	3.21118	2.04025
2000	-1.3	7.13233	6.40907	5.19063	3.81162	2.55519	1.57432
2000	-1.25	6.32388	5.52908	4.34778	3.09596	2.01107	1.20017
2000	-1.2	5.57366	4.73381	3.60881	2.48846	1.56428	0.9031
2000	-1.15	4.88046	4.01946	2.96607	1.97766	1.20142	0.67013
2000	-1.1	4.2426	3.38206	2.41183	1.55257	0.91016	0.48982
2000	-1.05	3.65807	2.81763	1.93843	1.20275	0.67937	0.35224
2000	-1.	3.12589	2.32217	1.53828	0.91838	0.49901	0.24889
2000	-0.95	2.64571	1.89121	1.20383	0.69027	0.36018	0.17254
2000	-0.9	2.21546	1.52008	0.92781	0.50996	0.25508	0.11715
2000	-0.85	1.83295	1.20407	0.70314	0.3697	0.17692	0.07777
2000	-0.8	1.49605	0.93841	0.52307	0.26252	0.11995	0.05036
2000	-0.75	1.20239	0.7183	0.38122	0.1822	0.07932	0.03174
2000	-0.7	0.94983	0.53894	0.27159	0.12331	0.05102	0.01942
2000	-0.65	0.73623	0.3954	0.18864	0.08114	0.03183	0.01149
2000	-0.6	0.55844	0.28285	0.12735	0.05175	0.0192	0.00656
2000	-0.55	0.41331	0.19661	0.08326	0.03188	0.01115	0.00359
2000	-0.5	0.29728	0.13224	0.05252	0.01889	0.00621	0.00188
2000	-0.45	0.20663	0.08568	0.03182	0.01071	0.00329	0.00093
2000	-0.4	0.13805	0.05325	0.01843	0.00578	0.00165	0.00043
2000	-0.35	0.08836	0.03158	0.01013	0.00294	0.00077	0.00018
2000	-0.3	0.05382	0.01775	0.00524	0.00139	0.00033	0.00007
2000	-0.25	0.03098	0.00937	0.00252	0.0006	0.00013	0.00002
2000	-0.2	0.01671	0.0046	0.0011	0.00023	0.00004	0.00000
2000	-0.15	0.00843	0.00205	0.00042	0.00007	0.00001	0.00000
2000	-0.1	0.00393	0.00078	0.00012	0.00002	0.00000	0.00000
2000	-0.05	0.00156	0.00019	0.00002	0.00000	0.00000	0.00000
2000	0.00	0.00006	0.00000	0.00000	0.00000	0.00000	0.00000
