EpsF	Log[10,x]	n=1	n=2	n=3	n=4	n=5	n=6
0.5	-8.9	0.00003	0.00051	0.00575	0.04605	0.2938	1.57627
0.5	-8.85	0.00003	0.00057	0.00632	0.0502	0.3179	1.69392
0.5	-8.8	0.00003	0.00063	0.00694	0.0547	0.34389	1.81981
0.5	-8.75	0.00004	0.0007	0.00763	0.0596	0.3719	1.95447
0.5	-8.7	0.00004	0.00078	0.00838	0.06492	0.40209	2.09845
0.5	-8.65	0.00004	0.00086	0.0092	0.0707	0.4346	2.25234
0.5	-8.6	0.00005	0.00096	0.0101	0.07697	0.46961	2.41676
0.5	-8.55	0.00006	0.00106	0.01109	0.08378	0.50729	2.59237
0.5	-8.5	0.00006	0.00118	0.01217	0.09116	0.54784	2.77985
0.5	-8.45	0.00007	0.0013	0.01335	0.09918	0.59146	2.97993
0.5	-8.4	0.00008	0.00144	0.01465	0.10786	0.63836	3.19336
0.5	-8.35	0.00009	0.0016	0.01606	0.11728	0.68878	3.42095
0.5	-8.3	0.0001	0.00177	0.01761	0.12748	0.74295	3.66353
0.5	-8.25	0.00011	0.00196	0.0193	0.13853	0.80114	3.92199
0.5	-8.2	0.00013	0.00217	0.02116	0.1505	0.86362	4.19724
0.5	-8.15	0.00014	0.00241	0.02318	0.16346	0.93067	4.49026
0.5	-8.1	0.00016	0.00266	0.02539	0.17748	1.00262	4.80205
0.5	-8.05	0.00018	0.00295	0.0278	0.19264	1.07978	5.13367
0.5	-8.	0.0002	0.00326	0.03044	0.20905	1.1625	5.48622
0.5	-7.95	0.00022	0.00361	0.03332	0.22678	1.25115	5.86084
0.5	-7.9	0.00025	0.00399	0.03646	0.24594	1.34611	6.25875
0.5	-7.85	0.00028	0.00441	0.03988	0.26663	1.44779	6.68118
0.5	-7.8	0.00032	0.00488	0.04362	0.28898	1.55663	7.12944
0.5	-7.75	0.00035	0.00539	0.04769	0.3131	1.67306	7.60487
0.5	-7.7	0.0004	0.00595	0.05212	0.33913	1.79758	8.10886
0.5	-7.65	0.00044	0.00658	0.05696	0.3672	1.93069	8.64287
0.5	-7.6	0.0005	0.00727	0.06222	0.39747	2.07292	9.20839
0.5	-7.55	0.00056	0.00803	0.06795	0.43008	2.22482	9.80698
0.5	-7.5	0.00062	0.00886	0.07418	0.46522	2.38698	10.44022
0.5	-7.45	0.0007	0.00978	0.08096	0.50306	2.56002	11.10976
0.5	-7.4	0.00078	0.01079	0.08833	0.54378	2.74457	11.8173
0.5	-7.35	0.00088	0.01191	0.09634	0.5876	2.94132	12.56457
0.5	-7.3	0.00098	0.01313	0.10504	0.63473	3.15096	13.35335
0.5	-7.25	0.0011	0.01448	0.11449	0.68539	3.37424	14.18546
0.5	-7.2	0.00124	0.01596	0.12475	0.73983	3.61193	15.06275
0.5	-7.15	0.00138	0.01759	0.13588	0.7983	3.86483	15.98713
0.5	-7.1	0.00155	0.01938	0.14795	0.86107	4.13377	16.96051
0.5	-7.05	0.00174	0.02135	0.16103	0.92843	4.41964	17.98483
0.5	-7.	0.00195	0.0235	0.17522	1.00068	4.72333	19.06207
0.5	-6.95	0.00218	0.02587	0.19057	1.07814	5.04578	20.1942
0.5	-6.9	0.00244	0.02847	0.2072	1.16114	5.38798	21.38322
0.5	-6.85	0.00273	0.03131	0.2252	1.25005	5.75093	22.6311
0.5	-6.8	0.00305	0.03443	0.24466	1.34524	6.13567	23.93983
0.5	-6.75	0.00341	0.03784	0.2657	1.44709	6.54328	25.31136
0.5	-6.7	0.00382	0.04158	0.28843	1.55602	6.97487	26.74763
0.5	-6.65	0.00427	0.04567	0.31299	1.67247	7.43158	28.25053
0.5	-6.6	0.00477	0.05014	0.33949	1.7969	7.91458	29.8219
0.5	-6.55	0.00533	0.05502	0.36809	1.92978	8.42507	31.4635
0.5	-6.5	0.00596	0.06036	0.39893	2.07161	8.96428	33.17703
0.5	-6.45	0.00666	0.06619	0.43218	2.22293	9.53346	34.96409
0.5	-6.4	0.00743	0.07255	0.46799	2.38427	10.13387	36.82614
0.5	-6.35	0.0083	0.07949	0.50654	2.55622	10.76681	38.76454
0.5	-6.3	0.00927	0.08705	0.54804	2.73938	11.43358	40.78047
0.5	-6.25	0.01035	0.09528	0.59266	2.93436	12.13549	42.87496
0.5	-6.2	0.01155	0.10424	0.64064	3.14182	12.87385	45.04882
0.5	-6.15	0.01288	0.11398	0.69219	3.36244	13.64997	47.30265
0.5	-6.1	0.01435	0.12458	0.74754	3.59692	14.46516	49.6368
0.5	-6.05	0.01599	0.13608	0.80696	3.84599	15.3207	52.05133
0.5	-6.	0.01781	0.14857	0.87069	4.11041	16.21786	54.54602
0.5	-5.95	0.01983	0.16211	0.93903	4.39096	17.15786	57.1203
0.5	-5.9	0.02206	0.17678	1.01225	4.68844	18.14188	59.77323
0.5	-5.85	0.02453	0.19268	1.09068	5.00369	19.17106	62.50348
0.5	-5.8	0.02726	0.20988	1.17464	5.33757	20.24643	65.3093
0.5	-5.75	0.03027	0.22848	1.26447	5.69095	21.36899	68.18845
0.5	-5.7	0.03359	0.24857	1.36054	6.06474	22.53959	71.1382
0.5	-5.65	0.03725	0.27027	1.46323	6.45984	23.759	74.1553
0.5	-5.6	0.04129	0.29368	1.57294	6.87721	25.02784	77.2359
0.5	-5.55	0.04572	0.3189	1.6901	7.31777	26.34657	80.37558
0.5	-5.5	0.05059	0.34608	1.81515	7.78249	27.71548	83.56927
0.5	-5.45	0.05592	0.37532	1.94857	8.27233	29.13466	86.81122
0.5	-5.4	0.06175	0.40677	2.09086	8.78824	30.60398	90.09498
0.5	-5.35	0.06812	0.44057	2.24254	9.33117	32.12306	93.41339
0.5	-5.3	0.07505	0.47687	2.40416	9.90206	33.69123	96.75855
0.5	-5.25	0.08259	0.51583	2.57631	10.50181	35.30752	100.12175
0.5	-5.2	0.0908	0.55763	2.7596	11.13129	36.97062	103.49351
0.5	-5.15	0.09969	0.60244	2.95467	11.79134	38.67887	106.86358
0.5	-5.1	0.1093	0.65045	3.1622	12.48271	40.43017	110.22087
0.5	-5.05	0.11966	0.70189	3.38291	13.2061	42.22202	113.55353
0.5	-5.	0.1308	0.75698	3.61753	13.96209	44.05144	116.84891
0.5	-4.95	0.14277	0.81596	3.86685	14.75116	45.91496	120.09359
0.5	-4.9	0.15558	0.87911	4.13166	15.57367	47.80859	123.27347
0.5	-4.85	0.16924	0.94673	4.41281	16.42979	49.72775	126.37369
0.5	-4.8	0.18378	1.01916	4.71115	17.31953	51.66733	129.37885
0.5	-4.75	0.19924	1.09675	5.02757	18.24266	53.62157	132.27292
0.5	-4.7	0.21561	1.17992	5.36296	19.19874	55.58411	135.03941
0.5	-4.65	0.23288	1.26913	5.71822	20.18703	57.54796	137.66151
0.5	-4.6	0.25106	1.36488	6.09423	21.20649	59.50546	140.12203
0.5	-4.55	0.27023	1.46774	6.49186	22.25573	61.44834	142.40376
0.5	-4.5	0.29042	1.57834	6.91195	23.33299	63.3677	144.48937
0.5	-4.45	0.31168	1.69737	7.35524	24.43609	65.25399	146.36173
0.5	-4.4	0.33409	1.82559	7.82244	25.56241	67.09713	148.00406
0.5	-4.35	0.35776	1.96381	8.3141	26.70886	68.88648	149.39997
0.5	-4.3	0.38283	2.11294	8.83068	27.87184	70.6109	150.5338
0.5	-4.25	0.40952	2.27394	9.37241	29.04721	72.25886	151.39078
0.5	-4.2	0.43815	2.44784	9.93936	30.23031	73.81847	151.95713
0.5	-4.15	0.46911	2.63569	10.53132	31.4159	75.27763	152.22043
0.5	-4.1	0.50287	2.83856	11.1478	32.59819	76.62406	152.16963
0.5	-4.05	0.53999	3.05755	11.78798	33.77086	77.8455	151.79541
0.5	-4.	0.5812	3.29372	12.4507	34.92702	78.9298	151.09035
0.5	-3.95	0.62731	3.54809	13.13436	36.05928	79.86505	150.04898
0.5	-3.9	0.67923	3.82156	13.83696	37.15982	80.63978	148.66811
0.5	-3.85	0.73801	4.11494	14.55603	38.22035	81.24308	146.9469
0.5	-3.8	0.8048	4.42885	15.28862	39.23227	81.66477	144.88707
0.5	-3.75	0.88078	4.7637	16.0313	40.18669	81.89557	142.49281
0.5	-3.7	0.96719	5.11966	16.78013	41.07453	81.9273	139.77119
0.5	-3.65	1.06525	5.49661	17.53069	41.88662	81.75297	136.73177
0.5	-3.6	1.17609	5.89412	18.27807	42.61382	81.36705	133.38709
0.5	-3.55	1.3008	6.31145	19.01692	43.24712	80.76552	129.75225
0.5	-3.5	1.44036	6.74751	19.74145	43.77779	79.94609	125.8451
0.5	-3.45	1.59569	7.20083	20.44545	44.19745	78.90825	121.68592
0.5	-3.4	1.76751	7.66957	21.12237	44.49833	77.65345	117.29744
0.5	-3.35	1.95641	8.1515	21.76537	44.67329	76.18519	112.7047
0.5	-3.3	2.1631	8.64396	22.36735	44.71607	74.50898	107.93449
0.5	-3.25	2.38813	9.14381	22.92103	44.6214	72.63253	103.01553
0.5	-3.2	2.63179	9.6474	23.41911	44.38513	70.56556	97.97767
0.5	-3.15	2.89407	10.15061	23.85432	44.00444	68.31995	92.85203
0.5	-3.1	3.17471	10.64887	24.21955	43.47791	65.90954	87.67025
0.5	-3.05	3.47325	11.13709	24.50804	42.80565	63.35003	82.46432
0.5	-3.	3.78875	11.60975	24.71346	41.9894	60.65882	77.26595
0.5	-2.95	4.11963	12.06094	24.83013	41.03262	57.85483	72.10638
0.5	-2.9	4.46383	12.48449	24.85316	39.94051	54.95833	67.01596
0.5	-2.85	4.81869	12.87402	24.77858	38.71996	51.99045	62.02342
0.5	-2.8	5.18101	13.22311	24.60355	37.3796	48.9732	57.15601
0.5	-2.75	5.54707	13.52538	24.3264	35.92967	45.9288	52.43856
0.5	-2.7	5.91242	13.77467	23.94686	34.38193	42.87967	47.89377
0.5	-2.65	6.27203	13.96521	23.46605	32.74946	39.84777	43.54132
0.5	-2.6	6.62034	14.09185	22.88663	31.04656	36.85455	39.39828
0.5	-2.55	6.95153	14.15017	22.21273	29.28839	33.92034	35.47836
0.5	-2.5	7.2599	14.13669	21.44998	27.49083	31.0642	31.79221
0.5	-2.45	7.53981	14.04883	20.60547	25.67015	28.30363	28.34739
0.5	-2.4	7.78517	13.88515	19.68766	23.84268	25.65411	25.14803
0.5	-2.35	7.99015	13.64554	18.70626	22.02461	23.1292	22.19544
0.5	-2.3	8.14922	13.33123	17.67202	20.23148	20.74	19.48777
0.5	-2.25	8.25719	12.94495	16.59659	18.47812	18.4954	17.0207
0.5	-2.2	8.31012	12.49093	15.49217	16.77816	16.40176	14.78731
0.5	-2.15	8.30554	11.97469	14.37128	15.14389	14.46306	12.77861
0.5	-2.1	8.24135	11.403	13.24647	13.58598	12.68084	10.98372
0.5	-2.05	8.11692	10.78382	12.13002	12.11339	11.05447	9.39036
0.5	-2.	7.93305	10.12609	11.03369	10.73322	9.58125	7.98518
0.5	-1.95	7.69165	9.43948	9.96834	9.45057	8.25654	6.75394
0.5	-1.9	7.39693	8.73426	8.94375	8.2687	7.0742	5.68212
0.5	-1.85	7.05553	8.02048	7.96834	7.18892	6.02662	4.75495
0.5	-1.8	6.67378	7.3079	7.04918	6.21086	5.10524	3.95798
0.5	-1.75	6.2585	6.60584	6.1918	5.33246	4.30065	3.27707
0.5	-1.7	5.81707	5.92303	5.40023	4.55029	3.60303	2.69882
0.5	-1.65	5.35677	5.26741	4.67685	3.85961	3.00224	2.21055
0.5	-1.6	4.88615	4.64612	4.02257	3.25476	2.48829	1.80059
0.5	-1.55	4.41485	4.06476	3.43671	2.72926	2.05137	1.45823
0.5	-1.5	3.95043	3.52753	2.91736	2.27619	1.68213	1.17384
0.5	-1.45	3.50004	3.03738	2.46147	1.8884	1.37186	0.93884
0.5	-1.4	3.07026	2.59586	2.065	1.55866	1.11249	0.74565
0.5	-1.35	2.66689	2.20321	1.72325	1.27999	0.89675	0.58771
0.5	-1.3	2.29539	1.85831	1.43096	1.04573	0.71815	0.4593
0.5	-1.25	1.95986	1.55868	1.18272	0.84977	0.571	0.35557
0.5	-1.2	1.66121	1.30084	0.97313	0.68654	0.45034	0.27233
0.5	-1.15	1.39899	1.0809	0.79708	0.55111	0.35194	0.20607
0.5	-1.1	1.17161	0.89467	0.6498	0.43917	0.27214	0.1538
0.5	-1.05	0.97667	0.73796	0.52698	0.34699	0.20788	0.113
0.5	-1.	0.8113	0.60673	0.42481	0.27141	0.15656	0.08155
0.5	-0.95	0.6723	0.49715	0.33997	0.20974	0.11596	0.05766
0.5	-0.9	0.55617	0.40578	0.26964	0.15976	0.08425	0.03982
0.5	-0.85	0.45964	0.32958	0.21146	0.11959	0.05984	0.02677
0.5	-0.8	0.37968	0.26592	0.16347	0.08765	0.04139	0.01745
0.5	-0.75	0.3135	0.21259	0.1241	0.06264	0.02776	0.01098
0.5	-0.7	0.2585	0.16772	0.09207	0.04342	0.01795	0.00663
0.5	-0.65	0.21218	0.1299	0.06636	0.02901	0.01113	0.00383
0.5	-0.6	0.17244	0.09808	0.04612	0.01856	0.00657	0.00209
0.5	-0.55	0.13769	0.07157	0.03064	0.01126	0.00366	0.00108
0.5	-0.5	0.10692	0.0499	0.01925	0.00642	0.00191	0.00052
0.5	-0.45	0.07951	0.03278	0.01129	0.0034	0.00092	0.00023
0.5	-0.4	0.05545	0.01993	0.0061	0.00166	0.00041	0.00009
0.5	-0.35	0.03543	0.01101	0.00298	0.00073	0.00017	0.00004
0.5	-0.3	0.02015	0.00541	0.00131	0.0003	0.00006	0.00001
0.5	-0.25	0.00987	0.00233	0.00052	0.00011	0.00002	0.00000
0.5	-0.2	0.00408	0.0009	0.00019	0.00004	0.00000	0.00000
0.5	-0.15	0.00156	0.00033	0.00006	0.00001	0.00000	0.00000
0.5	-0.1	0.00059	0.00011	0.00002	0.00000	0.00000	0.00000
0.5	-0.05	0.00022	0.00003	0.00000	0.00000	0.00000	0.00000
0.5	0.00	0.00000	0.00000	0.00000	0.00000	0.00000	0.00000
0.4	-8.9	0.00004	0.00075	0.00818	0.06359	0.39417	2.05935
0.4	-8.85	0.00004	0.00083	0.00898	0.06925	0.42606	2.21048
0.4	-8.8	0.00005	0.00093	0.00986	0.07541	0.46039	2.37197
0.4	-8.75	0.00005	0.00103	0.01083	0.08208	0.49735	2.54445
0.4	-8.7	0.00006	0.00114	0.01189	0.08933	0.53712	2.7286
0.4	-8.65	0.00007	0.00126	0.01305	0.09719	0.5799	2.92515
0.4	-8.6	0.00008	0.0014	0.01431	0.10571	0.62589	3.13483
0.4	-8.55	0.00008	0.00155	0.0157	0.11494	0.67534	3.35844
0.4	-8.5	0.00009	0.00172	0.01722	0.12496	0.72846	3.59681
0.4	-8.45	0.00011	0.0019	0.01888	0.1358	0.78552	3.8508
0.4	-8.4	0.00012	0.00211	0.02069	0.14754	0.84679	4.12133
0.4	-8.35	0.00013	0.00233	0.02268	0.16025	0.91254	4.40935
0.4	-8.3	0.00015	0.00258	0.02485	0.17401	0.98309	4.71587
0.4	-8.25	0.00017	0.00286	0.02722	0.18889	1.05875	5.04192
0.4	-8.2	0.00019	0.00316	0.0298	0.20499	1.13986	5.38861
0.4	-8.15	0.00021	0.0035	0.03263	0.22238	1.22678	5.75707
0.4	-8.1	0.00024	0.00387	0.03571	0.24118	1.31988	6.14849
0.4	-8.05	0.00027	0.00429	0.03907	0.26149	1.41957	6.56412
0.4	-8.	0.0003	0.00474	0.04274	0.28342	1.52627	7.00525
0.4	-7.95	0.00034	0.00524	0.04674	0.30709	1.64041	7.47322
0.4	-7.9	0.00038	0.00579	0.05109	0.33262	1.76248	7.96942
0.4	-7.85	0.00042	0.0064	0.05584	0.36016	1.89296	8.49532
0.4	-7.8	0.00047	0.00708	0.06101	0.38985	2.03237	9.0524
0.4	-7.75	0.00053	0.00782	0.06664	0.42185	2.18126	9.64222
0.4	-7.7	0.0006	0.00863	0.07277	0.45631	2.3402	10.2664
0.4	-7.65	0.00067	0.00953	0.07943	0.49342	2.50979	10.92658
0.4	-7.6	0.00075	0.01052	0.08668	0.53336	2.69066	11.62449
0.4	-7.55	0.00084	0.01162	0.09455	0.57633	2.88348	12.36188
0.4	-7.5	0.00094	0.01282	0.10311	0.62253	3.08893	13.14058
0.4	-7.45	0.00105	0.01414	0.11241	0.6722	3.30774	13.96243
0.4	-7.4	0.00118	0.01559	0.1225	0.72555	3.54067	14.82934
0.4	-7.35	0.00132	0.01719	0.13345	0.78285	3.7885	15.74327
0.4	-7.3	0.00148	0.01895	0.14533	0.84436	4.05205	16.7062
0.4	-7.25	0.00166	0.02087	0.1582	0.91034	4.3322	17.72017
0.4	-7.2	0.00186	0.02299	0.17216	0.9811	4.62981	18.78722
0.4	-7.15	0.00208	0.02532	0.18727	1.05695	4.94584	19.90946
0.4	-7.1	0.00233	0.02787	0.20364	1.13821	5.28122	21.08899
0.4	-7.05	0.00261	0.03067	0.22135	1.22522	5.63697	22.32795
0.4	-7.	0.00292	0.03374	0.2405	1.31835	6.01412	23.62847
0.4	-6.95	0.00327	0.03711	0.26121	1.41798	6.41374	24.9927
0.4	-6.9	0.00365	0.04079	0.28358	1.5245	6.83692	26.42279
0.4	-6.85	0.00409	0.04483	0.30774	1.63834	7.28481	27.92085
0.4	-6.8	0.00457	0.04924	0.33382	1.75994	7.75859	29.489
0.4	-6.75	0.00512	0.05407	0.36196	1.88975	8.25945	31.1293
0.4	-6.7	0.00572	0.05935	0.39229	2.02826	8.78863	32.84378
0.4	-6.65	0.00639	0.06511	0.42498	2.17597	9.3474	34.6344
0.4	-6.6	0.00715	0.07141	0.46018	2.33342	9.93705	36.50305
0.4	-6.55	0.00798	0.07828	0.49807	2.50115	10.55891	38.45153
0.4	-6.5	0.00892	0.08577	0.53884	2.67973	11.21432	40.48152
0.4	-6.45	0.00996	0.09394	0.58267	2.86978	11.90463	42.5946
0.4	-6.4	0.01112	0.10283	0.62976	3.07191	12.63124	44.79219
0.4	-6.35	0.01242	0.11251	0.68033	3.28678	13.39553	47.07553
0.4	-6.3	0.01386	0.12304	0.73461	3.51505	14.19891	49.44569
0.4	-6.25	0.01545	0.13448	0.79283	3.75743	15.04278	51.90352
0.4	-6.2	0.01723	0.14691	0.85524	4.01465	15.92853	54.44962
0.4	-6.15	0.01921	0.1604	0.9221	4.28746	16.85755	57.08435
0.4	-6.1	0.0214	0.17502	0.99368	4.57664	17.83122	59.80774
0.4	-6.05	0.02383	0.19087	1.07029	4.88301	18.85088	62.6195
0.4	-6.	0.02652	0.20802	1.15221	5.20738	19.91783	65.51899
0.4	-5.95	0.0295	0.22658	1.23976	5.55062	21.03332	68.50517
0.4	-5.9	0.0328	0.24664	1.33328	5.91362	22.19857	71.57658
0.4	-5.85	0.03645	0.26829	1.43313	6.29728	23.41468	74.73127
0.4	-5.8	0.04048	0.29166	1.53965	6.70253	24.6827	77.96681
0.4	-5.75	0.04491	0.31684	1.65325	7.13033	26.00355	81.28023
0.4	-5.7	0.0498	0.34396	1.77432	7.58165	27.37805	84.66796
0.4	-5.65	0.05517	0.37313	1.90328	8.05747	28.80686	88.12583
0.4	-5.6	0.06108	0.40449	2.04059	8.55881	30.29048	91.64901
0.4	-5.55	0.06757	0.43816	2.18671	9.08668	31.82924	95.23198
0.4	-5.5	0.07469	0.47429	2.34212	9.64209	33.42323	98.8685
0.4	-5.45	0.08247	0.513	2.50736	10.22608	35.07232	102.55153
0.4	-5.4	0.09096	0.55445	2.68297	10.83966	36.77612	106.27327
0.4	-5.35	0.10022	0.59879	2.86952	11.48384	38.53393	110.02508
0.4	-5.3	0.11028	0.64618	3.06763	12.15959	40.34472	113.7975
0.4	-5.25	0.12119	0.6968	3.27793	12.86786	42.2071	117.58015
0.4	-5.2	0.13297	0.75082	3.5011	13.60957	44.11928	121.36182
0.4	-5.15	0.14568	0.80844	3.73785	14.38554	46.07905	125.1304
0.4	-5.1	0.15937	0.86987	3.98895	15.19656	48.08372	128.87288
0.4	-5.05	0.17405	0.93533	4.25518	16.04328	50.13008	132.57541
0.4	-5.	0.18976	1.00506	4.53737	16.92626	52.21441	136.22325
0.4	-4.95	0.2065	1.07933	4.83639	17.84593	54.33237	139.80087
0.4	-4.9	0.22428	1.15844	5.15315	18.80251	56.47906	143.29199
0.4	-4.85	0.24314	1.24273	5.48859	19.79607	58.64889	146.67955
0.4	-4.8	0.26304	1.33255	5.84368	20.82643	60.83563	149.94595
0.4	-4.75	0.28397	1.42835	6.21941	21.89314	63.03235	153.07294
0.4	-4.7	0.30592	1.53058	6.6168	22.99546	65.23143	156.04189
0.4	-4.65	0.32888	1.63979	7.03684	24.13233	67.42452	158.83384
0.4	-4.6	0.35283	1.75658	7.48052	25.30228	69.60255	161.42959
0.4	-4.55	0.37775	1.88164	7.94879	26.50345	71.75578	163.80998
0.4	-4.5	0.40369	2.01574	8.44254	27.73351	73.87374	165.95592
0.4	-4.45	0.43071	2.15971	8.96257	28.98964	75.94533	167.84862
0.4	-4.4	0.45888	2.3145	9.50957	30.2685	77.95886	169.46987
0.4	-4.35	0.48832	2.48113	10.08407	31.56619	79.90206	170.80206
0.4	-4.3	0.51937	2.6607	10.68639	32.87821	81.76221	171.82856
0.4	-4.25	0.55242	2.85434	11.31663	34.19946	83.5262	172.5339
0.4	-4.2	0.58785	3.06326	11.97461	35.52423	85.18063	172.90389
0.4	-4.15	0.62618	3.28867	12.65985	36.84619	86.71195	172.92602
0.4	-4.1	0.66802	3.53181	13.37148	38.15839	88.10655	172.58948
0.4	-4.05	0.71413	3.7939	14.10824	39.4533	89.35096	171.88552
0.4	-4.	0.76548	4.07611	14.86842	40.7228	90.43197	170.80768
0.4	-3.95	0.82323	4.37949	15.64982	41.95827	91.33678	169.35177
0.4	-3.9	0.88853	4.70491	16.44973	43.15065	92.05322	167.51626
0.4	-3.85	0.96263	5.05309	17.26492	44.29046	92.56991	165.30227
0.4	-3.8	1.04689	5.42449	18.09162	45.36793	92.87643	162.7139
0.4	-3.75	1.14275	5.81931	18.92551	46.3731	92.96349	159.75795
0.4	-3.7	1.25158	6.2374	19.76171	47.2959	92.82318	156.44445
0.4	-3.65	1.37472	6.67827	20.59485	48.12626	92.44902	152.78618
0.4	-3.6	1.51339	7.14106	21.41905	48.8543	91.83628	148.79912
0.4	-3.55	1.6687	7.6245	22.22797	49.4704	90.98198	144.50203
0.4	-3.5	1.84169	8.12692	23.01484	49.96538	89.88516	139.91654
0.4	-3.45	2.03327	8.64619	23.77255	50.33062	88.54686	135.06687
0.4	-3.4	2.24398	9.17973	24.49365	50.55825	86.97032	129.97972
0.4	-3.35	2.47415	9.72457	25.1705	50.6413	85.16108	124.68417
0.4	-3.3	2.72419	10.27725	25.79528	50.57382	83.12682	119.21096
0.4	-3.25	2.99421	10.83383	26.36015	50.35108	80.87764	113.59275
0.4	-3.2	3.28406	11.38991	26.85729	49.96968	78.42576	107.86317
0.4	-3.15	3.59337	11.94058	27.27908	49.42772	75.78566	102.05697
0.4	-3.1	3.92135	12.48048	27.61824	48.72489	72.97384	96.20922
0.4	-3.05	4.26676	13.00385	27.86793	47.86261	70.00874	90.35509
0.4	-3.	4.628	13.50455	28.02194	46.84405	66.91044	84.52918
0.4	-2.95	5.00286	13.97616	28.07488	45.67421	63.70055	78.76534
0.4	-2.9	5.38861	14.41207	28.02224	44.36	60.40192	73.09621
0.4	-2.85	5.7818	14.8056	27.86063	42.91005	57.03819	67.5524
0.4	-2.8	6.17864	15.15018	27.58788	41.33485	53.63371	62.16274
0.4	-2.75	6.57528	15.43934	27.20313	39.64647	50.2129	56.95322
0.4	-2.7	6.96688	15.66686	26.70701	37.8586	46.80018	51.94737
0.4	-2.65	7.34812	15.82704	26.10167	35.98619	43.41928	47.16529
0.4	-2.6	7.7132	15.91482	25.3909	34.04541	40.09319	42.62415
0.4	-2.55	8.05603	15.92599	24.58006	32.0532	36.84349	38.3374
0.4	-2.5	8.3705	15.85731	23.67611	30.02713	33.69024	34.31513
0.4	-2.45	8.65052	15.70667	22.68755	27.98506	30.65166	30.56404
0.4	-2.4	8.8897	15.47321	21.62429	25.94473	27.74365	27.08716
0.4	-2.35	9.08184	15.15751	20.49752	23.92353	24.97992	23.88453
0.4	-2.3	9.22094	14.76175	19.31945	21.93805	22.37148	20.9528
0.4	-2.25	9.30142	14.28979	18.10311	20.00386	19.92687	18.28605
0.4	-2.2	9.31974	13.74718	16.86196	18.13518	17.65189	15.87567
0.4	-2.15	9.27463	13.14069	15.60961	16.34461	15.5498	13.71095
0.4	-2.1	9.16485	12.47825	14.35951	14.64295	13.62127	11.77924
0.4	-2.05	8.99032	11.76892	13.12473	13.03907	11.86465	10.06651
0.4	-2.	8.75249	11.02278	11.91759	11.53984	10.2762	8.55773
0.4	-1.95	8.45443	10.25056	10.74931	10.14994	8.85013	7.237
0.4	-1.9	8.10209	9.4633	9.62989	8.87214	7.57915	6.08824
0.4	-1.85	7.70323	8.67161	8.56777	7.70711	6.4545	5.09524
0.4	-1.8	7.26437	7.8857	7.56996	6.65382	5.46647	4.24218
0.4	-1.75	6.79301	7.11527	6.6418	5.70945	4.60455	3.51365
0.4	-1.7	6.29715	6.36934	5.78703	4.86981	3.85785	2.89514
0.4	-1.65	5.78467	5.65605	5.00765	4.12937	3.21525	2.37294
0.4	-1.6	5.26484	4.98253	4.30409	3.48169	2.66585	1.93446
0.4	-1.55	4.74782	4.35428	3.67519	2.91956	2.19896	1.5682
0.4	-1.5	4.24137	3.77528	3.11849	2.43533	1.8045	1.26381
0.4	-1.45	3.75291	3.24815	2.63042	2.02116	1.47305	1.01212
0.4	-1.4	3.28886	2.77405	2.20644	1.66921	1.19591	0.80502
0.4	-1.35	2.85436	2.35291	1.84137	1.37192	0.96529	0.63551
0.4	-1.3	2.45456	1.98339	1.52949	1.12207	0.77423	0.4975
0.4	-1.25	2.09363	1.66274	1.26491	0.91307	0.61664	0.38583
0.4	-1.2	1.77224	1.38729	1.04178	0.73891	0.48724	0.29606
0.4	-1.15	1.49021	1.15285	0.85451	0.59428	0.38151	0.22445
0.4	-1.1	1.24624	0.95487	0.6979	0.47455	0.2956	0.16785
0.4	-1.05	1.03788	0.7887	0.56724	0.37575	0.22625	0.12357
0.4	-1.	0.86206	0.64982	0.45838	0.29454	0.17073	0.08937
0.4	-0.95	0.71525	0.53393	0.36776	0.2281	0.12672	0.06334
0.4	-0.9	0.59324	0.43717	0.2924	0.1741	0.09227	0.04386
0.4	-0.85	0.49214	0.35622	0.22981	0.13057	0.06569	0.02959
0.4	-0.8	0.40842	0.28825	0.178	0.0959	0.04557	0.01936
0.4	-0.75	0.33885	0.23096	0.13535	0.06869	0.03067	0.01224
0.4	-0.7	0.28042	0.18248	0.10059	0.04775	0.01993	0.00745
0.4	-0.65	0.23058	0.14146	0.07264	0.03204	0.01243	0.00433
0.4	-0.6	0.18747	0.1069	0.05064	0.02061	0.0074	0.00239
0.4	-0.55	0.14964	0.07812	0.0338	0.01261	0.00417	0.00125
0.4	-0.5	0.11608	0.05462	0.0214	0.00727	0.00221	0.00061
0.4	-0.45	0.08625	0.0361	0.0127	0.00392	0.00109	0.00028
0.4	-0.4	0.06034	0.02222	0.00698	0.00195	0.00049	0.00012
0.4	-0.35	0.03898	0.01253	0.0035	0.00088	0.00021	0.00004
0.4	-0.3	0.02273	0.00635	0.00159	0.00036	0.00008	0.00002
0.4	-0.25	0.01162	0.00285	0.00065	0.00014	0.00003	0.00000
0.4	-0.2	0.00506	0.00114	0.00024	0.00005	0.00000	0.00000
0.4	-0.15	0.00198	0.00042	0.00008	0.00001	0.00000	0.00000
0.4	-0.1	0.00075	0.00014	0.00002	0.00000	0.00000	0.00000
0.4	-0.05	0.00027	0.00003	0.00000	0.00000	0.00000	0.00000
0.4	0.00	0.00000	0.00000	0.00000	0.00000	0.00000	0.00000
0.3	-8.9	0.00006	0.00114	0.01192	0.08934	0.53459	2.70288
0.3	-8.85	0.00007	0.00126	0.01308	0.09719	0.57705	2.89694
0.3	-8.8	0.00007	0.0014	0.01436	0.10571	0.6227	3.10392
0.3	-8.75	0.00008	0.00155	0.01575	0.11493	0.67176	3.32458
0.3	-8.7	0.00009	0.00172	0.01727	0.12493	0.72445	3.55974
0.3	-8.65	0.00011	0.0019	0.01894	0.13576	0.78103	3.81025
0.3	-8.6	0.00012	0.00211	0.02076	0.14748	0.84176	4.07699
0.3	-8.55	0.00013	0.00234	0.02275	0.16017	0.90692	4.3609
0.3	-8.5	0.00015	0.00259	0.02492	0.1739	0.9768	4.66295
0.3	-8.45	0.00017	0.00286	0.0273	0.18875	1.05173	4.98417
0.3	-8.4	0.00019	0.00317	0.0299	0.2048	1.13202	5.32562
0.3	-8.35	0.00021	0.00351	0.03273	0.22215	1.21803	5.68842
0.3	-8.3	0.00024	0.00388	0.03582	0.24089	1.31013	6.07372
0.3	-8.25	0.00026	0.0043	0.0392	0.26113	1.40871	6.48274
0.3	-8.2	0.0003	0.00475	0.04288	0.28299	1.51417	6.91673
0.3	-8.15	0.00033	0.00525	0.04689	0.30656	1.62696	7.37701
0.3	-8.1	0.00037	0.00581	0.05127	0.332	1.74752	7.86494
0.3	-8.05	0.00042	0.00642	0.05603	0.35941	1.87634	8.38194
0.3	-8.	0.00047	0.0071	0.06122	0.38897	2.01392	8.92945
0.3	-7.95	0.00053	0.00784	0.06687	0.4208	2.1608	9.50902
0.3	-7.9	0.00059	0.00866	0.07301	0.45508	2.31751	10.1222
0.3	-7.85	0.00066	0.00957	0.0797	0.49198	2.48466	10.77062
0.3	-7.8	0.00074	0.01057	0.08697	0.53167	2.66285	11.45595
0.3	-7.75	0.00083	0.01166	0.09487	0.57436	2.85272	12.17991
0.3	-7.7	0.00093	0.01287	0.10346	0.62024	3.05494	12.9443
0.3	-7.65	0.00105	0.0142	0.11278	0.66954	3.2702	13.75092
0.3	-7.6	0.00117	0.01567	0.1229	0.72247	3.49925	14.60165
0.3	-7.55	0.00131	0.01727	0.13388	0.77929	3.74283	15.49841
0.3	-7.5	0.00147	0.01904	0.14578	0.84025	4.00174	16.44317
0.3	-7.45	0.00165	0.02099	0.15869	0.90562	4.27682	17.43793
0.3	-7.4	0.00184	0.02312	0.17268	0.97569	4.56891	18.48473
0.3	-7.35	0.00207	0.02547	0.18782	1.05074	4.87891	19.58564
0.3	-7.3	0.00231	0.02804	0.20422	1.13111	5.20775	20.74278
0.3	-7.25	0.00259	0.03087	0.22195	1.21711	5.55639	21.95828
0.3	-7.2	0.0029	0.03396	0.24113	1.3091	5.92582	23.2343
0.3	-7.15	0.00325	0.03736	0.26185	1.40744	6.31706	24.573
0.3	-7.1	0.00364	0.04108	0.28424	1.51252	6.73119	25.97657
0.3	-7.05	0.00407	0.04515	0.3084	1.62474	7.1693	27.44718
0.3	-7.	0.00455	0.04961	0.33448	1.74451	7.63251	28.98701
0.3	-6.95	0.00509	0.05449	0.36259	1.87228	8.12199	30.59822
0.3	-6.9	0.0057	0.05983	0.39289	2.0085	8.63892	32.28295
0.3	-6.85	0.00637	0.06566	0.42553	2.15366	9.18455	34.04328
0.3	-6.8	0.00712	0.07203	0.46066	2.30826	9.7601	35.88128
0.3	-6.75	0.00797	0.07898	0.49845	2.47281	10.36688	37.79893
0.3	-6.7	0.00891	0.08656	0.53908	2.64787	11.00618	39.79814
0.3	-6.65	0.00995	0.09482	0.58273	2.83398	11.67934	41.88076
0.3	-6.6	0.01112	0.10383	0.62961	3.03175	12.38771	44.04848
0.3	-6.55	0.01242	0.11363	0.6799	3.24178	13.13266	46.30292
0.3	-6.5	0.01386	0.12429	0.73384	3.4647	13.91557	48.64552
0.3	-6.45	0.01547	0.13589	0.79164	3.70118	14.73785	51.07757
0.3	-6.4	0.01726	0.14848	0.85354	3.95188	15.60089	53.60018
0.3	-6.35	0.01926	0.16215	0.91979	4.21751	16.50611	56.21422
0.3	-6.3	0.02147	0.17698	0.99064	4.4988	17.4549	58.92036
0.3	-6.25	0.02392	0.19304	1.06637	4.79651	18.44866	61.719
0.3	-6.2	0.02665	0.21043	1.14725	5.1114	19.48877	64.61022
0.3	-6.15	0.02968	0.22925	1.23358	5.44427	20.57658	67.5938
0.3	-6.1	0.03303	0.24958	1.32567	5.79596	21.7134	70.66917
0.3	-6.05	0.03674	0.27154	1.42382	6.16731	22.9005	73.83535
0.3	-6.	0.04084	0.29522	1.52839	6.55919	24.1391	77.09095
0.3	-5.95	0.04538	0.32073	1.6397	6.97251	25.43035	80.43411
0.3	-5.9	0.05039	0.3482	1.75812	7.40817	26.77531	83.86249
0.3	-5.85	0.05592	0.37773	1.88403	7.86713	28.17495	87.37318
0.3	-5.8	0.06201	0.40945	2.01782	8.35033	29.63013	90.96272
0.3	-5.75	0.06869	0.44348	2.1599	8.85877	31.14155	94.62702
0.3	-5.7	0.07603	0.47995	2.31071	9.39345	32.70979	98.36132
0.3	-5.65	0.08408	0.519	2.47069	9.95536	34.33522	102.16018
0.3	-5.6	0.09289	0.56075	2.64032	10.54554	36.01802	106.01742
0.3	-5.55	0.10253	0.60535	2.82009	11.16501	37.75816	109.92607
0.3	-5.5	0.11303	0.65293	3.01053	11.81481	39.55533	113.87838
0.3	-5.45	0.12447	0.70364	3.21219	12.49594	41.40893	117.86571
0.3	-5.4	0.13688	0.75762	3.42567	13.20942	43.31804	121.87859
0.3	-5.35	0.15032	0.81504	3.65157	13.95624	45.28139	125.90663
0.3	-5.3	0.16485	0.87604	3.89056	14.73733	47.29732	129.93857
0.3	-5.25	0.18048	0.94081	4.14334	15.55359	49.36372	133.96216
0.3	-5.2	0.19724	1.00951	4.41064	16.40586	51.47805	137.96428
0.3	-5.15	0.21516	1.08237	4.69324	17.29487	53.63721	141.93087
0.3	-5.1	0.23428	1.15959	4.99199	18.22127	55.8376	145.84695
0.3	-5.05	0.25462	1.2414	5.30774	19.18555	58.07502	149.69672
0.3	-5.	0.27614	1.32808	5.64141	20.18808	60.34463	153.46347
0.3	-4.95	0.29884	1.41992	5.99398	21.22902	62.64095	157.12975
0.3	-4.9	0.32268	1.51727	6.36643	22.3083	64.95784	160.67743
0.3	-4.85	0.34763	1.62053	6.75981	23.42562	67.28839	164.08769
0.3	-4.8	0.37363	1.73015	7.17516	24.58036	69.62502	167.34124
0.3	-4.75	0.4006	1.84666	7.61355	25.77159	71.95936	170.41832
0.3	-4.7	0.4285	1.97066	8.07604	26.99799	74.28232	173.29894
0.3	-4.65	0.45735	2.10285	8.56366	28.25781	76.58406	175.96301
0.3	-4.6	0.48711	2.24398	9.07738	29.54888	78.85401	178.39038
0.3	-4.55	0.51778	2.39493	9.6181	30.86848	81.08091	180.56123
0.3	-4.5	0.54947	2.55666	10.18661	32.21339	83.25283	182.45607
0.3	-4.45	0.58236	2.73023	10.78352	33.57981	85.35725	184.05605
0.3	-4.4	0.61663	2.91676	11.4093	34.96333	87.38113	185.3432
0.3	-4.35	0.65257	3.11746	12.06414	36.35894	89.31097	186.30054
0.3	-4.3	0.69075	3.3336	12.74798	37.76096	91.13292	186.91238
0.3	-4.25	0.73187	3.56644	13.46042	39.16312	92.83293	187.16462
0.3	-4.2	0.77649	3.81723	14.20074	40.55846	94.39679	187.04477
0.3	-4.15	0.82534	4.08723	14.96778	41.93943	95.8104	186.54247
0.3	-4.1	0.87931	4.37765	15.75996	43.29789	97.0598	185.64935
0.3	-4.05	0.93944	4.68961	16.57521	44.62513	98.13141	184.35953
0.3	-4.	1.00691	5.02412	17.41095	45.91195	99.01221	182.66973
0.3	-3.95	1.08307	5.38197	18.26405	47.14871	99.68984	180.57924
0.3	-3.9	1.16927	5.76373	19.13083	48.32542	100.15289	178.09034
0.3	-3.85	1.26686	6.16971	20.00706	49.43186	100.391	175.20817
0.3	-3.8	1.3773	6.59992	20.88795	50.45763	100.39512	171.94108
0.3	-3.75	1.5021	7.05399	21.76813	51.39232	100.15759	168.30024
0.3	-3.7	1.64265	7.53116	22.64174	52.22561	99.67245	164.30019
0.3	-3.65	1.80016	8.03024	23.50243	52.94742	98.9354	159.95823
0.3	-3.6	1.97576	8.54963	24.34342	53.54804	97.94418	155.29486
0.3	-3.55	2.1704	9.08725	25.15752	54.01828	96.69851	150.33328
0.3	-3.5	2.38488	9.64057	25.93725	54.34966	95.20029	145.09945
0.3	-3.45	2.61979	10.20656	26.67488	54.53447	93.45361	139.62164
0.3	-3.4	2.87521	10.78172	27.36252	54.56603	91.46486	133.93043
0.3	-3.35	3.15094	11.36219	27.99225	54.43878	89.2428	128.05842
0.3	-3.3	3.44677	11.94362	28.55614	54.14838	86.79838	122.03951
0.3	-3.25	3.76208	12.52126	29.04644	53.69195	84.14491	115.90912
0.3	-3.2	4.09598	13.08997	29.45564	53.0681	81.29773	109.70317
0.3	-3.15	4.44731	13.64421	29.77663	52.2771	78.27439	103.45827
0.3	-3.1	4.81449	14.17808	30.00284	51.32091	75.0942	97.21081
0.3	-3.05	5.19543	14.68545	30.12835	50.2033	71.77823	90.99676
0.3	-3.	5.58775	15.15994	30.14807	48.92986	68.34891	84.85104
0.3	-2.95	5.9886	15.59506	30.05786	47.508	64.8299	78.80727
0.3	-2.9	6.39451	15.98425	29.85468	45.94696	61.24579	72.89741
0.3	-2.85	6.80126	16.32112	29.53671	44.25769	57.62155	67.15089
0.3	-2.8	7.20464	16.59955	29.10346	42.45282	53.98253	61.59494
0.3	-2.75	7.60056	16.81366	28.55584	40.54644	50.35369	56.25354
0.3	-2.7	7.98391	16.95797	27.89629	38.55405	46.75966	51.14789
0.3	-2.65	8.34931	17.02762	27.12882	36.49216	43.22391	46.29547
0.3	-2.6	8.69099	17.01854	26.25905	34.37828	39.76884	41.7106
0.3	-2.55	9.00274	16.92758	25.29418	32.23036	36.41505	37.40372
0.3	-2.5	9.27832	16.7528	24.24293	30.0667	33.18128	33.38184
0.3	-2.45	9.51188	16.49348	23.11546	27.90554	30.08414	29.64855
0.3	-2.4	9.69746	16.15026	21.92315	25.76464	27.13763	26.20381
0.3	-2.35	9.82927	15.72531	20.6785	23.66109	24.35343	23.04469
0.3	-2.3	9.90182	15.22246	19.39478	21.61084	21.7403	20.16505
0.3	-2.25	9.91037	14.64727	18.08581	19.62852	19.30451	17.55639
0.3	-2.2	9.85278	14.00696	16.76549	17.72711	17.04955	15.20778
0.3	-2.15	9.72948	13.30976	15.44757	15.91778	14.97641	13.10643
0.3	-2.1	9.54086	12.56483	14.14529	14.20972	13.0836	11.23794
0.3	-2.05	9.28832	11.78225	12.87123	12.61006	11.36745	9.58684
0.3	-2.	8.97471	10.97284	11.63694	11.12387	9.82239	8.13691
0.3	-1.95	8.60471	10.14785	10.45259	9.75405	8.441	6.8714
0.3	-1.9	8.18623	9.31846	9.32694	8.50162	7.21461	5.77363
0.3	-1.85	7.72839	8.49497	8.26704	7.36566	6.13333	4.82699
0.3	-1.8	7.23841	7.68702	7.27846	6.34364	5.18658	4.01551
0.3	-1.75	6.72424	6.90351	6.36508	5.43147	4.36316	3.32381
0.3	-1.7	6.19401	6.15251	5.52922	4.62385	3.65175	2.73749
0.3	-1.65	5.65569	5.44104	4.77153	3.91438	3.04101	2.24312
0.3	-1.6	5.11833	4.77501	4.09123	3.29594	2.51991	1.82845
0.3	-1.55	4.59134	4.15862	3.48608	2.76082	2.07784	1.48232
0.3	-1.5	4.08177	3.59461	2.95276	2.30109	1.70486	1.19479
0.3	-1.45	3.59611	3.08441	2.48701	1.90878	1.39178	0.95709
0.3	-1.4	3.13952	2.62809	2.08381	1.57603	1.13018	0.76149
0.3	-1.35	2.71572	2.22469	1.73767	1.29538	0.91256	0.60135
0.3	-1.3	2.32841	1.87222	1.44275	1.05978	0.73227	0.47091
0.3	-1.25	1.98071	1.56756	1.19312	0.86281	0.58351	0.3653
0.3	-1.2	1.67254	1.30677	0.98297	0.69869	0.46127	0.28035
0.3	-1.15	1.40328	1.08558	0.80684	0.56235	0.36132	0.21255
0.3	-1.1	1.17145	0.8994	0.65961	0.44938	0.28002	0.15893
0.3	-1.05	0.9745	0.74357	0.53675	0.35604	0.21433	0.11698
0.3	-1.	0.80934	0.61358	0.43426	0.27919	0.16171	0.08458
0.3	-0.95	0.67229	0.50513	0.34876	0.21622	0.11997	0.05992
0.3	-0.9	0.55892	0.41444	0.27746	0.16497	0.0873	0.04148
0.3	-0.85	0.46525	0.33831	0.21808	0.12364	0.06211	0.02797
0.3	-0.8	0.38762	0.27408	0.16881	0.09071	0.04305	0.01831
0.3	-0.75	0.32273	0.21962	0.12821	0.06489	0.02897	0.01159
0.3	-0.7	0.26766	0.17333	0.0951	0.04506	0.01883	0.00706
0.3	-0.65	0.2201	0.13406	0.06854	0.03021	0.01176	0.00412
0.3	-0.6	0.17857	0.10099	0.04769	0.01944	0.00702	0.00229
0.3	-0.55	0.14198	0.07353	0.03179	0.01191	0.00397	0.0012
0.3	-0.5	0.1095	0.05124	0.02013	0.0069	0.00212	0.00059
0.3	-0.45	0.08079	0.0338	0.01199	0.00374	0.00105	0.00027
0.3	-0.4	0.05616	0.02085	0.00665	0.00188	0.00049	0.00012
0.3	-0.35	0.03623	0.01186	0.00339	0.00087	0.00021	0.00004
0.3	-0.3	0.02133	0.00612	0.00156	0.00037	0.00008	0.00002
0.3	-0.25	0.01119	0.00282	0.00065	0.00014	0.00003	0.00000
0.3	-0.2	0.00506	0.00115	0.00024	0.00005	0.00000	0.00000
0.3	-0.15	0.00202	0.00043	0.00008	0.00001	0.00000	0.00000
0.3	-0.1	0.00077	0.00014	0.00002	0.00000	0.00000	0.00000
0.3	-0.05	0.00028	0.00003	0.00000	0.00000	0.00000	0.00000
0.3	0.00	0.00000	0.00000	0.00000	0.00000	0.00000	0.00000
0.2	-8.9	0.00011	0.00196	0.01948	0.13945	0.80087	3.90452
0.2	-8.85	0.00012	0.00217	0.02135	0.15149	0.86309	4.17774
0.2	-8.8	0.00014	0.0024	0.0234	0.16451	0.92983	4.46853
0.2	-8.75	0.00015	0.00266	0.02564	0.17861	1.0014	4.77792
0.2	-8.7	0.00017	0.00294	0.02808	0.19385	1.07813	5.10694
0.2	-8.65	0.00019	0.00326	0.03075	0.21032	1.16035	5.45668
0.2	-8.6	0.00022	0.00361	0.03367	0.22813	1.24841	5.82829
0.2	-8.55	0.00024	0.00399	0.03685	0.24736	1.3427	6.22297
0.2	-8.5	0.00027	0.00442	0.04032	0.26813	1.44361	6.64196
0.2	-8.45	0.0003	0.00489	0.04411	0.29055	1.55155	7.08655
0.2	-8.4	0.00034	0.0054	0.04824	0.31474	1.66698	7.55809
0.2	-8.35	0.00038	0.00598	0.05273	0.34082	1.79035	8.058
0.2	-8.3	0.00043	0.00661	0.05764	0.36894	1.92215	8.58771
0.2	-8.25	0.00048	0.0073	0.06297	0.39925	2.06291	9.14876
0.2	-8.2	0.00054	0.00807	0.06878	0.43189	2.21315	9.7427
0.2	-8.15	0.0006	0.00891	0.07511	0.46703	2.37344	10.37116
0.2	-8.1	0.00068	0.00984	0.08198	0.50485	2.54438	11.03582
0.2	-8.05	0.00076	0.01087	0.08946	0.54553	2.72659	11.73843
0.2	-8.	0.00085	0.012	0.09759	0.58927	2.92072	12.48076
0.2	-7.95	0.00095	0.01324	0.10642	0.63628	3.12745	13.26468
0.2	-7.9	0.00107	0.01461	0.11601	0.68678	3.3475	14.09208
0.2	-7.85	0.0012	0.01612	0.12642	0.74099	3.58161	14.96493
0.2	-7.8	0.00134	0.01778	0.13771	0.79918	3.83055	15.88523
0.2	-7.75	0.0015	0.0196	0.14996	0.86159	4.09513	16.85505
0.2	-7.7	0.00169	0.0216	0.16323	0.9285	4.3762	17.8765
0.2	-7.65	0.00189	0.02381	0.17761	1.00019	4.67463	18.95174
0.2	-7.6	0.00211	0.02622	0.19319	1.07698	4.99133	20.08298
0.2	-7.55	0.00237	0.02888	0.21004	1.15918	5.32725	21.27245
0.2	-7.5	0.00265	0.03179	0.22827	1.24713	5.68337	22.52245
0.2	-7.45	0.00297	0.03498	0.24798	1.34117	6.06071	23.83529
0.2	-7.4	0.00332	0.03849	0.26928	1.44169	6.46031	25.21333
0.2	-7.35	0.00372	0.04232	0.29229	1.54905	6.88326	26.65892
0.2	-7.3	0.00417	0.04653	0.31712	1.66368	7.3307	28.17447
0.2	-7.25	0.00466	0.05113	0.3439	1.78599	7.80377	29.76237
0.2	-7.2	0.00522	0.05616	0.37278	1.91642	8.30368	31.42504
0.2	-7.15	0.00584	0.06167	0.4039	2.05545	8.83166	33.16487
0.2	-7.1	0.00653	0.06769	0.4374	2.20354	9.38896	34.98426
0.2	-7.05	0.0073	0.07426	0.47346	2.36121	9.97689	36.88558
0.2	-7.	0.00817	0.08144	0.51224	2.52898	10.59678	38.87116
0.2	-6.95	0.00913	0.08927	0.55392	2.70739	11.24998	40.9433
0.2	-6.9	0.01021	0.09781	0.59869	2.89701	11.9379	43.10423
0.2	-6.85	0.01141	0.10711	0.64674	3.09842	12.66196	45.3561
0.2	-6.8	0.01274	0.11724	0.69829	3.31225	13.4236	47.70099
0.2	-6.75	0.01423	0.12826	0.75355	3.53912	14.22429	50.14088
0.2	-6.7	0.01589	0.14024	0.81274	3.77968	15.06554	52.67759
0.2	-6.65	0.01773	0.15326	0.8761	4.03463	15.94884	55.31283
0.2	-6.6	0.01978	0.16739	0.94388	4.30465	16.87573	58.04814
0.2	-6.55	0.02206	0.18272	1.01633	4.59049	17.84775	60.88485
0.2	-6.5	0.0246	0.19933	1.09372	4.8929	18.86643	63.82411
0.2	-6.45	0.02741	0.21732	1.17634	5.21265	19.93334	66.86679
0.2	-6.4	0.03054	0.23677	1.26446	5.55055	21.04999	70.01353
0.2	-6.35	0.03401	0.2578	1.35839	5.90743	22.21793	73.26463
0.2	-6.3	0.03785	0.2805	1.45845	6.28415	23.43866	76.62008
0.2	-6.25	0.04209	0.30499	1.56494	6.68158	24.71366	80.07951
0.2	-6.2	0.04679	0.33138	1.67823	7.10064	26.04436	83.64211
0.2	-6.15	0.05197	0.35978	1.79864	7.54227	27.43215	87.30665
0.2	-6.1	0.0577	0.39031	1.92654	8.00742	28.87836	91.07142
0.2	-6.05	0.06401	0.42311	2.06231	8.4971	30.38424	94.93417
0.2	-6.	0.07097	0.45828	2.20635	9.01232	31.95093	98.89209
0.2	-5.95	0.07862	0.49597	2.35906	9.55411	33.57947	102.94173
0.2	-5.9	0.08702	0.5363	2.52087	10.12357	35.27078	107.07903
0.2	-5.85	0.09623	0.5794	2.69223	10.72176	37.0256	111.29918
0.2	-5.8	0.10631	0.6254	2.87361	11.34982	38.84451	115.59662
0.2	-5.75	0.11731	0.67445	3.0655	12.00886	40.72789	119.96503
0.2	-5.7	0.12931	0.72668	3.26843	12.70004	42.67586	124.39722
0.2	-5.65	0.14236	0.78222	3.48294	13.42451	44.6883	128.88511
0.2	-5.6	0.15653	0.84121	3.70962	14.18342	46.76477	133.41974
0.2	-5.55	0.17185	0.9038	3.9491	14.97793	48.90451	137.99115
0.2	-5.5	0.18839	0.97014	4.20204	15.80915	51.1064	142.58843
0.2	-5.45	0.20619	1.04038	4.46913	16.67821	53.36886	147.19964
0.2	-5.4	0.22529	1.11468	4.75114	17.58615	55.68989	151.81181
0.2	-5.35	0.2457	1.19321	5.04887	18.53398	58.06699	156.41093
0.2	-5.3	0.26744	1.27618	5.36318	19.52261	60.4971	160.98201
0.2	-5.25	0.29053	1.36379	5.69498	20.55285	62.9766	165.50895
0.2	-5.2	0.31495	1.45627	6.04524	21.62538	65.50121	169.9747
0.2	-5.15	0.34063	1.55391	6.41499	22.74073	68.06601	174.36128
0.2	-5.1	0.36753	1.65702	6.80531	23.89922	70.66534	178.6497
0.2	-5.05	0.3956	1.76599	7.21731	25.10094	73.29282	182.82024
0.2	-5.	0.42479	1.88124	7.65218	26.34572	75.94128	186.85232
0.2	-4.95	0.45501	2.00328	8.11109	27.63308	78.60276	190.72476
0.2	-4.9	0.48616	2.13269	8.59526	28.96217	81.26848	194.41583
0.2	-4.85	0.51818	2.27014	9.10589	30.33177	83.92884	197.90335
0.2	-4.8	0.55105	2.41642	9.64415	31.74018	86.57342	201.16496
0.2	-4.75	0.58479	2.57239	10.21116	33.18524	89.19099	204.17811
0.2	-4.7	0.61943	2.73901	10.80794	34.66427	91.76953	206.9204
0.2	-4.65	0.65503	2.91735	11.4354	36.17398	94.29629	209.36979
0.2	-4.6	0.69186	3.1086	12.09428	37.71051	96.75783	211.50459
0.2	-4.55	0.73034	3.31397	12.78511	39.26937	99.14008	213.30404
0.2	-4.5	0.77086	3.53474	13.50818	40.84539	101.42842	214.74816
0.2	-4.45	0.81395	3.77224	14.26352	42.43275	103.60781	215.81828
0.2	-4.4	0.86027	4.02781	15.0508	44.02494	105.66286	216.49724
0.2	-4.35	0.91057	4.30277	15.86935	45.61478	107.57796	216.76942
0.2	-4.3	0.9658	4.59843	16.71807	47.1944	109.33746	216.62125
0.2	-4.25	1.02696	4.91599	17.59544	48.75533	110.92579	216.04137
0.2	-4.2	1.09507	5.25656	18.49946	50.28844	112.32762	215.0207
0.2	-4.15	1.17121	5.62112	19.42762	51.78407	113.52806	213.55294
0.2	-4.1	1.25655	6.0105	20.37688	53.23203	114.51282	211.63446
0.2	-4.05	1.35232	6.42535	21.34365	54.62171	115.26842	209.26466
0.2	-4.	1.45975	6.86607	22.32378	55.94214	115.7824	206.44618
0.2	-3.95	1.58013	7.33283	23.31251	57.18208	116.04348	203.18474
0.2	-3.9	1.7148	7.82547	24.30452	58.33016	116.04177	199.48948
0.2	-3.85	1.86511	8.34351	25.29389	59.37501	115.76898	195.37287
0.2	-3.8	2.03249	8.88606	26.27416	60.30537	115.21862	190.85088
0.2	-3.75	2.21832	9.45175	27.23835	61.11024	114.38609	185.94256
0.2	-3.7	2.4238	10.03875	28.17899	61.77905	113.26895	180.67049
0.2	-3.65	2.64983	10.64474	29.08823	62.30182	111.8669	175.06006
0.2	-3.6	2.89729	11.26689	29.95786	62.66933	110.18208	169.13986
0.2	-3.55	3.16679	11.90185	30.77945	62.87326	108.21901	162.94101
0.2	-3.5	3.45863	12.54572	31.54439	62.90637	105.98471	156.49715
0.2	-3.45	3.77267	13.19411	32.24405	62.76265	103.48864	149.84388
0.2	-3.4	4.10829	13.8422	32.86986	62.43747	100.7428	143.01864
0.2	-3.35	4.46457	14.48473	33.41346	61.92774	97.76168	136.06041
0.2	-3.3	4.84042	15.11608	33.86678	61.23198	94.56196	129.00873
0.2	-3.25	5.23434	15.73022	34.22218	60.35051	91.16274	121.90405
0.2	-3.2	5.64448	16.32082	34.47262	59.28545	87.58497	114.78642
0.2	-3.15	6.06848	16.88127	34.61179	58.04088	83.85158	107.69582
0.2	-3.1	6.50372	17.40476	34.63424	56.62281	79.98702	100.67105
0.2	-3.05	6.9473	17.88433	34.53554	55.03922	76.01707	93.74965
0.2	-3.	7.39538	18.31298	34.31246	53.30002	71.96841	86.96711
0.2	-2.95	7.84375	18.68383	33.96305	51.41698	67.86838	80.35675
0.2	-2.9	8.28775	18.99026	33.48683	49.40367	63.7447	73.94936
0.2	-2.85	8.72208	19.22603	32.8848	47.27519	59.62471	67.77233
0.2	-2.8	9.14132	19.38549	32.15959	45.04818	55.53549	61.85013
0.2	-2.75	9.54008	19.4636	31.31544	42.74036	51.50296	56.20328
0.2	-2.7	9.91221	19.45613	30.35831	40.37052	47.55199	50.84894
0.2	-2.65	10.25125	19.35985	29.29576	37.95796	43.70553	45.80006
0.2	-2.6	10.55071	19.17275	28.13699	35.52247	39.98483	41.06613
0.2	-2.55	10.80394	18.89419	26.89264	33.08367	36.40863	36.65249
0.2	-2.5	11.0051	18.52502	25.57464	30.66091	32.99329	32.56094
0.2	-2.45	11.1494	18.06747	24.19606	28.27288	29.75253	28.78988
0.2	-2.4	11.23186	17.52526	22.7708	25.93713	26.6971	25.33419
0.2	-2.35	11.24828	16.90372	21.31342	23.67	23.8351	22.18608
0.2	-2.3	11.1955	16.20973	19.83874	21.48608	21.17157	19.33485
0.2	-2.25	11.07118	15.45172	18.36158	19.39821	18.70896	16.76782
0.2	-2.2	10.87575	14.63948	16.89628	17.41715	16.44697	14.47028
0.2	-2.15	10.61231	13.7835	15.45651	15.55153	14.38291	12.42615
0.2	-2.1	10.28365	12.89486	14.05491	13.80776	12.51182	10.6182
0.2	-2.05	9.89444	11.9851	12.70291	12.19008	10.82683	9.02861
0.2	-2.	9.45054	11.06592	11.4105	10.70062	9.3195	7.63929
0.2	-1.95	8.95902	10.14882	10.18599	9.33941	7.97991	6.43203
0.2	-1.9	8.42954	9.24482	9.03597	8.10476	6.79727	5.3891
0.2	-1.85	7.87274	8.36358	7.96522	6.9932	5.75995	4.49322
0.2	-1.8	7.29737	7.51368	6.97691	5.99999	4.85601	3.728
0.2	-1.75	6.71227	6.70251	6.07254	5.11908	4.07325	3.0779
0.2	-1.7	6.12583	5.93629	5.25218	4.34359	3.39968	2.52859
0.2	-1.65	5.54549	5.21999	4.51447	3.66583	2.82352	2.06679
0.2	-1.6	4.97907	4.55742	3.85683	3.07773	2.33357	1.68055
0.2	-1.55	4.43454	3.95077	3.27554	2.57095	1.91922	1.35904
0.2	-1.5	3.91724	3.4009	2.76609	2.13714	1.57064	1.0927
0.2	-1.45	3.43146	2.9076	2.32332	1.76813	1.27884	0.87313
0.2	-1.4	2.98065	2.46959	1.94158	1.45605	1.0357	0.69296
0.2	-1.35	2.56729	2.0848	1.61498	1.19352	0.83399	0.54587
0.2	-1.3	2.19354	1.75027	1.33746	0.97368	0.66736	0.42643
0.2	-1.25	1.86077	1.46223	1.10309	0.79035	0.5303	0.33002
0.2	-1.2	1.56807	1.21636	0.90616	0.63802	0.41806	0.25271
0.2	-1.15	1.31384	1.00814	0.74139	0.51187	0.32658	0.19121
0.2	-1.1	1.09562	0.83296	0.60397	0.40771	0.25246	0.14271
0.2	-1.05	0.91035	0.68633	0.48959	0.322	0.1928	0.10487
0.2	-1.	0.75461	0.56403	0.39454	0.25175	0.14516	0.07571
0.2	-0.95	0.62475	0.46215	0.31563	0.19446	0.10752	0.05357
0.2	-0.9	0.51695	0.37726	0.2502	0.14803	0.07812	0.03705
0.2	-0.85	0.42769	0.3064	0.19604	0.11075	0.05552	0.02496
0.2	-0.8	0.35382	0.24708	0.15138	0.08114	0.03845	0.01632
0.2	-0.75	0.29247	0.19724	0.11476	0.058	0.02585	0.01032
0.2	-0.7	0.24106	0.15525	0.08504	0.04025	0.01678	0.00628
0.2	-0.65	0.19735	0.11989	0.06125	0.02697	0.01047	0.00365
0.2	-0.6	0.15966	0.09026	0.04261	0.01734	0.00624	0.00202
0.2	-0.55	0.12675	0.06573	0.0284	0.01061	0.00352	0.00106
0.2	-0.5	0.09779	0.04585	0.01797	0.00613	0.00187	0.00052
0.2	-0.45	0.07233	0.03026	0.01068	0.00331	0.00092	0.00024
0.2	-0.4	0.05045	0.01864	0.00589	0.00165	0.00042	0.0001
0.2	-0.35	0.03259	0.01055	0.00297	0.00076	0.00018	0.00004
0.2	-0.3	0.01907	0.00538	0.00136	0.00031	0.00007	0.00001
0.2	-0.25	0.00983	0.00244	0.00056	0.00012	0.00002	0.00000
0.2	-0.2	0.00435	0.00099	0.00021	0.00004	0.00000	0.00000
0.2	-0.15	0.00173	0.00037	0.00007	0.00001	0.00000	0.00000
0.2	-0.1	0.00066	0.00012	0.00002	0.00000	0.00000	0.00000
0.2	-0.05	0.00024	0.00003	0.00000	0.00000	0.00000	0.00000
0.2	0.00	0.00000	0.00000	0.00000	0.00000	0.00000	0.00000
0.1	-8.9	0.00028	0.00463	0.04277	0.28602	1.54261	7.10238
0.1	-8.85	0.00031	0.00512	0.0468	0.30999	1.65809	7.57805
0.1	-8.8	0.00035	0.00566	0.05119	0.33586	1.78156	8.08255
0.1	-8.75	0.00039	0.00627	0.05598	0.36377	1.91353	8.61741
0.1	-8.7	0.00044	0.00693	0.06121	0.39386	2.05452	9.18417
0.1	-8.65	0.00049	0.00766	0.0669	0.42629	2.20509	9.78445
0.1	-8.6	0.00055	0.00847	0.07309	0.46123	2.36579	10.41995
0.1	-8.55	0.00062	0.00936	0.07984	0.49885	2.53724	11.09239
0.1	-8.5	0.0007	0.01034	0.08718	0.53934	2.72008	11.80358
0.1	-8.45	0.00078	0.01142	0.09516	0.5829	2.91495	12.55538
0.1	-8.4	0.00087	0.01261	0.10384	0.62974	3.12256	13.34973
0.1	-8.35	0.00098	0.01393	0.11328	0.68009	3.34364	14.1886
0.1	-8.3	0.0011	0.01537	0.12353	0.73418	3.57893	15.07405
0.1	-8.25	0.00123	0.01697	0.13466	0.79226	3.82922	16.00818
0.1	-8.2	0.00138	0.01872	0.14674	0.85459	4.09535	16.99317
0.1	-8.15	0.00155	0.02065	0.15985	0.92146	4.37817	18.03123
0.1	-8.1	0.00173	0.02277	0.17406	0.99314	4.67857	19.12466
0.1	-8.05	0.00194	0.0251	0.18946	1.06996	4.99748	20.27579
0.1	-8.	0.00217	0.02766	0.20615	1.15224	5.33587	21.48703
0.1	-7.95	0.00243	0.03047	0.22421	1.24031	5.69473	22.7608
0.1	-7.9	0.00273	0.03356	0.24376	1.33454	6.0751	24.09962
0.1	-7.85	0.00305	0.03696	0.26491	1.4353	6.47807	25.50601
0.1	-7.8	0.00342	0.04068	0.28776	1.54297	6.90473	26.98256
0.1	-7.75	0.00383	0.04476	0.31246	1.65798	7.35623	28.5319
0.1	-7.7	0.00429	0.04923	0.33912	1.78075	7.83377	30.15668
0.1	-7.65	0.0048	0.05413	0.3679	1.91174	8.33857	31.85958
0.1	-7.6	0.00537	0.0595	0.39893	2.05139	8.87188	33.6433
0.1	-7.55	0.00601	0.06537	0.43239	2.20022	9.43501	35.51058
0.1	-7.5	0.00673	0.07179	0.46842	2.35872	10.02929	37.46414
0.1	-7.45	0.00753	0.07881	0.50721	2.52742	10.65608	39.50672
0.1	-7.4	0.00843	0.08649	0.54893	2.70687	11.3168	41.64105
0.1	-7.35	0.00943	0.09487	0.59379	2.89764	12.01288	43.86985
0.1	-7.3	0.01054	0.10401	0.64199	3.10032	12.74579	46.19579
0.1	-7.25	0.01178	0.11398	0.69374	3.31552	13.51705	48.62155
0.1	-7.2	0.01317	0.12485	0.74925	3.54388	14.32818	51.1497
0.1	-7.15	0.01471	0.13669	0.80877	3.78605	15.18076	53.7828
0.1	-7.1	0.01644	0.14958	0.87253	4.0427	16.07638	56.52331
0.1	-7.05	0.01836	0.16359	0.94079	4.31454	17.01666	59.37359
0.1	-7.	0.0205	0.17882	1.01382	4.60228	18.00324	62.33589
0.1	-6.95	0.02288	0.19535	1.09187	4.90668	19.03779	65.41235
0.1	-6.9	0.02553	0.2133	1.17524	5.22848	20.12201	68.60493
0.1	-6.85	0.02848	0.23274	1.26422	5.56849	21.25757	71.91543
0.1	-6.8	0.03175	0.25381	1.3591	5.92752	22.4462	75.34545
0.1	-6.75	0.03538	0.2766	1.46022	6.3064	23.68962	78.89637
0.1	-6.7	0.03942	0.30123	1.56787	6.70599	24.98954	82.5693
0.1	-6.65	0.04389	0.32784	1.68241	7.12718	26.34768	86.36507
0.1	-6.6	0.04885	0.35654	1.80417	7.57087	27.76575	90.28421
0.1	-6.55	0.05434	0.38747	1.9335	8.03801	29.24542	94.32686
0.1	-6.5	0.06041	0.42077	2.07077	8.52954	30.78838	98.49282
0.1	-6.45	0.06712	0.45657	2.21635	9.04648	32.39623	102.78139
0.1	-6.4	0.07453	0.49502	2.37062	9.58982	34.07055	107.19146
0.1	-6.35	0.08269	0.53627	2.53398	10.16063	35.81287	111.72137
0.1	-6.3	0.09168	0.58045	2.70683	10.75997	37.62461	116.36888
0.1	-6.25	0.10158	0.62772	2.8896	11.38895	39.50713	121.13117
0.1	-6.2	0.11244	0.67823	3.08272	12.04871	41.46167	126.00472
0.1	-6.15	0.12434	0.73212	3.28664	12.74041	43.48934	130.98533
0.1	-6.1	0.13736	0.78955	3.50184	13.46525	45.59108	136.06798
0.1	-6.05	0.15159	0.85066	3.72881	14.22445	47.76768	141.24687
0.1	-6.	0.16712	0.9156	3.96806	15.01927	50.0197	146.5153
0.1	-5.95	0.18401	0.9845	4.22013	15.85097	52.34745	151.86564
0.1	-5.9	0.20234	1.05751	4.48562	16.72084	54.751	157.2893
0.1	-5.85	0.22218	1.13477	4.76512	17.63019	57.23008	162.77662
0.1	-5.8	0.24361	1.21642	5.05929	18.58033	59.78408	168.3169
0.1	-5.75	0.2667	1.30259	5.36883	19.57254	62.41198	173.89833
0.1	-5.7	0.29149	1.39343	5.69448	20.60813	65.11233	179.50792
0.1	-5.65	0.31802	1.48907	6.03707	21.68833	67.8832	185.13151
0.1	-5.6	0.34631	1.58969	6.39744	22.81434	70.72211	190.7538
0.1	-5.55	0.37634	1.69545	6.77653	23.98729	73.62598	196.3582
0.1	-5.5	0.40811	1.80655	7.17536	25.20821	76.59113	201.92702
0.1	-5.45	0.44157	1.92323	7.59497	26.47798	79.61314	207.44129
0.1	-5.4	0.47671	2.04575	8.03653	27.79735	82.68688	212.88097
0.1	-5.35	0.51341	2.17443	8.50123	29.16686	85.80643	218.22486
0.1	-5.3	0.55157	2.30964	8.99035	30.58679	88.96504	223.45079
0.1	-5.25	0.59106	2.45184	9.50522	32.05718	92.15509	228.53553
0.1	-5.2	0.63179	2.60156	10.04721	33.5777	95.36804	233.45505
0.1	-5.15	0.67365	2.75942	10.61772	35.14767	98.59448	238.18462
0.1	-5.1	0.71648	2.92616	11.21815	36.76597	101.824	242.69878
0.1	-5.05	0.76025	3.10264	11.84988	38.431	105.04529	246.97176
0.1	-5.	0.80494	3.28981	12.51425	40.14064	108.24609	250.97742
0.1	-4.95	0.85051	3.48875	13.21249	41.89218	111.41323	254.68957
0.1	-4.9	0.8971	3.70067	13.94573	43.6823	114.53268	258.08221
0.1	-4.85	0.94502	3.92688	14.7149	45.50701	117.58955	261.12958
0.1	-4.8	0.99458	4.16876	15.52073	47.36162	120.56822	263.80667
0.1	-4.75	1.04631	4.42777	16.3637	49.24074	123.45236	266.08917
0.1	-4.7	1.10084	4.7054	17.24398	51.13821	126.22509	267.95394
0.1	-4.65	1.1589	5.00315	18.16137	53.04713	128.86903	269.37933
0.1	-4.6	1.22131	5.32253	19.11532	54.95983	131.36647	270.34512
0.1	-4.55	1.28917	5.66499	20.10481	56.86791	133.69952	270.83324
0.1	-4.5	1.36352	6.03191	21.12836	58.76223	135.8502	270.8276
0.1	-4.45	1.44548	6.42454	22.18399	60.63294	137.8007	270.31465
0.1	-4.4	1.53632	6.84404	23.26917	62.46958	139.53351	269.28362
0.1	-4.35	1.63738	7.29135	24.38081	64.26103	141.03161	267.72648
0.1	-4.3	1.75008	7.76721	25.51522	65.99569	142.2787	265.63841
0.1	-4.25	1.87573	8.27209	26.66813	67.66148	143.25941	263.01805
0.1	-4.2	2.01564	8.80622	27.83463	69.24597	143.95943	259.86723
0.1	-4.15	2.17119	9.36953	29.00921	70.7365	144.3659	256.1917
0.1	-4.1	2.34378	9.96157	30.18573	72.12026	144.46738	252.00064
0.1	-4.05	2.53475	10.58154	31.35746	73.38448	144.25426	247.30707
0.1	-4.	2.74535	11.22817	32.51707	74.51652	143.71892	242.1279
0.1	-3.95	2.97662	11.89981	33.65673	75.50406	142.85575	236.48348
0.1	-3.9	3.22959	12.5943	34.76807	76.33526	141.66154	230.39793
0.1	-3.85	3.50531	13.30901	35.84232	76.99893	140.13548	223.89877
0.1	-3.8	3.80462	14.04072	36.87031	77.48474	138.27938	217.01702
0.1	-3.75	4.12817	14.78563	37.84264	77.78333	136.09758	209.78634
0.1	-3.7	4.47628	15.53937	38.74972	77.88657	133.59729	202.24362
0.1	-3.65	4.84881	16.297	39.58196	77.78765	130.78826	194.4277
0.1	-3.6	5.24543	17.05302	40.32984	77.48133	127.68311	186.37991
0.1	-3.55	5.66531	17.8014	40.98412	76.964	124.29701	178.14299
0.1	-3.5	6.10698	18.53565	41.53595	76.23387	120.64774	169.76101
0.1	-3.45	6.56837	19.2489	41.97701	75.29102	116.75538	161.27861
0.1	-3.4	7.04693	19.93403	42.29973	74.1375	112.64231	152.74082
0.1	-3.35	7.53974	20.58369	42.49734	72.77743	108.33298	144.19266
0.1	-3.3	8.04339	21.19042	42.5641	71.21693	103.8534	135.67797
0.1	-3.25	8.55395	21.74673	42.49539	69.46423	99.23128	127.23994
0.1	-3.2	9.06687	22.24526	42.28785	67.52945	94.4952	118.91956
0.1	-3.15	9.57713	22.6789	41.9395	65.42474	89.67479	110.75617
0.1	-3.1	10.07962	23.04096	41.44981	63.164	84.79995	102.78633
0.1	-3.05	10.56924	23.32515	40.81982	60.76282	79.90072	95.04384
0.1	-3.	11.04018	23.52573	40.05212	58.23822	75.00671	87.55907
0.1	-2.95	11.48612	23.63776	39.151	55.6085	70.1469	80.35904
0.1	-2.9	11.90055	23.6573	38.12236	52.89304	65.3493	73.46725
0.1	-2.85	12.27702	23.58146	36.97367	50.11183	60.64023	66.9029
0.1	-2.8	12.60984	23.4086	35.71391	47.28544	56.04459	60.68174
0.1	-2.75	12.89381	23.13811	34.3534	44.43445	51.58491	54.81507
0.1	-2.7	13.1232	22.77072	32.9038	41.57943	47.28175	49.31076
0.1	-2.65	13.29283	22.30855	31.37778	38.74033	43.15287	44.17239
0.1	-2.6	13.3983	21.75521	29.78895	35.93647	39.21368	39.40035
0.1	-2.55	13.43594	21.11574	28.15148	33.18598	35.47658	34.9912
0.1	-2.5	13.40408	20.39651	26.47993	30.50576	31.95128	30.93855
0.1	-2.45	13.30272	19.60484	24.78895	27.9112	28.64477	27.23321
0.1	-2.4	13.13143	18.74901	23.09303	25.41589	25.56109	23.86321
0.1	-2.35	12.89124	17.83829	21.4064	23.03167	22.70187	20.8147
0.1	-2.3	12.58423	16.88266	19.74254	20.76827	20.06604	18.07174
0.1	-2.25	12.21343	15.89275	18.11414	18.63352	17.65038	15.61719
0.1	-2.2	11.78411	14.87954	16.53276	16.6331	15.4495	13.4327
0.1	-2.15	11.30337	13.85376	15.00869	14.77076	13.45623	11.49929
0.1	-2.1	10.77765	12.82581	13.55086	13.04823	11.66172	9.79751
0.1	-2.05	10.21405	11.8057	12.16678	11.4655	10.05589	8.3079
0.1	-2.	9.61995	10.80291	10.86254	10.02086	8.62765	7.01128
0.1	-1.95	9.00264	9.82621	9.64262	8.71101	7.36504	5.88883
0.1	-1.9	8.37092	8.88365	8.51005	7.53138	6.25571	4.92253
0.1	-1.85	7.73436	7.98179	7.46633	6.47619	5.28696	4.09513
0.1	-1.8	7.09989	7.12605	6.51174	5.5388	4.44614	3.39048
0.1	-1.75	6.47387	6.32082	5.64532	4.71175	3.72069	2.79349
0.1	-1.7	5.86211	5.56957	4.86506	3.98711	3.09852	2.29034
0.1	-1.65	5.26971	4.87479	4.1679	3.35648	2.56793	1.86835
0.1	-1.6	4.7021	4.2381	3.54997	2.81138	2.11799	1.51619
0.1	-1.55	4.16445	3.65987	3.00658	2.34328	1.73844	1.22368
0.1	-1.5	3.65987	3.13953	2.53253	1.94382	1.41988	0.98186
0.1	-1.45	3.19115	2.67572	2.12221	1.60498	1.1538	0.7829
0.1	-1.4	2.76042	2.26629	1.76973	1.31912	0.93254	0.61997
0.1	-1.35	2.36892	1.9084	1.46911	1.07919	0.74934	0.48724
0.1	-1.3	2.01751	1.59862	1.21437	0.87867	0.59829	0.37968
0.1	-1.25	1.70661	1.33291	0.99973	0.71178	0.47429	0.29306
0.1	-1.2	1.4348	1.10681	0.81975	0.57334	0.37295	0.22378
0.1	-1.15	1.19983	0.91581	0.66942	0.4589	0.29054	0.1688
0.1	-1.1	0.99885	0.75544	0.54422	0.36458	0.22392	0.12557
0.1	-1.05	0.82862	0.62143	0.44018	0.28712	0.17044	0.09195
0.1	-1.	0.68587	0.50983	0.35384	0.22377	0.12788	0.06614
0.1	-0.95	0.56722	0.41696	0.28226	0.17223	0.09434	0.04661
0.1	-0.9	0.46892	0.33962	0.223	0.1306	0.06826	0.03209
0.1	-0.85	0.38757	0.27507	0.17406	0.09728	0.04829	0.02152
0.1	-0.8	0.32012	0.22105	0.13382	0.07093	0.03328	0.01401
0.1	-0.75	0.26396	0.17572	0.10095	0.05043	0.02226	0.00881
0.1	-0.7	0.21681	0.13763	0.07438	0.0348	0.01437	0.00533
0.1	-0.65	0.17671	0.10567	0.05325	0.02317	0.00891	0.00309
0.1	-0.6	0.14216	0.07903	0.03679	0.0148	0.00528	0.0017
0.1	-0.55	0.11207	0.05711	0.02434	0.009	0.00296	0.00088
0.1	-0.5	0.08572	0.03949	0.01528	0.00516	0.00156	0.00043
0.1	-0.45	0.06277	0.02582	0.00901	0.00277	0.00077	0.0002
0.1	-0.4	0.04328	0.01574	0.00492	0.00137	0.00035	0.00008
0.1	-0.35	0.02759	0.00881	0.00247	0.00063	0.00015	0.00003
0.1	-0.3	0.01593	0.00446	0.00112	0.00026	0.00006	0.00001
0.1	-0.25	0.00813	0.00201	0.00046	0.0001	0.00002	0.00000
0.1	-0.2	0.00358	0.00081	0.00017	0.00003	0.00000	0.00000
0.1	-0.15	0.00142	0.0003	0.00006	0.00000	0.00000	0.00000
0.1	-0.1	0.00054	0.0001	0.00002	0.00000	0.00000	0.00000
0.1	-0.05	0.0002	0.00002	0.00000	0.00000	0.00000	0.00000
0.1	0.00	0.00000	0.00000	0.00000	0.00000	0.00000	0.00000
0.07	-8.9	0.00043	0.00692	0.06193	0.40254	2.11491	9.50475
0.07	-8.85	0.00048	0.00765	0.06771	0.43584	2.27061	10.12878
0.07	-8.8	0.00054	0.00846	0.07401	0.47173	2.43687	10.78961
0.07	-8.75	0.00061	0.00935	0.08087	0.5104	2.6143	11.48908
0.07	-8.7	0.00068	0.01033	0.08834	0.55203	2.80358	12.22907
0.07	-8.65	0.00077	0.01142	0.09647	0.59684	3.0054	13.01156
0.07	-8.6	0.00086	0.01261	0.10531	0.64505	3.22048	13.83857
0.07	-8.55	0.00096	0.01393	0.11493	0.69688	3.44959	14.7122
0.07	-8.5	0.00108	0.01538	0.12537	0.7526	3.69351	15.63461
0.07	-8.45	0.00121	0.01698	0.13673	0.81245	3.95308	16.60803
0.07	-8.4	0.00135	0.01874	0.14906	0.87671	4.22916	17.63474
0.07	-8.35	0.00152	0.02068	0.16244	0.94567	4.52266	18.71711
0.07	-8.3	0.0017	0.02281	0.17696	1.01965	4.8345	19.85754
0.07	-8.25	0.0019	0.02516	0.1927	1.09895	5.16567	21.05852
0.07	-8.2	0.00213	0.02773	0.20976	1.18393	5.51717	22.32258
0.07	-8.15	0.00239	0.03057	0.22825	1.27494	5.89007	23.65231
0.07	-8.1	0.00268	0.03368	0.24827	1.37235	6.28544	25.05036
0.07	-8.05	0.003	0.0371	0.26993	1.47656	6.70442	26.51942
0.07	-8.	0.00336	0.04085	0.29337	1.58797	7.14817	28.06225
0.07	-7.95	0.00376	0.04497	0.3187	1.70703	7.6179	29.68163
0.07	-7.9	0.00421	0.04948	0.34607	1.83418	8.11487	31.38039
0.07	-7.85	0.00472	0.05443	0.37562	1.96989	8.64035	33.1614
0.07	-7.8	0.00528	0.05986	0.40752	2.11466	9.19566	35.02755
0.07	-7.75	0.00591	0.0658	0.44192	2.269	9.78218	36.98176
0.07	-7.7	0.00661	0.0723	0.47901	2.43344	10.40131	39.02697
0.07	-7.65	0.0074	0.07942	0.51895	2.60853	11.05447	41.16611
0.07	-7.6	0.00828	0.0872	0.56195	2.79486	11.74316	43.40215
0.07	-7.55	0.00926	0.0957	0.60821	2.99303	12.46888	45.73801
0.07	-7.5	0.01036	0.10499	0.65795	3.20364	13.23317	48.17663
0.07	-7.45	0.01159	0.11512	0.71139	3.42735	14.03763	50.7209
0.07	-7.4	0.01296	0.12618	0.76876	3.66483	14.88386	53.37369
0.07	-7.35	0.01449	0.13823	0.83031	3.91675	15.77352	56.1378
0.07	-7.3	0.0162	0.15136	0.89629	4.18383	16.70827	59.01599
0.07	-7.25	0.0181	0.16565	0.96698	4.4668	17.68982	62.01091
0.07	-7.2	0.02021	0.1812	1.04266	4.76641	18.7199	65.12513
0.07	-7.15	0.02257	0.1981	1.12361	5.08344	19.80027	68.36112
0.07	-7.1	0.02519	0.21646	1.21014	5.41869	20.93269	71.72119
0.07	-7.05	0.02811	0.23638	1.30255	5.77298	22.11896	75.20753
0.07	-7.	0.03136	0.25797	1.40116	6.14715	23.36089	78.82211
0.07	-6.95	0.03497	0.28137	1.50632	6.54208	24.6603	82.56674
0.07	-6.9	0.03898	0.3067	1.61836	6.95864	26.019	86.44298
0.07	-6.85	0.04343	0.33408	1.73763	7.39776	27.43882	90.45213
0.07	-6.8	0.04837	0.36366	1.86451	7.86037	28.92159	94.59522
0.07	-6.75	0.05384	0.39558	1.99935	8.34743	30.46911	98.87293
0.07	-6.7	0.0599	0.42999	2.14254	8.85993	32.08318	103.28561
0.07	-6.65	0.06661	0.46705	2.29448	9.39888	33.76557	107.83321
0.07	-6.6	0.07403	0.5069	2.45557	9.96532	35.51801	112.51522
0.07	-6.55	0.08223	0.54971	2.62621	10.56032	37.34218	117.33068
0.07	-6.5	0.09126	0.59564	2.80683	11.18496	39.23972	122.27808
0.07	-6.45	0.10122	0.64487	2.99786	11.84037	41.21217	127.35533
0.07	-6.4	0.11216	0.69755	3.19976	12.52769	43.261	132.55976
0.07	-6.35	0.12419	0.75385	3.41296	13.24812	45.38757	137.88797
0.07	-6.3	0.1374	0.81395	3.63796	14.00286	47.59311	143.33583
0.07	-6.25	0.15186	0.878	3.87523	14.79315	49.8787	148.89848
0.07	-6.2	0.16768	0.94618	4.1253	15.62026	52.24525	154.57014
0.07	-6.15	0.18494	1.01864	4.38868	16.48548	54.69346	160.34418
0.07	-6.1	0.20375	1.09554	4.66593	17.39015	57.22379	166.21298
0.07	-6.05	0.22419	1.17703	4.95765	18.33559	59.83644	172.16792
0.07	-6.	0.24635	1.26326	5.26445	19.32318	62.5313	178.19933
0.07	-5.95	0.27032	1.35439	5.587	20.35429	65.3079	184.29637
0.07	-5.9	0.29617	1.45054	5.926	21.43027	68.1654	190.44712
0.07	-5.85	0.32397	1.55188	6.2822	22.5525	71.1025	196.63836
0.07	-5.8	0.35375	1.65854	6.65642	23.7223	74.11741	202.85569
0.07	-5.75	0.38553	1.77069	7.04953	24.94096	77.20783	209.08346
0.07	-5.7	0.41933	1.88851	7.46248	26.20971	80.37082	215.30467
0.07	-5.65	0.45518	2.01219	7.89626	27.52968	83.60283	221.5011
0.07	-5.6	0.49302	2.14194	8.35196	28.9019	86.89961	227.65326
0.07	-5.55	0.53283	2.27802	8.83075	30.32723	90.25611	233.74032
0.07	-5.5	0.57456	2.42072	9.33384	31.80636	93.66653	239.74035
0.07	-5.45	0.61809	2.5704	9.86255	33.33975	97.12417	245.63016
0.07	-5.4	0.66329	2.72748	10.41824	34.92758	100.62146	251.38553
0.07	-5.35	0.71	2.89246	11.00234	36.56971	104.14989	256.9812
0.07	-5.3	0.75805	3.06596	11.61631	38.26566	107.69996	262.3911
0.07	-5.25	0.80739	3.24869	12.26163	40.01449	111.26121	267.58831
0.07	-5.2	0.85795	3.44148	12.93977	41.8148	114.82214	272.54536
0.07	-5.15	0.90963	3.64526	13.65217	43.66465	118.37031	277.23441
0.07	-5.1	0.96242	3.8611	14.40019	45.56155	121.89223	281.62724
0.07	-5.05	1.0164	4.09019	15.18511	47.50234	125.3735	285.69578
0.07	-5.	1.07171	4.33385	16.00802	49.48319	128.79877	289.41201
0.07	-4.95	1.12861	4.5935	16.86983	51.49958	132.15185	292.74841
0.07	-4.9	1.18755	4.87065	17.77122	53.54622	135.41578	295.67826
0.07	-4.85	1.2492	5.16688	18.71253	55.61702	138.57288	298.17561
0.07	-4.8	1.31428	5.48377	19.69379	57.70514	141.60493	300.216
0.07	-4.75	1.38362	5.8229	20.71463	59.80291	144.49321	301.77629
0.07	-4.7	1.45819	6.18585	21.77425	61.90188	147.21871	302.83522
0.07	-4.65	1.53904	6.57413	22.87137	63.99279	149.76229	303.37375
0.07	-4.6	1.62736	6.98916	24.00419	66.06565	152.10475	303.37496
0.07	-4.55	1.72447	7.43223	25.17037	68.10974	154.22717	302.82486
0.07	-4.5	1.8317	7.90446	26.36695	70.11365	156.11095	301.71208
0.07	-4.45	1.95046	8.40678	27.5904	72.0654	157.73811	300.02851
0.07	-4.4	2.08227	8.93986	28.83653	73.95247	159.09153	297.76948
0.07	-4.35	2.22865	9.50409	30.1005	75.76191	160.15503	294.93359
0.07	-4.3	2.39113	10.09952	31.37684	77.48044	160.91372	291.52325
0.07	-4.25	2.57118	10.72586	32.65942	79.09459	161.35423	287.54482
0.07	-4.2	2.77012	11.38241	33.94148	80.59081	161.46474	283.00817
0.07	-4.15	2.98929	12.06809	35.21565	81.95562	161.23547	277.92751
0.07	-4.1	3.23003	12.78134	36.47398	83.17576	160.65859	272.32057
0.07	-4.05	3.49357	13.52008	37.70798	84.23839	159.7286	266.20909
0.07	-4.	3.7808	14.28173	38.90871	85.13121	158.44248	259.61875
0.07	-3.95	4.09239	15.06319	40.06679	85.84268	156.79964	252.57844
0.07	-3.9	4.42899	15.86084	41.17254	86.36218	154.80227	245.12072
0.07	-3.85	4.79106	16.67045	42.21605	86.68018	152.45525	237.28111
0.07	-3.8	5.17875	17.48721	43.1873	86.78848	149.76637	229.09827
0.07	-3.75	5.59188	18.30572	44.07629	86.68029	146.74604	220.61287
0.07	-3.7	6.0297	19.12001	44.87318	86.35047	143.40766	211.86823
0.07	-3.65	6.49093	19.92364	45.56846	85.7956	139.76711	202.90885
0.07	-3.6	6.97407	20.70971	46.15308	85.01416	135.84304	193.78093
0.07	-3.55	7.47696	21.47093	46.61864	84.00659	131.65643	184.53121
0.07	-3.5	7.99672	22.19971	46.95752	82.77537	127.23057	175.20686
0.07	-3.45	8.52978	22.88833	47.16306	81.32502	122.59063	165.85466
0.07	-3.4	9.07214	23.52905	47.22969	79.66216	117.76361	156.52088
0.07	-3.35	9.61948	24.1142	47.15304	77.79548	112.77804	147.25085
0.07	-3.3	10.16701	24.63629	46.93007	75.73559	107.66335	138.0878
0.07	-3.25	10.70928	25.08814	46.55922	73.49508	102.45004	129.07349
0.07	-3.2	11.24044	25.46311	46.04039	71.08818	97.16873	120.24667
0.07	-3.15	11.75422	25.75521	45.37507	68.53084	91.85041	111.64379
0.07	-3.1	12.24478	25.95925	44.56629	65.84034	86.5256	103.29786
0.07	-3.05	12.7066	26.07077	43.61867	63.03521	81.22425	95.23865
0.07	-3.	13.13327	26.08621	42.53837	60.13484	75.9752	87.49211
0.07	-2.95	13.51844	26.00318	41.33307	57.15938	70.80603	80.08054
0.07	-2.9	13.85625	25.82048	40.01185	54.12948	65.74282	73.02255
0.07	-2.85	14.14121	25.53819	38.58503	51.06574	60.80947	66.3324
0.07	-2.8	14.36884	25.15763	37.06408	47.98884	56.02806	60.0209
0.07	-2.75	14.53569	24.68126	35.46134	44.91886	51.41802	54.09459
0.07	-2.7	14.63822	24.11271	33.79003	41.8754	46.99657	48.55673
0.07	-2.65	14.67364	23.45682	32.06388	38.87696	42.77804	43.40658
0.07	-2.6	14.63996	22.71964	30.29702	35.94107	38.77438	38.64053
0.07	-2.55	14.53604	21.90837	28.50367	33.08373	34.99458	34.25152
0.07	-2.5	14.36317	21.03112	26.6979	30.31951	31.44507	30.22987
0.07	-2.45	14.12438	20.09644	24.89353	27.6614	28.12976	26.56354
0.07	-2.4	13.82169	19.11327	23.10379	25.12045	25.04981	23.23806
0.07	-2.35	13.45793	18.0911	21.34143	22.70608	22.20427	20.23745
0.07	-2.3	13.03675	17.03978	19.61825	20.42562	19.58972	17.54402
0.07	-2.25	12.5628	15.96936	17.94512	18.28467	17.20091	15.13918
0.07	-2.2	12.04233	14.88983	16.33175	16.28687	15.03069	13.00344
0.07	-2.15	11.48232	13.81074	14.78664	14.43409	13.07038	11.11691
0.07	-2.1	10.8889	12.74116	13.31699	12.72644	11.30991	9.4595
0.07	-2.05	10.26857	11.68976	11.92873	11.16243	9.73817	8.01131
0.07	-2.	9.62779	10.66468	10.62648	9.73913	8.34329	6.75286
0.07	-1.95	8.97306	9.67342	9.4134	8.45219	7.11267	5.66518
0.07	-1.9	8.31248	8.72276	8.29135	7.29617	6.03354	4.73023
0.07	-1.85	7.65427	7.81808	7.26084	6.26457	5.09285	3.93082
0.07	-1.8	7.00419	6.96382	6.32128	5.3502	4.27778	3.25094
0.07	-1.75	6.36796	6.16349	5.47096	4.54517	3.57568	2.67567
0.07	-1.7	5.7505	5.41973	4.70728	3.8412	2.97443	2.19142
0.07	-1.65	5.15602	4.73436	4.02666	3.2297	2.46242	1.78577
0.07	-1.6	4.58928	4.1084	3.42483	2.70205	2.0288	1.44762
0.07	-1.55	4.05493	3.54172	2.89677	2.24965	1.66347	1.16706
0.07	-1.5	3.55571	3.0333	2.43703	1.86415	1.3572	0.93537
0.07	-1.45	3.09389	2.58138	2.03985	1.53758	1.10166	0.74495
0.07	-1.4	2.67115	2.18346	1.69922	1.26241	0.88939	0.58919
0.07	-1.35	2.28836	1.83645	1.40913	1.03169	0.71383	0.46244
0.07	-1.3	1.946	1.53669	1.16363	0.83908	0.56922	0.35985
0.07	-1.25	1.644	1.28	0.95701	0.67892	0.45064	0.27734
0.07	-1.2	1.38059	1.06189	0.78391	0.5462	0.35384	0.21144
0.07	-1.15	1.15336	0.87786	0.63946	0.43658	0.27523	0.15922
0.07	-1.1	0.95931	0.7235	0.51926	0.34634	0.21176	0.11823
0.07	-1.05	0.79525	0.59463	0.41944	0.27231	0.16089	0.08641
0.07	-1.	0.65794	0.48734	0.33666	0.21185	0.12047	0.06202
0.07	-0.95	0.5438	0.39808	0.2681	0.16273	0.08869	0.04361
0.07	-0.9	0.4492	0.32376	0.21141	0.12313	0.06403	0.02996
0.07	-0.85	0.37088	0.26177	0.16467	0.0915	0.04518	0.02004
0.07	-0.8	0.30592	0.20995	0.12629	0.06655	0.03106	0.01301
0.07	-0.75	0.25184	0.16652	0.09502	0.04718	0.02071	0.00816
0.07	-0.7	0.20646	0.13009	0.06981	0.03245	0.01333	0.00492
0.07	-0.65	0.16788	0.09958	0.04981	0.02154	0.00824	0.00284
0.07	-0.6	0.13467	0.07421	0.03428	0.0137	0.00486	0.00156
0.07	-0.55	0.10578	0.05341	0.02259	0.00829	0.00272	0.00081
0.07	-0.5	0.08057	0.03676	0.01411	0.00474	0.00143	0.00039
0.07	-0.45	0.05869	0.0239	0.00828	0.00253	0.0007	0.00018
0.07	-0.4	0.04019	0.01448	0.0045	0.00125	0.00032	0.00007
0.07	-0.35	0.02543	0.00806	0.00224	0.00057	0.00013	0.00003
0.07	-0.3	0.01457	0.00405	0.00102	0.00023	0.00005	0.00001
0.07	-0.25	0.00737	0.00182	0.00042	0.00009	0.00002	0.00000
0.07	-0.2	0.00323	0.00073	0.00015	0.00003	0.00000	0.00000
0.07	-0.15	0.00128	0.00027	0.00005	0.00000	0.00000	0.00000
0.07	-0.1	0.00049	0.00009	0.00001	0.00000	0.00000	0.00000
0.07	-0.05	0.00018	0.00002	0.00000	0.00000	0.00000	0.00000
0.07	0.00	0.00000	0.00000	0.00000	0.00000	0.00000	0.00000
0.05	-8.9	0.00064	0.00993	0.08647	0.54827	2.81649	12.39819
0.05	-8.85	0.00072	0.01098	0.09447	0.59309	3.0208	13.19788
0.05	-8.8	0.0008	0.01213	0.10318	0.64135	3.23868	14.04355
0.05	-8.75	0.0009	0.0134	0.11266	0.69327	3.4709	14.93739
0.05	-8.7	0.00101	0.0148	0.12297	0.74911	3.7183	15.88168
0.05	-8.65	0.00113	0.01635	0.13418	0.80914	3.98174	16.87875
0.05	-8.6	0.00127	0.01805	0.14635	0.87364	4.2621	17.93101
0.05	-8.55	0.00142	0.01993	0.15958	0.94291	4.56034	19.04094
0.05	-8.5	0.0016	0.02199	0.17394	1.01727	4.87742	20.21108
0.05	-8.45	0.00179	0.02426	0.18953	1.09704	5.21436	21.44405
0.05	-8.4	0.00201	0.02676	0.20643	1.18258	5.57221	22.74252
0.05	-8.35	0.00225	0.02951	0.22476	1.27426	5.95208	24.10925
0.05	-8.3	0.00252	0.03253	0.24462	1.37246	6.35511	25.54702
0.05	-8.25	0.00282	0.03585	0.26614	1.47759	6.78246	27.05869
0.05	-8.2	0.00316	0.03949	0.28942	1.59008	7.23537	28.64719
0.05	-8.15	0.00354	0.0435	0.31462	1.71038	7.7151	30.31548
0.05	-8.1	0.00397	0.04789	0.34187	1.83895	8.22295	32.06657
0.05	-8.05	0.00444	0.05271	0.37132	1.97629	8.76027	33.90352
0.05	-8.	0.00497	0.05799	0.40312	2.1229	9.32846	35.82942
0.05	-7.95	0.00557	0.06379	0.43746	2.27933	9.92894	37.84739
0.05	-7.9	0.00623	0.07013	0.47451	2.44613	10.56318	39.96058
0.05	-7.85	0.00698	0.07708	0.51446	2.62388	11.2327	42.17217
0.05	-7.8	0.00781	0.08469	0.5575	2.81318	11.93906	44.48534
0.05	-7.75	0.00874	0.09301	0.60386	3.01466	12.68383	46.90326
0.05	-7.7	0.00977	0.1021	0.65375	3.22897	13.46865	49.42911
0.05	-7.65	0.01093	0.11204	0.7074	3.45678	14.29519	52.06605
0.05	-7.6	0.01223	0.12289	0.76506	3.6988	15.16515	54.81723
0.05	-7.55	0.01367	0.13473	0.82699	3.95573	16.08025	57.68572
0.05	-7.5	0.01528	0.14764	0.89346	4.22833	17.04228	60.67458
0.05	-7.45	0.01708	0.16171	0.96474	4.51736	18.05302	63.78678
0.05	-7.4	0.01909	0.17704	1.04113	4.82362	19.1143	67.02522
0.05	-7.35	0.02132	0.19372	1.12294	5.14792	20.22798	70.39269
0.05	-7.3	0.02381	0.21186	1.21048	5.49109	21.39592	73.89188
0.05	-7.25	0.02658	0.23158	1.30409	5.854	22.62002	77.52534
0.05	-7.2	0.02966	0.25299	1.40409	6.23754	23.90221	81.29546
0.05	-7.15	0.0331	0.27621	1.51085	6.64261	25.24439	85.20444
0.05	-7.1	0.03691	0.30139	1.62472	7.07013	26.64852	89.25431
0.05	-7.05	0.04116	0.32865	1.74609	7.52107	28.11653	93.44683
0.05	-7.	0.04588	0.35815	1.87534	7.9964	29.65037	97.78352
0.05	-6.95	0.05112	0.39003	2.01286	8.49712	31.25197	102.2656
0.05	-6.9	0.05693	0.42446	2.15907	9.02425	32.92326	106.89398
0.05	-6.85	0.06336	0.4616	2.31437	9.57884	34.66616	111.6692
0.05	-6.8	0.07048	0.50161	2.47921	10.16196	36.48253	116.59139
0.05	-6.75	0.07835	0.54469	2.654	10.77471	38.37423	121.66025
0.05	-6.7	0.08705	0.59099	2.83921	11.4182	40.34305	126.87499
0.05	-6.65	0.09666	0.64072	3.03528	12.09359	42.39074	132.2343
0.05	-6.6	0.10725	0.69405	3.24269	12.80205	44.51897	137.73627
0.05	-6.55	0.11892	0.75118	3.46191	13.54477	46.72931	143.37837
0.05	-6.5	0.13175	0.81228	3.69343	14.323	49.02324	149.1574
0.05	-6.45	0.14585	0.87756	3.93775	15.13798	51.40211	155.06937
0.05	-6.4	0.16131	0.9472	4.1954	15.99101	53.86713	161.10954
0.05	-6.35	0.17824	1.02138	4.4669	16.8834	56.41933	167.27229
0.05	-6.3	0.19674	1.10029	4.75282	17.81649	59.05953	173.55108
0.05	-6.25	0.21692	1.18411	5.05373	18.79165	61.78835	179.93842
0.05	-6.2	0.23887	1.27302	5.37023	19.81027	64.60611	186.42572
0.05	-6.15	0.26272	1.36718	5.70297	20.87375	67.51286	193.00338
0.05	-6.1	0.28855	1.46677	6.05262	21.98352	70.50828	199.66059
0.05	-6.05	0.31647	1.57194	6.41988	23.14098	73.59168	206.38535
0.05	-6.	0.34654	1.68287	6.80552	24.34757	76.76194	213.16445
0.05	-5.95	0.37884	1.79971	7.21036	25.60466	80.01744	219.98332
0.05	-5.9	0.41342	1.92263	7.63526	26.91363	83.35605	226.82616
0.05	-5.85	0.45033	2.05181	8.08117	28.27578	86.77502	233.67575
0.05	-5.8	0.48956	2.18744	8.54908	29.69233	90.27098	240.51354
0.05	-5.75	0.53113	2.32974	9.04009	31.1644	93.83985	247.31964
0.05	-5.7	0.57499	2.47896	9.55533	32.69298	97.47678	254.07278
0.05	-5.65	0.62111	2.63537	10.09605	34.27889	101.17611	260.75038
0.05	-5.6	0.66943	2.7993	10.66355	35.92272	104.93134	267.32863
0.05	-5.55	0.71981	2.97115	11.2592	37.62482	108.73499	273.78242
0.05	-5.5	0.7721	3.15139	11.88447	39.38524	112.57869	280.08562
0.05	-5.45	0.8262	3.3406	12.54083	41.20366	116.45302	286.21099
0.05	-5.4	0.88197	3.53943	13.22981	43.07937	120.34755	292.13043
0.05	-5.35	0.93925	3.74867	13.95296	45.01117	124.2508	297.81504
0.05	-5.3	0.99793	3.96923	14.71177	46.99738	128.15027	303.23543
0.05	-5.25	1.05797	4.20215	15.50773	49.0357	132.03234	308.36169
0.05	-5.2	1.11943	4.4486	16.34221	51.12323	135.88241	313.16373
0.05	-5.15	1.1825	4.70987	17.21644	53.2564	139.68488	317.6116
0.05	-5.1	1.24744	4.98734	18.13149	55.43087	143.42318	321.67544
0.05	-5.05	1.31459	5.2825	19.08821	57.64159	147.07989	325.32611
0.05	-5.	1.38436	5.59692	20.08717	59.88267	150.63676	328.5351
0.05	-4.95	1.45735	5.93224	21.12862	62.14742	154.07486	331.27504
0.05	-4.9	1.53436	6.29015	22.21244	64.42832	157.37471	333.52005
0.05	-4.85	1.61636	6.6723	23.33807	66.71696	160.51633	335.2457
0.05	-4.8	1.70437	7.08034	24.50449	69.00415	163.47954	336.42976
0.05	-4.75	1.79951	7.51581	25.71014	71.27985	166.24396	337.05203
0.05	-4.7	1.9031	7.98018	26.95292	73.53324	168.7893	337.09495
0.05	-4.65	2.01653	8.47475	28.23013	75.75277	171.09558	336.5439
0.05	-4.6	2.14132	9.00063	29.53842	77.9262	173.1432	335.38703
0.05	-4.55	2.27898	9.55869	30.87382	80.04071	174.91334	333.61614
0.05	-4.5	2.43103	10.14953	32.23165	82.08292	176.388	331.22623
0.05	-4.45	2.59915	10.77344	33.60657	84.03909	177.55036	328.21615
0.05	-4.4	2.78492	11.43033	34.99254	85.89517	178.38498	324.58872
0.05	-4.35	2.98998	12.11973	36.38287	87.63692	178.87792	320.35045
0.05	-4.3	3.21581	12.8407	37.7702	89.25011	179.01711	315.51199
0.05	-4.25	3.46373	13.59186	39.14656	90.72066	178.7925	310.08825
0.05	-4.2	3.73509	14.3713	40.50339	92.03474	178.19615	304.09777
0.05	-4.15	4.03106	15.17662	41.83161	93.17906	177.22263	297.56353
0.05	-4.1	4.35263	16.0048	43.12171	94.14091	175.86891	290.51194
0.05	-4.05	4.70052	16.85227	44.36378	94.90847	174.13468	282.97327
0.05	-4.	5.07502	17.71489	45.54767	95.47092	172.02246	274.98148
0.05	-3.95	5.47603	18.58797	46.66307	95.81861	169.53747	266.57334
0.05	-3.9	5.90343	19.4663	47.69959	95.94327	166.68789	257.78878
0.05	-3.85	6.35674	20.34409	48.64694	95.83815	163.48469	248.67016
0.05	-3.8	6.83504	21.21499	49.49505	95.49824	159.94181	239.26229
0.05	-3.75	7.33684	22.07219	50.23422	94.92025	156.07568	229.61121
0.05	-3.7	7.86019	22.90845	50.85531	94.10292	151.90562	219.76487
0.05	-3.65	8.40267	23.71617	51.34985	93.0469	147.4531	209.77144
0.05	-3.6	8.96116	24.48749	51.71026	91.75502	142.7421	199.68001
0.05	-3.55	9.53199	25.21444	51.92997	90.23214	137.79844	189.53921
0.05	-3.5	10.11083	25.88903	52.00356	88.48523	132.64977	179.39727
0.05	-3.45	10.69257	26.50342	51.92691	86.52325	127.32505	169.30108
0.05	-3.4	11.27194	27.05016	51.69727	84.35716	121.85442	159.2962
0.05	-3.35	11.84367	27.52212	51.31336	81.99984	116.26898	149.42648
0.05	-3.3	12.4016	27.91269	50.77544	79.46575	110.59992	139.73291
0.05	-3.25	12.93941	28.21604	50.08534	76.77102	104.87891	130.2544
0.05	-3.2	13.45054	28.42714	49.24646	73.93299	99.137	121.02624
0.05	-3.15	13.92819	28.54202	48.26373	70.97025	93.40496	112.08103
0.05	-3.1	14.36648	28.55785	47.14357	67.90221	87.71247	103.44755
0.05	-3.05	14.76037	28.47272	45.89372	64.74896	82.0881	95.1511
0.05	-3.	15.10422	28.28582	44.52326	61.53093	76.55877	87.21298
0.05	-2.95	15.39308	27.99757	43.04242	58.26874	71.14975	79.65081
0.05	-2.9	15.62226	27.60962	41.46248	54.98297	65.88448	72.4786
0.05	-2.85	15.78776	27.12489	39.79548	51.69367	60.7839	65.70605
0.05	-2.8	15.88757	26.54748	38.0542	48.42052	55.86704	59.33965
0.05	-2.75	15.92108	25.88226	36.25174	45.18219	51.15013	53.38183
0.05	-2.7	15.88719	25.13492	34.40164	41.99662	46.64723	47.83203
0.05	-2.65	15.78551	24.31203	32.51751	38.88034	42.36952	42.68601
0.05	-2.6	15.61654	23.421	30.61301	35.84879	38.32595	37.93697
0.05	-2.55	15.38135	22.46989	28.70147	32.91579	34.52264	33.57502
0.05	-2.5	15.0832	21.46737	26.79585	30.09368	30.96335	29.58797
0.05	-2.45	14.72714	20.42204	24.90861	27.39326	27.64956	25.96159
0.05	-2.4	14.31644	19.34253	23.05149	24.82347	24.58021	22.67953
0.05	-2.35	13.8548	18.23769	21.23568	22.39174	21.75235	19.72426
0.05	-2.3	13.34634	17.11649	19.47141	20.10355	19.16081	17.07673
0.05	-2.25	12.79545	15.98796	17.76804	17.96282	16.79884	14.71731
0.05	-2.2	12.20801	14.86104	16.13383	15.97163	14.65795	12.62564
0.05	-2.15	11.59068	13.74415	14.5759	14.1305	12.72837	10.7812
0.05	-2.1	10.94846	12.64529	13.10021	12.43831	10.99907	9.16341
0.05	-2.05	10.28722	11.57214	11.71153	10.89249	9.45821	7.75203
0.05	-2.	9.61293	10.5319	10.4134	9.48921	8.09328	6.5274
0.05	-1.95	8.93149	9.5311	9.20804	8.2233	6.89124	5.47045
0.05	-1.9	8.24999	8.57564	8.09648	7.08867	5.83895	4.56315
0.05	-1.85	7.57584	7.67016	7.07845	6.07826	4.92315	3.78838
0.05	-1.8	6.91442	6.81842	6.15273	5.18446	4.13087	3.13026
0.05	-1.75	6.27075	6.02325	5.31703	4.39899	3.44939	2.57406
0.05	-1.7	5.64933	5.28674	4.56824	3.71336	2.8666	2.10637
0.05	-1.65	5.05396	4.61013	3.90238	3.11879	2.37094	1.71499
0.05	-1.6	4.48875	3.99394	3.31483	2.60656	1.95169	1.38907
0.05	-1.55	3.95786	3.43763	2.80032	2.16802	1.59885	1.1189
0.05	-1.5	3.46378	2.93981	2.35322	1.79485	1.30337	0.896
0.05	-1.45	3.00844	2.49836	1.96762	1.47912	1.05708	0.71295
0.05	-1.4	2.59295	2.11052	1.63746	1.21339	0.85267	0.56336
0.05	-1.35	2.21764	1.77299	1.3567	0.99082	0.68375	0.44173
0.05	-1.3	1.88289	1.48202	1.11941	0.80518	0.54474	0.34337
0.05	-1.25	1.58852	1.23332	0.91993	0.65094	0.43083	0.26434
0.05	-1.2	1.33235	1.02235	0.75298	0.52322	0.33792	0.20128
0.05	-1.15	1.1119	0.8446	0.61376	0.41781	0.26253	0.15137
0.05	-1.1	0.92414	0.69566	0.49799	0.33109	0.20173	0.11223
0.05	-1.05	0.76574	0.57139	0.40189	0.26001	0.15305	0.0819
0.05	-1.	0.63325	0.46798	0.32224	0.202	0.11442	0.05868
0.05	-0.95	0.52313	0.38196	0.25631	0.15493	0.08409	0.04119
0.05	-0.9	0.4319	0.31038	0.20184	0.11702	0.06059	0.02824
0.05	-0.85	0.35644	0.25069	0.15695	0.08679	0.04267	0.01885
0.05	-0.8	0.29389	0.20079	0.12014	0.06299	0.02926	0.01221
0.05	-0.75	0.24179	0.15897	0.09019	0.04455	0.01946	0.00764
0.05	-0.7	0.19797	0.12391	0.06609	0.03056	0.0125	0.0046
0.05	-0.65	0.16065	0.09459	0.04701	0.02023	0.0077	0.00265
0.05	-0.6	0.12852	0.07026	0.03226	0.01283	0.00453	0.00145
0.05	-0.55	0.10059	0.05039	0.02118	0.00774	0.00253	0.00075
0.05	-0.5	0.07629	0.03454	0.01319	0.00441	0.00132	0.00036
0.05	-0.45	0.0553	0.02236	0.0077	0.00235	0.00065	0.00016
0.05	-0.4	0.03768	0.01349	0.00418	0.00116	0.00029	0.00007
0.05	-0.35	0.02371	0.00748	0.00208	0.00052	0.00012	0.00003
0.05	-0.3	0.01352	0.00375	0.00094	0.00022	0.00005	0.00000
0.05	-0.25	0.00681	0.00168	0.00038	0.00008	0.00002	0.00000
0.05	-0.2	0.00298	0.00067	0.00014	0.00003	0.00000	0.00000
0.05	-0.15	0.00118	0.00025	0.00005	0.00000	0.00000	0.00000
0.05	-0.1	0.00045	0.00008	0.00001	0.00000	0.00000	0.00000
0.05	-0.05	0.00016	0.00002	0.00000	0.00000	0.00000	0.00000
0.05	0.00	0.00000	0.00000	0.00000	0.00000	0.00000	0.00000
0.03	-8.9	0.00115	0.01692	0.14143	0.86499	4.30209	18.38322
0.03	-8.85	0.00128	0.01869	0.15434	0.93444	4.60731	19.53777
0.03	-8.8	0.00144	0.02064	0.16838	1.00909	4.93217	20.75619
0.03	-8.75	0.00161	0.02279	0.18363	1.08926	5.27775	22.04131
0.03	-8.7	0.00181	0.02515	0.20019	1.17534	5.6452	23.39609
0.03	-8.65	0.00203	0.02775	0.21817	1.2677	6.03568	24.82352
0.03	-8.6	0.00227	0.03062	0.23767	1.36676	6.45042	26.32668
0.03	-8.55	0.00255	0.03377	0.25883	1.47294	6.8907	27.90872
0.03	-8.5	0.00285	0.03723	0.28175	1.5867	7.35782	29.57286
0.03	-8.45	0.0032	0.04103	0.30659	1.7085	7.85317	31.32239
0.03	-8.4	0.00358	0.04522	0.33348	1.83886	8.37814	33.16063
0.03	-8.35	0.00401	0.04981	0.36259	1.97828	8.9342	35.09099
0.03	-8.3	0.0045	0.05485	0.39407	2.12732	9.52287	37.11691
0.03	-8.25	0.00503	0.06038	0.4281	2.28654	10.14569	39.24189
0.03	-8.2	0.00564	0.06645	0.46487	2.45654	10.80428	41.46945
0.03	-8.15	0.00631	0.0731	0.50458	2.63795	11.50027	43.80315
0.03	-8.1	0.00707	0.08039	0.54743	2.83142	12.23538	46.24659
0.03	-8.05	0.00791	0.08838	0.59365	3.03761	13.01134	48.80336
0.03	-8.	0.00886	0.09712	0.64346	3.25724	13.82992	51.47708
0.03	-7.95	0.00991	0.10668	0.69712	3.49103	14.69297	54.27135
0.03	-7.9	0.0111	0.11714	0.75489	3.73973	15.60235	57.18978
0.03	-7.85	0.01242	0.12857	0.81703	4.00414	16.55997	60.23593
0.03	-7.8	0.01389	0.14106	0.88384	4.28505	17.56776	63.41333
0.03	-7.75	0.01554	0.15469	0.95561	4.58332	18.62772	66.72549
0.03	-7.7	0.01737	0.16955	1.03266	4.8998	19.74185	70.1758
0.03	-7.65	0.01942	0.18576	1.11533	5.23538	20.91221	73.76763
0.03	-7.6	0.02171	0.20342	1.20395	5.59098	22.14085	77.5042
0.03	-7.55	0.02425	0.22264	1.29888	5.96755	23.42988	81.38866
0.03	-7.5	0.02709	0.24355	1.40049	6.36605	24.78142	85.42399
0.03	-7.45	0.03024	0.26629	1.50918	6.78748	26.19761	89.61303
0.03	-7.4	0.03376	0.29099	1.62534	7.23286	27.68059	93.95844
0.03	-7.35	0.03767	0.31779	1.74938	7.70322	29.23252	98.46266
0.03	-7.3	0.04202	0.34686	1.88175	8.19964	30.85558	103.12792
0.03	-7.25	0.04685	0.37836	2.02286	8.7232	32.55192	107.95618
0.03	-7.2	0.05222	0.41246	2.17319	9.27503	34.32371	112.94911
0.03	-7.15	0.05818	0.44934	2.33319	9.85626	36.17309	118.10804
0.03	-7.1	0.0648	0.48918	2.50335	10.46805	38.10219	123.43395
0.03	-7.05	0.07213	0.53219	2.68416	11.11158	40.11311	128.92745
0.03	-7.	0.08026	0.57856	2.87611	11.78806	42.2079	134.58864
0.03	-6.95	0.08925	0.6285	3.07971	12.49872	44.3886	140.4172
0.03	-6.9	0.09919	0.68223	3.2955	13.24482	46.65714	146.41226
0.03	-6.85	0.11017	0.73997	3.52401	14.02762	49.01542	152.57235
0.03	-6.8	0.12228	0.80193	3.76577	14.84843	51.46523	158.89541
0.03	-6.75	0.13562	0.86835	4.02134	15.70858	54.00827	165.37865
0.03	-6.7	0.1503	0.93946	4.2913	16.60941	56.64613	172.01856
0.03	-6.65	0.16642	1.01549	4.57621	17.55229	59.38023	178.81084
0.03	-6.6	0.18412	1.09667	4.87667	18.53862	62.21184	185.75032
0.03	-6.55	0.2035	1.18323	5.1933	19.56982	65.14205	192.83089
0.03	-6.5	0.22471	1.2754	5.52671	20.64733	68.17172	200.04549
0.03	-6.45	0.24789	1.37341	5.87755	21.7726	71.30146	207.38595
0.03	-6.4	0.27314	1.47746	6.2465	22.94713	74.5316	214.84308
0.03	-6.35	0.30059	1.58777	6.63426	24.1724	77.86214	222.40642
0.03	-6.3	0.33038	1.70456	7.04156	25.4499	81.29272	230.06433
0.03	-6.25	0.36263	1.82802	7.46917	26.78112	84.82255	237.8039
0.03	-6.2	0.39743	1.95835	7.91792	28.16756	88.4504	245.61081
0.03	-6.15	0.43485	2.09577	8.38867	29.61067	92.17453	253.46944
0.03	-6.1	0.475	2.24047	8.88235	31.11186	95.99262	261.36268
0.03	-6.05	0.51797	2.39268	9.39995	32.67248	99.90172	269.27198
0.03	-6.	0.5638	2.5526	9.94251	34.29381	103.89822	277.1774
0.03	-5.95	0.61247	2.72048	10.51117	35.977	107.97775	285.0574
0.03	-5.9	0.66397	2.89659	11.10713	37.72308	112.13516	292.8891
0.03	-5.85	0.71828	3.08124	11.73167	39.53287	116.3644	300.64808
0.03	-5.8	0.77535	3.27479	12.38613	41.40699	120.65853	308.30858
0.03	-5.75	0.83512	3.47766	13.07194	43.34579	125.00965	315.84353
0.03	-5.7	0.89747	3.69034	13.7906	45.34931	129.40882	323.22451
0.03	-5.65	0.96225	3.91339	14.54363	47.41722	133.84603	330.42201
0.03	-5.6	1.02932	4.14751	15.33262	49.54878	138.31022	337.40553
0.03	-5.55	1.09858	4.3935	16.15914	51.74274	142.78915	344.14357
0.03	-5.5	1.16991	4.65228	17.02479	53.99734	147.26951	350.60405
0.03	-5.45	1.24327	4.9249	17.93106	56.31022	151.73681	356.75422
0.03	-5.4	1.3188	5.21256	18.8794	58.67835	156.17549	362.56113
0.03	-5.35	1.39663	5.51653	19.87112	61.098	160.56886	367.99165
0.03	-5.3	1.47694	5.83822	20.90735	63.56469	164.89924	373.01296
0.03	-5.25	1.56001	6.17916	21.98902	66.07313	169.14793	377.59252
0.03	-5.2	1.64628	6.54098	23.11676	68.61718	173.29536	381.69854
0.03	-5.15	1.73642	6.92537	24.29089	71.18984	177.32122	385.30042
0.03	-5.1	1.83114	7.33405	25.51135	73.78321	181.20442	388.36857
0.03	-5.05	1.93131	7.76879	26.77764	76.38851	184.92346	390.87537
0.03	-5.	2.03797	8.2313	28.08877	78.99601	188.45638	392.79486
0.03	-4.95	2.15227	8.72327	29.4432	81.59515	191.78105	394.10344
0.03	-4.9	2.27552	9.24628	30.83883	84.1745	194.87537	394.78022
0.03	-4.85	2.40923	9.80175	32.27289	86.7218	197.71735	394.80683
0.03	-4.8	2.55493	10.39091	33.74198	89.22408	200.28552	394.16842
0.03	-4.75	2.71418	11.01477	35.24199	91.66767	202.55892	392.85316
0.03	-4.7	2.8886	11.67406	36.76808	94.03832	204.51752	390.85299
0.03	-4.65	3.07994	12.36919	38.3147	96.32133	206.14246	388.16387
0.03	-4.6	3.2901	13.10018	39.87553	98.50162	207.41607	384.78529
0.03	-4.55	3.52073	13.8666	41.44355	100.56394	208.32243	380.7214
0.03	-4.5	3.77345	14.66757	43.01103	102.49292	208.84728	375.98007
0.03	-4.45	4.04989	15.50172	44.56955	104.27333	208.97844	370.57366
0.03	-4.4	4.35164	16.36709	46.11009	105.89022	208.70605	364.51897
0.03	-4.35	4.68007	17.26113	47.62304	107.32906	208.0225	357.83659
0.03	-4.3	5.03612	18.18067	49.09834	108.57597	206.92283	350.55145
0.03	-4.25	5.4204	19.12199	50.52552	109.61793	205.40489	342.69265
0.03	-4.2	5.8335	20.08073	51.89381	110.44286	203.46916	334.29254
0.03	-4.15	6.27559	21.05194	53.1923	111.03995	201.11925	325.38762
0.03	-4.1	6.74635	22.03003	54.40998	111.3997	198.3615	316.01707
0.03	-4.05	7.24509	23.00888	55.53597	111.51415	195.20529	306.22321
0.03	-4.	7.77064	23.98182	56.55959	111.37707	191.66303	296.05119
0.03	-3.95	8.32115	24.94174	57.47058	110.98399	187.74976	285.54777
0.03	-3.9	8.89443	25.88116	58.25917	110.33239	183.4834	274.76179
0.03	-3.85	9.48781	26.79228	58.9163	109.42174	178.88436	263.74318
0.03	-3.8	10.09816	27.66701	59.43376	108.25367	173.97563	252.54306
0.03	-3.75	10.72168	28.49717	59.80431	106.83177	168.78209	241.21226
0.03	-3.7	11.35405	29.27453	60.02187	105.16188	163.33088	229.80223
0.03	-3.65	11.99054	29.99099	60.08158	103.25179	157.65043	218.36311
0.03	-3.6	12.62566	30.63868	59.98002	101.11137	151.77085	206.94469
0.03	-3.55	13.25351	31.21017	59.71518	98.75232	145.72309	195.59494
0.03	-3.5	13.86784	31.69863	59.28661	96.18817	139.53892	184.36019
0.03	-3.45	14.4621	32.09794	58.69538	93.43393	133.25034	173.2843
0.03	-3.4	15.02998	32.40285	57.94409	90.50608	126.88952	162.40881
0.03	-3.35	15.56538	32.60895	57.03691	87.42238	120.4885	151.77272
0.03	-3.3	16.06157	32.7129	55.97942	84.20139	114.07843	141.41134
0.03	-3.25	16.51216	32.71256	54.77864	80.86264	107.69003	131.35745
0.03	-3.2	16.91136	32.60702	53.44278	77.42595	101.35249	121.63971
0.03	-3.15	17.254	32.39663	51.98118	73.91162	95.09403	112.28382
0.03	-3.1	17.53641	32.08295	50.40409	70.33991	88.9411	103.31157
0.03	-3.05	17.7563	31.66838	48.72253	66.73103	82.91854	94.74122
0.03	-3.	17.91104	31.15624	46.94816	63.10477	77.04912	86.58714
0.03	-2.95	17.99885	30.55084	45.09314	59.48049	71.35369	78.86024
0.03	-2.9	18.01867	29.85736	43.17003	55.87696	65.85109	71.5681
0.03	-2.85	17.97019	29.08177	41.19145	52.31195	60.55764	64.71434
0.03	-2.8	17.85509	28.23073	39.17014	48.8025	55.48772	58.29977
0.03	-2.75	17.67647	27.311	37.1186	45.36442	50.65306	52.32156
0.03	-2.7	17.43645	26.32957	35.04933	42.01259	46.06339	46.77434
0.03	-2.65	17.13745	25.29372	32.97445	38.76045	41.72579	41.64954
0.03	-2.6	16.78242	24.21101	30.9059	35.62038	37.64535	36.93645
0.03	-2.55	16.37433	23.0891	28.85506	32.60315	33.82461	32.62171
0.03	-2.5	15.91746	21.93585	26.83289	29.71823	30.26408	28.69009
0.03	-2.45	15.41698	20.75883	24.84978	26.97366	26.96224	25.12472
0.03	-2.4	14.87591	19.56545	22.91548	24.37581	23.91534	21.90702
0.03	-2.35	14.29765	18.36338	21.03919	21.92969	21.11804	19.0175
0.03	-2.3	13.68584	17.16025	19.22924	19.63857	18.56304	16.43558
0.03	-2.25	13.04426	15.96378	17.49319	17.50431	16.24172	14.14031
0.03	-2.2	12.37784	14.78161	15.83759	15.52717	14.14401	12.11036
0.03	-2.15	11.69228	13.62093	14.26796	13.70596	12.25875	10.32441
0.03	-2.1	10.99215	12.48855	12.78876	12.03807	10.57381	8.76134
0.03	-2.05	10.28239	11.39098	11.40335	10.51964	9.07638	7.40056
0.03	-2.	9.56816	10.3343	10.11401	9.14565	7.75324	6.2222
0.03	-1.95	8.85468	9.324	8.92178	7.90996	6.59077	5.20715
0.03	-1.9	8.14827	8.36494	7.82661	6.80564	5.57545	4.33742
0.03	-1.85	7.45539	7.46087	6.82731	5.82495	4.69373	3.59604
0.03	-1.8	6.78089	6.61468	5.92179	4.95972	3.93251	2.96734
0.03	-1.75	6.1294	5.82838	5.10701	4.20126	3.27903	2.43686
0.03	-1.7	5.50471	5.10322	4.37924	3.54078	2.72123	1.99148
0.03	-1.65	4.90996	4.43971	3.73398	2.9693	2.24766	1.61932
0.03	-1.6	4.34859	3.83771	3.16619	2.478	1.84775	1.30984
0.03	-1.55	3.82379	3.29612	2.67031	2.05821	1.51172	1.05365
0.03	-1.5	3.33754	2.81312	2.24048	1.70166	1.23072	0.84256
0.03	-1.45	2.89144	2.38623	1.87063	1.4005	0.99682	0.66945
0.03	-1.4	2.48616	2.01233	1.55463	1.14742	0.80295	0.52817
0.03	-1.35	2.12159	1.68788	1.28644	0.93574	0.64294	0.41345
0.03	-1.3	1.79769	1.40893	1.06014	0.75941	0.51143	0.32083
0.03	-1.25	1.51399	1.17106	0.87018	0.61307	0.40382	0.24652
0.03	-1.2	1.2681	0.96966	0.71138	0.49204	0.31616	0.18732
0.03	-1.15	1.05708	0.80021	0.57909	0.39226	0.24514	0.14056
0.03	-1.1	0.8777	0.65838	0.46919	0.31028	0.18796	0.10397
0.03	-1.05	0.72656	0.54016	0.37805	0.24317	0.14227	0.07567
0.03	-1.	0.60025	0.44186	0.3026	0.18849	0.10608	0.05407
0.03	-0.95	0.49543	0.36017	0.2402	0.1442	0.07774	0.03784
0.03	-0.9	0.40876	0.29222	0.1887	0.10861	0.05584	0.02586
0.03	-0.85	0.3371	0.23556	0.14633	0.08029	0.03919	0.0172
0.03	-0.8	0.27767	0.18821	0.11165	0.05806	0.02678	0.0111
0.03	-0.75	0.22805	0.14856	0.08351	0.0409	0.01774	0.00692
0.03	-0.7	0.18624	0.11537	0.06094	0.02794	0.01134	0.00414
0.03	-0.65	0.15066	0.0877	0.04315	0.01841	0.00696	0.00237
0.03	-0.6	0.12002	0.06482	0.02946	0.01162	0.00407	0.00129
0.03	-0.55	0.09345	0.04622	0.01923	0.00697	0.00226	0.00067
0.03	-0.5	0.07042	0.03148	0.0119	0.00395	0.00118	0.00032
0.03	-0.45	0.05067	0.02024	0.00691	0.00209	0.00057	0.00014
0.03	-0.4	0.03422	0.01212	0.00372	0.00102	0.00026	0.00006
0.03	-0.35	0.02134	0.00666	0.00184	0.00046	0.00011	0.00002
0.03	-0.3	0.01205	0.00331	0.00082	0.00019	0.00004	0.00000
0.03	-0.25	0.00602	0.00147	0.00033	0.00007	0.00001	0.00000
0.03	-0.2	0.00261	0.00059	0.00012	0.00002	0.00000	0.00000
0.03	-0.15	0.00102	0.00022	0.00004	0.00000	0.00000	0.00000
0.03	-0.1	0.00039	0.00007	0.00001	0.00000	0.00000	0.00000
0.03	-0.05	0.00014	0.00002	0.00000	0.00000	0.00000	0.00000
0.03	0.00	0.00000	0.00000	0.00000	0.00000	0.00000	0.00000
0.01	-8.9	0.00396	0.0519	0.39554	2.23973	10.41568	41.87204
0.01	-8.85	0.00443	0.05721	0.4305	2.41221	11.11845	44.34957
0.01	-8.8	0.00496	0.06304	0.46836	2.59685	11.86333	46.95241
0.01	-8.75	0.00556	0.06946	0.50936	2.79439	12.6524	49.68528
0.01	-8.7	0.00623	0.0765	0.55371	3.00561	13.48781	52.55296
0.01	-8.65	0.00697	0.08422	0.60168	3.23134	14.37175	55.56031
0.01	-8.6	0.00781	0.0927	0.65352	3.47242	15.30651	58.71221
0.01	-8.55	0.00875	0.10199	0.70952	3.72974	16.29442	62.01356
0.01	-8.5	0.00979	0.11218	0.76998	4.00425	17.33787	65.46931
0.01	-8.45	0.01096	0.12334	0.83522	4.2969	18.43932	69.08439
0.01	-8.4	0.01226	0.13556	0.90555	4.6087	19.60129	72.86374
0.01	-8.35	0.01372	0.14894	0.98135	4.9407	20.82635	76.81227
0.01	-8.3	0.01536	0.16357	1.06298	5.29399	22.11713	80.93486
0.01	-8.25	0.01719	0.17957	1.15084	5.66968	23.47629	85.23632
0.01	-8.2	0.01922	0.19704	1.24533	6.06894	24.90656	89.72142
0.01	-8.15	0.0215	0.21613	1.34689	6.49297	26.41069	94.39479
0.01	-8.1	0.02404	0.23695	1.45597	6.943	27.9915	99.26099
0.01	-8.05	0.02687	0.25967	1.57306	7.42032	29.65181	104.32441
0.01	-8.	0.03003	0.28442	1.69863	7.92624	31.39449	109.58931
0.01	-7.95	0.03355	0.31138	1.83322	8.4621	33.22243	115.05972
0.01	-7.9	0.03748	0.34072	1.97735	9.0293	35.13852	120.7395
0.01	-7.85	0.04184	0.37263	2.1316	9.62924	37.14569	126.63223
0.01	-7.8	0.04671	0.40732	2.29655	10.26338	39.24684	132.74123
0.01	-7.75	0.05213	0.44498	2.47278	10.93321	41.4449	139.06951
0.01	-7.7	0.05815	0.48584	2.66094	11.64023	43.74277	145.61972
0.01	-7.65	0.06485	0.53014	2.86166	12.386	46.14332	152.39413
0.01	-7.6	0.0723	0.57812	3.0756	13.17209	48.64942	159.39459
0.01	-7.55	0.08056	0.63004	3.30346	14.00008	51.26386	166.62247
0.01	-7.5	0.08973	0.68617	3.54592	14.87162	53.98942	174.07861
0.01	-7.45	0.09989	0.74679	3.80371	15.78835	56.82877	181.76332
0.01	-7.4	0.11114	0.8122	4.07756	16.75195	59.78454	189.67628
0.01	-7.35	0.12359	0.88271	4.36823	17.7641	62.85924	197.81646
0.01	-7.3	0.13736	0.95862	4.67648	18.82652	66.05529	206.18216
0.01	-7.25	0.15257	1.04026	5.00311	19.94095	69.37496	214.77085
0.01	-7.2	0.16934	1.12796	5.34889	21.10914	72.82037	223.57916
0.01	-7.15	0.18782	1.22207	5.71466	22.33285	76.39351	232.60284
0.01	-7.1	0.20817	1.32292	6.10124	23.61387	80.09611	241.83658
0.01	-7.05	0.23054	1.43087	6.50948	24.95398	83.92974	251.2741
0.01	-7.	0.2551	1.54627	6.94023	26.355	87.89566	260.90794
0.01	-6.95	0.28203	1.66947	7.39438	27.81873	91.99487	270.72946
0.01	-6.9	0.31149	1.80082	7.87284	29.34699	96.22807	280.72881
0.01	-6.85	0.34365	1.94068	8.37652	30.94158	100.59555	290.8947
0.01	-6.8	0.3787	2.0894	8.90638	32.6043	105.09723	301.21456
0.01	-6.75	0.41682	2.24734	9.4634	34.33693	109.73258	311.67423
0.01	-6.7	0.4582	2.41485	10.0486	36.14124	114.50053	322.25807
0.01	-6.65	0.50303	2.59227	10.66303	38.01893	119.39951	332.94889
0.01	-6.6	0.55148	2.77994	11.30777	39.97167	124.42731	343.72777
0.01	-6.55	0.60369	2.97822	11.98399	42.00105	129.58104	354.57411
0.01	-6.5	0.65981	3.18746	12.69287	44.10857	134.8571	365.46569
0.01	-6.45	0.71993	3.40802	13.43568	46.29562	140.25109	376.37837
0.01	-6.4	0.78417	3.6403	14.21372	48.56343	145.75774	387.28641
0.01	-6.35	0.85262	3.88469	15.02839	50.91305	151.37085	398.16219
0.01	-6.3	0.92537	4.14165	15.88113	53.34532	157.08323	408.9764
0.01	-6.25	1.00244	4.41164	16.77346	55.86083	162.88666	419.69808
0.01	-6.2	1.08379	4.69518	17.70694	58.45984	168.77176	430.29451
0.01	-6.15	1.16932	4.99291	18.6832	61.14227	174.72802	440.73156
0.01	-6.1	1.25901	5.30552	19.70393	63.90761	180.74368	450.97349
0.01	-6.05	1.35288	5.63381	20.77079	66.75489	186.80573	460.98328
0.01	-6.	1.45092	5.97866	21.88548	69.6826	192.8999	470.72284
0.01	-5.95	1.55308	6.34109	23.04966	72.68863	199.01054	480.15285
0.01	-5.9	1.65937	6.72221	24.26494	75.77022	205.12077	489.23343
0.01	-5.85	1.76991	7.1233	25.53283	78.92387	211.21231	497.92388
0.01	-5.8	1.88488	7.54572	26.8547	82.14532	217.26566	506.18326
0.01	-5.75	2.00457	7.99096	28.23174	85.42946	223.26006	513.9707
0.01	-5.7	2.12933	8.46061	29.66493	88.77028	229.17355	521.24531
0.01	-5.65	2.25966	8.95636	31.15493	92.16083	234.98307	527.96682
0.01	-5.6	2.39616	9.47995	32.70208	95.59322	240.66459	534.09601
0.01	-5.55	2.53943	10.0332	34.30633	99.05849	246.19313	539.59449
0.01	-5.5	2.69029	10.618	35.96717	102.54671	251.54306	544.42584
0.01	-5.45	2.84993	11.2362	37.68355	106.04688	256.68807	548.55514
0.01	-5.4	3.01954	11.8896	39.45385	109.54698	261.60151	551.94996
0.01	-5.35	3.20036	12.57991	41.27583	113.03401	266.25653	554.58036
0.01	-5.3	3.39381	13.30874	43.14656	116.494	270.62635	556.4196
0.01	-5.25	3.60155	14.0775	45.06237	119.91205	274.68433	557.44381
0.01	-5.2	3.82531	14.88738	47.01884	123.27243	278.4044	557.63292
0.01	-5.15	4.06685	15.73928	49.01072	126.55871	281.76131	556.97094
0.01	-5.1	4.32802	16.63374	51.03196	129.75377	284.73069	555.4455
0.01	-5.05	4.61062	17.57098	53.07567	132.84001	287.28964	553.04919
0.01	-5.	4.91654	18.55072	55.1341	135.79945	289.41664	549.77861
0.01	-4.95	5.24778	19.57223	57.19868	138.6139	291.09207	545.63523
0.01	-4.9	5.60623	20.63417	59.26006	141.2652	292.29847	540.62562
0.01	-4.85	5.99357	21.73462	61.30811	143.73527	293.02048	534.76053
0.01	-4.8	6.41135	22.87101	63.33201	146.00645	293.24555	528.05626
0.01	-4.75	6.86089	24.04011	65.32033	148.06159	292.96361	520.53323
0.01	-4.7	7.34338	25.23798	67.26112	149.88436	292.16761	512.21681
0.01	-4.65	7.8598	26.45995	69.14201	151.45944	290.85364	503.13717
0.01	-4.6	8.41051	27.70054	70.95034	152.7726	289.02071	493.32804
0.01	-4.55	8.9952	28.95367	72.67334	153.81115	286.67135	482.82803
0.01	-4.5	9.61337	30.21256	74.29823	154.56385	283.81106	471.67873
0.01	-4.45	10.26394	31.4698	75.81242	155.02127	280.44872	459.92541
0.01	-4.4	10.94528	32.7174	77.20368	155.17594	276.59653	447.61671
0.01	-4.35	11.65514	33.94687	78.46025	155.02231	272.26953	434.80316
0.01	-4.3	12.39041	35.1493	79.57112	154.55704	267.48585	421.53779
0.01	-4.25	13.14743	36.31556	80.52614	153.77903	262.26659	407.87573
0.01	-4.2	13.92216	37.43631	81.31615	152.6893	256.63506	393.87249
0.01	-4.15	14.70958	38.50217	81.93324	151.29129	250.61739	379.58538
0.01	-4.1	15.50403	39.50395	82.37075	149.59051	244.24139	365.07116
0.01	-4.05	16.29928	40.43275	82.62347	147.59467	237.53685	350.3869
0.01	-4.	17.08916	41.28016	82.68771	145.31365	230.53528	335.5895
0.01	-3.95	17.86735	42.03821	82.56129	142.75908	223.26901	320.7342
0.01	-3.9	18.62654	42.69966	82.24369	139.94452	215.77152	305.87542
0.01	-3.85	19.35947	43.25817	81.73599	136.88503	208.07675	291.06569
0.01	-3.8	20.05872	43.70844	81.04088	133.59723	200.21917	276.35611
0.01	-3.75	20.71712	44.04629	80.16249	130.09872	192.2328	261.79464
0.01	-3.7	21.32875	44.26872	79.10646	126.40831	184.15191	247.42778
0.01	-3.65	21.88829	44.37368	77.87961	122.54535	176.0097	233.29834
0.01	-3.6	22.38982	44.36027	76.49011	118.52996	167.8391	219.44717
0.01	-3.55	22.8282	44.22885	74.94713	114.38245	159.67178	205.91162
0.01	-3.5	23.19882	43.98105	73.26077	110.12332	151.53843	192.72616
0.01	-3.45	23.49775	43.61971	71.4418	105.77293	143.46825	179.92175
0.01	-3.4	23.72371	43.14883	69.50147	101.35149	135.48916	167.52633
0.01	-3.35	23.87722	42.57284	67.45146	96.87895	127.62775	155.56491
0.01	-3.3	23.95731	41.89682	65.30357	92.3746	119.90855	144.0584
0.01	-3.25	23.96434	41.12657	63.06987	87.85741	112.35494	133.0253
0.01	-3.2	23.89945	40.26841	60.76227	83.34545	104.98803	122.47997
0.01	-3.15	23.76449	39.32909	58.39266	78.85631	97.8276	112.43425
0.01	-3.1	23.56318	38.31557	55.97262	74.40671	90.89137	102.89637
0.01	-3.05	23.30035	37.23451	53.51351	70.01265	84.19529	93.87159
0.01	-3.	22.97923	36.09241	51.02639	65.68922	77.75327	85.36186
0.01	-2.95	22.60317	34.89578	48.52213	61.45073	71.57741	77.36631
0.01	-2.9	22.17544	33.6511	46.01137	57.31071	65.67803	69.88146
0.01	-2.85	21.69902	32.36483	43.50434	53.28152	60.06311	62.90054
0.01	-2.8	21.17793	31.04351	41.01108	49.37482	54.73911	56.41478
0.01	-2.75	20.61709	29.69321	38.54111	45.60098	49.7101	50.41243
0.01	-2.7	20.01963	28.31984	36.10384	41.96963	44.97861	44.88003
0.01	-2.65	19.38815	26.92924	33.7082	38.48901	40.54485	39.80158
0.01	-2.6	18.72544	25.52742	31.36294	35.16648	36.40753	35.15974
0.01	-2.55	18.03426	24.12033	29.07626	32.00798	32.56322	30.93518
0.01	-2.5	17.31788	22.714	26.85594	29.01828	29.00687	27.10742
0.01	-2.45	16.58	21.31429	24.70931	26.20099	25.73188	23.65503
0.01	-2.4	15.82318	19.92699	22.64305	23.5582	22.72987	20.55544
0.01	-2.35	15.05002	18.558	20.66336	21.0909	19.99133	17.78586
0.01	-2.3	14.26326	17.21325	18.77557	18.79858	17.50522	15.32292
0.01	-2.25	13.4661	15.89873	16.98438	16.67956	15.25965	13.14345
0.01	-2.2	12.66258	14.62025	15.29349	14.73085	13.24171	11.22433
0.01	-2.15	11.85739	13.38328	13.70571	12.9483	11.4378	9.54295
0.01	-2.1	11.0549	12.19279	12.22285	11.32663	9.83378	8.07726
0.01	-2.05	10.2594	11.05331	10.84582	9.8596	8.4152	6.80606
0.01	-2.	9.47479	9.96898	9.57459	8.54013	7.16754	5.70921
0.01	-1.95	8.7049	8.94338	8.40808	7.36031	6.07621	4.76754
0.01	-1.9	7.95471	7.97962	7.34436	6.3117	5.12696	3.96322
0.01	-1.85	7.22954	7.07975	6.3805	5.38534	4.30585	3.27959
0.01	-1.8	6.53304	6.24506	5.5129	4.57207	3.59952	2.70144
0.01	-1.75	5.86825	5.47608	4.73718	3.86246	2.99522	2.21481
0.01	-1.7	5.23788	4.77279	4.04847	3.24718	2.48097	1.80718
0.01	-1.65	4.64435	4.13446	3.44128	2.71692	2.04562	1.46727
0.01	-1.6	4.09045	3.55972	2.90978	2.2627	1.6789	1.18514
0.01	-1.55	3.57833	3.04629	2.44781	1.87587	1.37147	0.952
0.01	-1.5	3.10848	2.59134	2.0491	1.54825	1.11491	0.76021
0.01	-1.45	2.68116	2.19162	1.70738	1.27225	0.90174	0.60317
0.01	-1.4	2.29613	1.84341	1.41641	1.04082	0.72534	0.47518
0.01	-1.35	1.95253	1.54274	1.1702	0.84762	0.57997	0.37142
0.01	-1.3	1.64946	1.2853	0.96297	0.68695	0.46066	0.28776
0.01	-1.25	1.38559	1.06657	0.78938	0.5538	0.36316	0.22074
0.01	-1.2	1.15801	0.88192	0.6445	0.44382	0.28385	0.16744
0.01	-1.15	0.96359	0.72695	0.52399	0.35326	0.2197	0.12542
0.01	-1.1	0.79899	0.5975	0.42396	0.27894	0.16813	0.0926
0.01	-1.05	0.66081	0.48973	0.34108	0.21818	0.127	0.06727
0.01	-1.	0.54568	0.40017	0.27252	0.16876	0.09449	0.04797
0.01	-0.95	0.45025	0.32574	0.21587	0.12881	0.06909	0.03351
0.01	-0.9	0.37125	0.26381	0.16918	0.09677	0.04952	0.02286
0.01	-0.85	0.30584	0.2122	0.13083	0.07135	0.03468	0.01518
0.01	-0.8	0.25156	0.16909	0.09953	0.05146	0.02365	0.00979
0.01	-0.75	0.20621	0.13304	0.0742	0.03615	0.01564	0.00609
0.01	-0.7	0.16791	0.10293	0.05396	0.02464	0.00999	0.00365
0.01	-0.65	0.13528	0.07791	0.03808	0.0162	0.00612	0.0021
0.01	-0.6	0.10724	0.05732	0.02591	0.01021	0.00359	0.00114
0.01	-0.55	0.08302	0.04069	0.01688	0.00613	0.00199	0.00059
0.01	-0.5	0.06214	0.02759	0.01043	0.00348	0.00104	0.00029
0.01	-0.45	0.04439	0.01769	0.00607	0.00185	0.00051	0.00013
0.01	-0.4	0.02981	0.0106	0.00328	0.00091	0.00023	0.00005
0.01	-0.35	0.01854	0.00586	0.00164	0.00041	0.0001	0.00002
0.01	-0.3	0.01051	0.00295	0.00074	0.00017	0.00004	0.00000
0.01	-0.25	0.00535	0.00134	0.00031	0.00006	0.00001	0.00000
0.01	-0.2	0.00241	0.00055	0.00011	0.00002	0.00000	0.00000
0.01	-0.15	0.00098	0.0002	0.00004	0.00000	0.00000	0.00000
0.01	-0.1	0.00036	0.00006	0.00000	0.00000	0.00000	0.00000
0.01	-0.05	0.00011	0.00001	0.00000	0.00000	0.00000	0.00000
0.01	0.00	0.00000	0.00000	0.00000	0.00000	0.00000	0.00000
