EpsF	Log[10,x]	n=1	n=2	n=3	n=4	n=5	n=6
0.5	-8.9	0.00199	0.02928	0.24451	1.49206	7.3783	31.20925
0.5	-8.85	0.00223	0.03234	0.26683	1.61173	7.8996	33.15068
0.5	-8.8	0.0025	0.03571	0.2911	1.74031	8.45419	35.19748
0.5	-8.75	0.0028	0.03942	0.31746	1.87841	9.04388	37.35416
0.5	-8.7	0.00313	0.04351	0.34608	2.02665	9.67054	39.62529
0.5	-8.65	0.00351	0.048	0.37716	2.18568	10.33612	42.01557
0.5	-8.6	0.00394	0.05295	0.41087	2.35621	11.04266	44.52975
0.5	-8.55	0.00441	0.0584	0.44743	2.53898	11.79224	47.17269
0.5	-8.5	0.00494	0.06439	0.48705	2.73474	12.58703	49.94929
0.5	-8.45	0.00554	0.07097	0.52998	2.94431	13.42928	52.86451
0.5	-8.4	0.0062	0.0782	0.57646	3.16854	14.3213	55.9234
0.5	-8.35	0.00695	0.08614	0.62676	3.40832	15.26546	59.13099
0.5	-8.3	0.00778	0.09486	0.68117	3.66456	16.26421	62.49238
0.5	-8.25	0.00872	0.10442	0.73998	3.93825	17.32007	66.01265
0.5	-8.2	0.00977	0.11491	0.80353	4.23039	18.43561	69.69692
0.5	-8.15	0.01093	0.12641	0.87215	4.54204	19.61347	73.55023
0.5	-8.1	0.01224	0.13901	0.9462	4.8743	20.85636	77.57766
0.5	-8.05	0.01371	0.15282	1.02607	5.2283	22.16703	81.78416
0.5	-8.	0.01534	0.16793	1.11216	5.60522	23.54828	86.17467
0.5	-7.95	0.01717	0.18446	1.20489	6.0063	25.00297	90.754
0.5	-7.9	0.01921	0.20254	1.30471	6.4328	26.53399	95.52685
0.5	-7.85	0.02148	0.22229	1.41209	6.88604	28.14428	100.49779
0.5	-7.8	0.02403	0.24387	1.52754	7.36736	29.83679	105.6712
0.5	-7.75	0.02687	0.26743	1.65157	7.87815	31.61454	111.05129
0.5	-7.7	0.03004	0.29313	1.78471	8.41986	33.48051	116.64203
0.5	-7.65	0.03358	0.32115	1.92755	8.99395	35.43774	122.44715
0.5	-7.6	0.03753	0.35168	2.08068	9.60192	37.48925	128.47008
0.5	-7.55	0.04192	0.38491	2.2447	10.24534	39.63805	134.71393
0.5	-7.5	0.04682	0.42107	2.42027	10.92576	41.88716	141.18144
0.5	-7.45	0.05227	0.46038	2.60806	11.64481	44.23954	147.87497
0.5	-7.4	0.05833	0.50309	2.80875	12.40413	46.69816	154.79643
0.5	-7.35	0.06507	0.54944	3.02305	13.20538	49.2659	161.94723
0.5	-7.3	0.07256	0.59972	3.25171	14.05027	51.9456	169.32829
0.5	-7.25	0.0809	0.6542	3.49547	14.9405	54.74004	176.93989
0.5	-7.2	0.09016	0.71319	3.75513	15.87783	57.65189	184.78172
0.5	-7.15	0.10044	0.77699	4.03148	16.86401	60.68373	192.8528
0.5	-7.1	0.11184	0.84594	4.32534	17.90081	63.83803	201.15133
0.5	-7.05	0.12449	0.92037	4.63754	18.99003	67.11709	209.67481
0.5	-7.	0.13848	1.00063	4.96896	20.13347	70.5231	218.41978
0.5	-6.95	0.15396	1.08709	5.32044	21.33293	74.05802	227.38191
0.5	-6.9	0.17106	1.18014	5.69289	22.59023	77.72366	236.55588
0.5	-6.85	0.18994	1.28014	6.0872	23.90718	81.52156	245.93523
0.5	-6.8	0.21076	1.38752	6.50429	25.2856	85.45303	255.51247
0.5	-6.75	0.2337	1.50265	6.94509	26.7273	89.51907	265.2788
0.5	-6.7	0.25893	1.62597	7.41053	28.23407	93.72039	275.22419
0.5	-6.65	0.28665	1.75787	7.90159	29.80771	98.05733	285.33727
0.5	-6.6	0.31706	1.89877	8.41922	31.44997	102.52983	295.60518
0.5	-6.55	0.35039	2.04909	8.96442	33.16262	107.13739	306.01358
0.5	-6.5	0.38684	2.20924	9.53819	34.94735	111.87905	316.5466
0.5	-6.45	0.42663	2.37963	10.14157	36.80584	116.75327	327.18662
0.5	-6.4	0.46995	2.56066	10.77561	38.73972	121.75797	337.91445
0.5	-6.35	0.51705	2.75275	11.44139	40.75053	126.89039	348.709
0.5	-6.3	0.56814	2.95629	12.14003	42.83975	132.14705	359.54743
0.5	-6.25	0.62341	3.17167	12.87269	45.00877	137.52375	370.4051
0.5	-6.2	0.68309	3.3993	13.64056	47.25884	143.01538	381.25533
0.5	-6.15	0.74737	3.63956	14.44491	49.59107	148.61597	392.06974
0.5	-6.1	0.81639	3.89285	15.28702	52.00639	154.31852	402.81786
0.5	-6.05	0.89027	4.15958	16.16828	54.50554	160.11501	413.46744
0.5	-6.	0.9691	4.44019	17.09011	57.08896	165.99629	423.98443
0.5	-5.95	1.05297	4.73515	18.054	59.75684	171.95195	434.33284
0.5	-5.9	1.14189	5.04497	19.06151	62.50898	177.97039	444.47518
0.5	-5.85	1.23585	5.37022	20.11425	65.34479	184.03862	454.37218
0.5	-5.8	1.33483	5.71156	21.21389	68.26319	190.14229	463.98321
0.5	-5.75	1.43882	6.0697	22.36213	71.26257	196.26564	473.26646
0.5	-5.7	1.54772	6.44549	23.56069	74.3407	202.39139	482.17883
0.5	-5.65	1.66141	6.83988	24.81126	77.49464	208.50081	490.67647
0.5	-5.6	1.7798	7.25398	26.11551	80.72071	214.57372	498.71506
0.5	-5.55	1.90279	7.68905	27.47503	84.01434	220.58838	506.2497
0.5	-5.5	2.03035	8.14653	28.89126	87.37007	226.52172	513.23583
0.5	-5.45	2.16259	8.62802	30.36545	90.78142	232.34923	519.62897
0.5	-5.4	2.29959	9.13528	31.89858	94.24082	238.04514	525.38556
0.5	-5.35	2.44168	9.67028	33.49132	97.73959	243.58251	530.46305
0.5	-5.3	2.58937	10.23509	35.14392	101.26788	248.93341	534.82067
0.5	-5.25	2.74328	10.8319	36.85612	104.81461	254.06897	538.41927
0.5	-5.2	2.9043	11.46302	38.62709	108.36748	258.95969	541.22228
0.5	-5.15	3.07372	12.13074	40.45534	111.91296	263.57569	543.19612
0.5	-5.1	3.25301	12.83731	42.33862	115.43631	267.88675	544.31006
0.5	-5.05	3.44386	13.58488	44.27388	118.92165	271.86287	544.53752
0.5	-5.	3.6482	14.37541	46.25718	122.35198	275.47426	543.85559
0.5	-4.95	3.86812	15.2106	48.28366	125.7093	278.69184	542.24597
0.5	-4.9	4.10602	16.09183	50.34745	128.97473	281.48759	539.6954
0.5	-4.85	4.36445	17.02003	52.44171	132.12861	283.83459	536.19524
0.5	-4.8	4.6458	17.99562	54.55857	135.15069	285.70775	531.74284
0.5	-4.75	4.95253	19.0185	56.68915	138.02028	287.08375	526.34061
0.5	-4.7	5.28708	20.08795	58.82358	140.71643	287.94161	519.997
0.5	-4.65	5.65187	21.20256	60.95104	143.21822	288.26305	512.72662
0.5	-4.6	6.04907	22.36016	63.05981	145.50485	288.03244	504.54943
0.5	-4.55	6.48046	23.55787	65.13737	147.55605	287.23756	495.49206
0.5	-4.5	6.94766	24.79199	67.17043	149.35212	285.86939	485.58634
0.5	-4.45	7.45201	26.05803	69.14511	150.87436	283.92264	474.87012
0.5	-4.4	7.99447	27.35066	71.04701	152.10526	281.39595	463.38707
0.5	-4.35	8.57557	28.6637	72.86135	153.0287	278.29173	451.18545
0.5	-4.3	9.19507	29.99016	74.57321	153.63026	274.61657	438.31868
0.5	-4.25	9.85206	31.32234	76.16759	153.89747	270.38132	424.84504
0.5	-4.2	10.54546	32.65186	77.62965	153.81994	265.60068	410.82592
0.5	-4.15	11.27359	33.96962	78.94486	153.38971	260.29385	396.32716
0.5	-4.1	12.03406	35.2659	80.09924	152.60126	254.48367	381.4166
0.5	-4.05	12.82368	36.53047	81.07952	151.45181	248.197	366.16471
0.5	-4.	13.63856	37.75273	81.8734	149.94146	241.46452	350.64395
0.5	-3.95	14.47436	38.92176	82.46967	148.0731	234.32	334.92695
0.5	-3.9	15.32612	40.02645	82.8585	145.85264	226.8005	319.08707
0.5	-3.85	16.18788	41.05567	83.03156	143.28896	218.94573	303.197
0.5	-3.8	17.05289	41.99846	82.98226	140.39396	210.79799	287.32877
0.5	-3.75	17.91381	42.84427	82.70581	137.18224	202.40106	271.55172
0.5	-3.7	18.76338	43.58306	82.1994	133.67137	193.80071	255.93374
0.5	-3.65	19.59435	44.20533	81.46227	129.88129	185.04315	240.53867
0.5	-3.6	20.39833	44.70231	80.49585	125.83453	176.17555	225.42759
0.5	-3.55	21.16658	45.06629	79.30376	121.5557	167.24481	210.65696
0.5	-3.5	21.89027	45.29075	77.89185	117.07129	158.29741	196.2789
0.5	-3.45	22.56046	45.37058	76.26811	112.4093	149.37864	182.34022
0.5	-3.4	23.16921	45.30216	74.44259	107.59899	140.53244	168.88274
0.5	-3.35	23.70965	45.08321	72.42739	102.67064	131.80102	155.94311
0.5	-3.3	24.17414	44.71296	70.23637	97.65479	123.22378	143.55157
0.5	-3.25	24.55576	44.19235	67.8852	92.58241	114.83796	131.73353
0.5	-3.2	24.84821	43.52406	65.39092	87.48393	106.67718	120.50782
0.5	-3.15	25.046	42.71259	62.77193	82.38946	98.77227	109.88844
0.5	-3.1	25.14598	41.76411	60.0475	77.32798	91.15024	99.88344
0.5	-3.05	25.147	40.68602	57.23762	72.32728	83.83454	90.49587
0.5	-3.	25.04715	39.487	54.36274	67.41348	76.84463	81.72348
0.5	-2.95	24.84563	38.17717	51.44354	62.6109	70.19627	73.55961
0.5	-2.9	24.5429	36.76796	48.50066	57.94187	63.90158	65.99356
0.5	-2.85	24.14042	35.2719	45.55418	53.42616	57.96849	59.01019
0.5	-2.8	23.64282	33.70254	42.62363	49.08138	52.40178	52.59157
0.5	-2.75	23.0571	32.07342	39.72737	44.92233	47.20232	46.71624
0.5	-2.7	22.38852	30.39839	36.88287	40.96149	42.36816	41.36076
0.5	-2.65	21.64389	28.69142	34.10609	37.20843	37.89392	36.49918
0.5	-2.6	20.83079	26.96652	31.41174	33.67042	33.77187	32.10444
0.5	-2.55	19.95674	25.23744	28.81269	30.35193	29.99155	28.14797
0.5	-2.5	19.03159	23.51768	26.32014	27.25511	26.54047	24.60071
0.5	-2.45	18.06736	21.81961	23.94349	24.37991	23.40451	21.43339
0.5	-2.4	17.07302	20.1544	21.69026	21.72396	20.56776	18.61655
0.5	-2.35	16.05731	18.53258	19.56636	19.28315	18.01348	16.12146
0.5	-2.3	15.02917	16.96367	17.57579	17.05142	15.72383	13.91984
0.5	-2.25	13.99735	15.45625	15.72096	15.02133	13.68062	11.98458
0.5	-2.2	12.97163	14.01773	14.00248	13.18405	11.86536	10.28967
0.5	-2.15	11.96215	12.65385	12.41944	11.52974	10.25959	8.81051
0.5	-2.1	10.97589	11.36894	10.96952	10.04765	8.84507	7.52394
0.5	-2.05	10.01934	10.16622	9.64921	8.72648	7.60408	6.40845
0.5	-2.	9.09839	9.04782	8.45394	7.55458	6.5196	5.44422
0.5	-1.95	8.21777	8.01469	7.37811	6.52001	5.57532	4.61302
0.5	-1.9	7.38246	7.06689	6.41537	5.61092	4.75598	3.89838
0.5	-1.85	6.59738	6.20307	5.55865	4.81558	4.04725	3.2854
0.5	-1.8	5.86463	5.42095	4.80055	4.12268	3.43598	2.76081
0.5	-1.75	5.18558	4.71744	4.13334	3.5213	2.91006	2.31278
0.5	-1.7	4.56083	4.08891	3.54921	3.00119	2.45861	1.93091
0.5	-1.65	3.99001	3.53116	3.04034	2.55268	2.07179	1.60608
0.5	-1.6	3.47298	3.03968	2.59901	2.16691	1.74092	1.33035
0.5	-1.55	3.0094	2.60931	2.21776	1.83574	1.4583	1.09682
0.5	-1.5	2.5968	2.23465	1.88947	1.55187	1.21723	0.89954
0.5	-1.45	2.23245	1.91027	1.60756	1.3088	1.01189	0.7334
0.5	-1.4	1.91324	1.63079	1.3659	1.1008	0.83725	0.59397
0.5	-1.35	1.63558	1.39099	1.15896	0.92288	0.68901	0.47746
0.5	-1.3	1.3959	1.18591	0.98177	0.77073	0.56349	0.38059
0.5	-1.25	1.1907	1.01083	0.82997	0.64068	0.45754	0.30054
0.5	-1.2	1.01582	0.86139	0.69977	0.52961	0.36847	0.23485
0.5	-1.15	0.86736	0.73371	0.58793	0.43491	0.29399	0.18139
0.5	-1.1	0.74161	0.62436	0.49174	0.35436	0.23208	0.1383
0.5	-1.05	0.63522	0.53038	0.40893	0.2861	0.18103	0.10393
0.5	-1.	0.54503	0.44922	0.33766	0.22856	0.13932	0.07686
0.5	-0.95	0.46793	0.37883	0.2764	0.18038	0.1056	0.05583
0.5	-0.9	0.40148	0.31758	0.22394	0.14039	0.07869	0.03976
0.5	-0.85	0.34373	0.26419	0.17923	0.10753	0.05752	0.02769
0.5	-0.8	0.29313	0.21766	0.14142	0.08088	0.04114	0.01881
0.5	-0.75	0.24848	0.17721	0.10973	0.05958	0.02871	0.01243
0.5	-0.7	0.20887	0.14222	0.08352	0.04285	0.01948	0.00795
0.5	-0.65	0.17364	0.1122	0.06214	0.02998	0.0128	0.00491
0.5	-0.6	0.1424	0.08672	0.04502	0.02032	0.00811	0.0029
0.5	-0.55	0.11484	0.0654	0.03161	0.01326	0.00492	0.00164
0.5	-0.5	0.09069	0.04787	0.02139	0.00829	0.00284	0.00087
0.5	-0.45	0.06971	0.03379	0.01383	0.00491	0.00155	0.00044
0.5	-0.4	0.05177	0.0228	0.00847	0.00274	0.00078	0.0002
0.5	-0.35	0.03684	0.01455	0.00486	0.00141	0.00037	0.00009
0.5	-0.3	0.02479	0.00864	0.00256	0.00066	0.00015	0.00003
0.5	-0.25	0.01543	0.00467	0.00121	0.00028	0.00006	0.00001
0.5	-0.2	0.00861	0.00224	0.0005	0.0001	0.00002	0.00000
0.5	-0.15	0.00417	0.00093	0.00018	0.00003	0.00000	0.00000
0.5	-0.1	0.00172	0.00031	0.00005	0.00000	0.00000	0.00000
0.5	-0.05	0.0006	0.00007	0.00000	0.00000	0.00000	0.00000
0.5	0.00	0.00002	0.00000	0.00000	0.00000	0.00000	0.00000
0.4	-8.9	0.00209	0.03085	0.25812	1.57604	7.78477	32.83856
0.4	-8.85	0.00234	0.03407	0.2817	1.70248	8.33434	34.87601
0.4	-8.8	0.00262	0.03762	0.30734	1.83834	8.91892	37.02343
0.4	-8.75	0.00294	0.04154	0.33519	1.98425	9.54042	39.28544
0.4	-8.7	0.0033	0.04585	0.36544	2.14088	10.20079	41.66675
0.4	-8.65	0.00369	0.05059	0.39827	2.30892	10.90207	44.17215
0.4	-8.6	0.00414	0.05581	0.4339	2.4891	11.64639	46.80653
0.4	-8.55	0.00464	0.06155	0.47253	2.6822	12.43591	49.57481
0.4	-8.5	0.0052	0.06786	0.51441	2.88904	13.27292	52.48201
0.4	-8.45	0.00582	0.0748	0.55979	3.11047	14.15972	55.53317
0.4	-8.4	0.00652	0.08242	0.60892	3.34737	15.09873	58.73336
0.4	-8.35	0.0073	0.0908	0.6621	3.60069	16.09241	62.0877
0.4	-8.3	0.00818	0.09999	0.71963	3.8714	17.1433	65.60131
0.4	-8.25	0.00916	0.11008	0.78182	4.16053	18.25401	69.27929
0.4	-8.2	0.01026	0.12115	0.84902	4.46913	19.42719	73.12674
0.4	-8.15	0.01148	0.13328	0.92159	4.79833	20.66557	77.14869
0.4	-8.1	0.01286	0.14658	0.99992	5.14926	21.97194	81.35016
0.4	-8.05	0.01439	0.16115	1.0844	5.52314	23.34911	85.73604
0.4	-8.	0.01611	0.1771	1.17547	5.92119	24.79997	90.31115
0.4	-7.95	0.01802	0.19455	1.27358	6.34471	26.32744	95.08018
0.4	-7.9	0.02017	0.21364	1.3792	6.79503	27.93446	100.04766
0.4	-7.85	0.02256	0.2345	1.49283	7.27351	29.62403	105.21798
0.4	-7.8	0.02523	0.2573	1.615	7.78158	31.39914	110.59528
0.4	-7.75	0.02821	0.28219	1.74626	8.32068	33.26282	116.18351
0.4	-7.7	0.03153	0.30934	1.88719	8.89231	35.2181	121.98633
0.4	-7.65	0.03524	0.33896	2.03838	9.498	37.268	128.00712
0.4	-7.6	0.03938	0.37123	2.20047	10.13932	39.41555	134.24892
0.4	-7.55	0.044	0.40637	2.37412	10.81787	41.66373	140.71441
0.4	-7.5	0.04915	0.44461	2.55999	11.5353	44.01552	147.40587
0.4	-7.45	0.05487	0.48619	2.75881	12.29325	46.47383	154.3251
0.4	-7.4	0.06125	0.53137	2.97129	13.09343	49.04154	161.47347
0.4	-7.35	0.06835	0.58042	3.1982	13.93755	51.72144	168.85176
0.4	-7.3	0.07624	0.63363	3.44031	14.82734	54.51624	176.46021
0.4	-7.25	0.08502	0.6913	3.69843	15.76457	57.42858	184.2984
0.4	-7.2	0.09477	0.75375	3.97338	16.75099	60.46095	192.36524
0.4	-7.15	0.10559	0.82131	4.26601	17.7884	63.61575	200.65892
0.4	-7.1	0.1176	0.89433	4.57717	18.87859	66.89518	209.17681
0.4	-7.05	0.1309	0.97318	4.90776	20.02334	70.30133	217.91548
0.4	-7.	0.14563	1.05824	5.25867	21.22445	73.83606	226.87053
0.4	-6.95	0.16194	1.14989	5.63081	22.48371	77.50102	236.03662
0.4	-6.9	0.17997	1.24854	6.02512	23.80291	81.29767	245.4074
0.4	-6.85	0.19986	1.3546	6.44253	25.18382	85.22714	254.97536
0.4	-6.8	0.22181	1.4685	6.88401	26.62819	89.29032	264.73191
0.4	-6.75	0.24599	1.59067	7.35051	28.13775	93.48776	274.66712
0.4	-6.7	0.27261	1.72156	7.84302	29.71422	97.81964	284.76982
0.4	-6.65	0.30187	1.8616	8.36251	31.35926	102.28578	295.02751
0.4	-6.6	0.33398	2.01125	8.90999	33.07452	106.88555	305.42615
0.4	-6.55	0.36915	2.17095	9.48646	34.86157	111.61783	315.95025
0.4	-6.5	0.40763	2.34114	10.09295	36.72197	116.48103	326.58281
0.4	-6.45	0.44964	2.52229	10.7305	38.65717	121.47293	337.3051
0.4	-6.4	0.49541	2.71482	11.40015	40.66857	126.59075	348.09682
0.4	-6.35	0.5452	2.91918	12.10299	42.75747	131.83099	358.93586
0.4	-6.3	0.59923	3.13581	12.84011	44.92506	137.18944	369.79837
0.4	-6.25	0.6577	3.36513	13.61264	47.17241	142.6611	380.6588
0.4	-6.2	0.72085	3.60758	14.42174	49.50043	148.24009	391.48963
0.4	-6.15	0.78889	3.86358	15.2686	51.90987	153.91964	402.26172
0.4	-6.1	0.86199	4.13358	16.15445	54.40125	159.69196	412.94396
0.4	-6.05	0.94031	4.41802	17.08056	56.97488	165.54821	423.50355
0.4	-6.	1.024	4.71737	18.04827	59.63075	171.47846	433.90606
0.4	-5.95	1.11313	5.03211	19.05892	62.36856	177.47157	444.11522
0.4	-5.9	1.2078	5.36279	20.11393	65.1876	183.51517	454.09345
0.4	-5.85	1.30803	5.70997	21.21474	68.08675	189.59559	463.80153
0.4	-5.8	1.41383	6.07432	22.3628	71.06438	195.69782	473.19906
0.4	-5.75	1.52516	6.45656	23.55961	74.11832	201.80551	482.24464
0.4	-5.7	1.64197	6.85751	24.80663	77.24573	207.90086	490.89576
0.4	-5.65	1.7642	7.27814	26.10528	80.44312	213.96469	499.10937
0.4	-5.6	1.89178	7.7195	27.45694	83.70621	219.97646	506.84214
0.4	-5.55	2.02467	8.18284	28.86284	87.02984	225.91418	514.05034
0.4	-5.5	2.16296	8.66951	30.32407	90.408	231.75465	520.69082
0.4	-5.45	2.30683	9.18102	31.84149	93.83363	237.47331	526.72066
0.4	-5.4	2.45647	9.71902	33.41569	97.29868	243.04452	532.09805
0.4	-5.35	2.61214	10.28528	35.04691	100.79398	248.44155	536.78237
0.4	-5.3	2.7743	10.88174	36.73495	104.30926	253.63686	540.73495
0.4	-5.25	2.94358	11.51043	38.47912	107.83306	258.60212	543.91888
0.4	-5.2	3.12094	12.17343	40.27813	111.35275	263.30848	546.29995
0.4	-5.15	3.30767	12.8728	42.13004	114.8546	267.72689	547.84707
0.4	-5.1	3.50516	13.61055	44.03215	118.3237	271.82811	548.53206
0.4	-5.05	3.71502	14.38855	45.98096	121.74412	275.58326	548.33098
0.4	-5.	3.93913	15.20846	47.9721	125.09888	278.9638	547.22353
0.4	-4.95	4.17961	16.07168	50.0003	128.37014	281.94205	545.19408
0.4	-4.9	4.43879	16.97924	52.05932	131.53929	284.49149	542.232
0.4	-4.85	4.71907	17.93169	54.14198	134.58703	286.58684	538.33116
0.4	-4.8	5.02283	18.92907	56.24013	137.49364	288.20472	533.49139
0.4	-4.75	5.35233	19.97085	58.34467	140.23904	289.32359	527.71743
0.4	-4.7	5.7098	21.0559	60.4456	142.80305	289.92431	521.01986
0.4	-4.65	6.09744	22.18238	62.53204	145.16561	289.99044	513.41531
0.4	-4.6	6.51703	23.34775	64.5923	147.30691	289.50821	504.92546
0.4	-4.55	6.96997	24.54875	66.61401	149.20774	288.46726	495.57848
0.4	-4.5	7.45764	25.78139	68.5841	150.84958	286.86035	485.40745
0.4	-4.45	7.98102	27.0409	70.48903	152.21497	284.68388	474.4512
0.4	-4.4	8.54067	28.32171	72.31484	153.28769	281.93812	462.7541
0.4	-4.35	9.13681	29.6175	74.0473	154.05297	278.62694	450.3648
0.4	-4.3	9.76888	30.92117	75.67211	154.49773	274.75826	437.33682
0.4	-4.25	10.43565	32.225	77.17502	154.61088	270.34411	423.72823
0.4	-4.2	11.13565	33.52064	78.54199	154.38334	265.40015	409.59996
0.4	-4.15	11.86673	34.79915	79.75943	153.80844	259.94632	395.01705
0.4	-4.1	12.62616	36.0511	80.81429	152.88189	254.00603	380.04634
0.4	-4.05	13.41061	37.26662	81.69431	151.60201	247.60645	364.75704
0.4	-4.	14.21617	38.43556	82.3882	149.96992	240.7784	349.22014
0.4	-3.95	15.03838	39.54752	82.88579	147.98937	233.5555	333.50663
0.4	-3.9	15.87209	40.59199	83.17826	145.66704	225.97449	317.68807
0.4	-3.85	16.71142	41.55855	83.25825	143.01236	218.07455	301.83524
0.4	-3.8	17.55001	42.43698	83.12012	140.03767	209.89724	286.01818
0.4	-3.75	18.38086	43.21746	82.7599	136.75781	201.48545	270.30418
0.4	-3.7	19.19684	43.89072	82.17558	133.19042	192.88389	254.75911
0.4	-3.65	19.99106	44.44805	81.36707	129.35535	184.13761	239.44476
0.4	-3.6	20.75567	44.88148	80.33636	125.27488	175.29248	224.42025
0.4	-3.55	21.48226	45.18407	79.08752	120.97319	166.39402	209.74014
0.4	-3.5	22.16246	45.3501	77.6267	116.47623	157.48735	195.45478
0.4	-3.45	22.78813	45.37516	75.96204	111.81129	148.61629	181.60935
0.4	-3.4	23.35229	45.25625	74.1036	107.00686	139.82338	168.24414
0.4	-3.35	23.8488	44.99153	72.06336	102.09233	131.14944	155.39448
0.4	-3.3	24.27055	44.58058	69.85492	97.09729	122.63252	143.08945
0.4	-3.25	24.61117	44.02464	67.49362	92.05175	114.30859	131.35347
0.4	-3.2	24.86492	43.32652	64.99607	86.98512	106.21012	120.20458
0.4	-3.15	25.02678	42.49078	62.38012	81.92649	98.36685	109.65615
0.4	-3.1	25.09385	41.52358	59.66445	76.90384	90.80484	99.71579
0.4	-3.05	25.06509	40.43222	56.86842	71.94401	83.5467	90.38625
0.4	-3.	24.93896	39.22525	54.01174	67.07218	76.61122	81.66519
0.4	-2.95	24.715	37.91254	51.11437	62.31181	70.01359	73.54593
0.4	-2.9	24.39387	36.50517	48.19617	57.68446	63.7655	66.01792
0.4	-2.85	23.97757	35.01522	45.27646	53.20921	57.87458	59.06627
0.4	-2.8	23.47068	33.45559	42.37404	48.90311	52.34544	52.6734
0.4	-2.75	22.87948	31.83926	39.50661	44.78046	47.17888	46.81822
0.4	-2.7	22.20923	30.17951	36.69103	40.85336	42.37298	41.4778
0.4	-2.65	21.46603	28.48974	33.94275	37.1311	37.92248	36.62666
0.4	-2.6	20.65701	26.78349	31.27598	33.62074	33.81985	32.23828
0.4	-2.55	19.78984	25.07405	28.70318	30.32664	30.05486	28.28464
0.4	-2.5	18.87403	23.37435	26.23521	27.25092	26.61538	24.73718
0.4	-2.45	17.92056	21.69631	23.88121	24.39356	23.48759	21.56718
0.4	-2.4	16.93822	20.05082	21.6485	21.7523	20.65598	18.74566
0.4	-2.35	15.9356	18.44805	19.54285	19.32318	18.10419	16.24436
0.4	-2.3	14.92119	16.89722	17.56818	17.10033	15.81476	14.0354
0.4	-2.25	13.90345	15.40669	15.72688	15.07657	13.76992	12.09207
0.4	-2.2	12.89213	13.98361	14.01959	13.24333	11.95151	10.38867
0.4	-2.15	11.89685	12.63354	12.44548	11.59104	10.34144	8.90089
0.4	-2.1	10.9241	11.3607	11.00238	10.10926	8.9218	7.60579
0.4	-2.05	9.98017	10.16831	9.68695	8.78698	7.67515	6.48206
0.4	-2.	9.07076	9.0585	8.49482	7.61283	6.58472	5.51001
0.4	-1.95	8.20049	8.03232	7.42056	6.57513	5.63441	4.6715
0.4	-1.9	7.37452	7.08988	6.45807	5.6623	4.80915	3.95015
0.4	-1.85	6.59769	6.2299	5.60047	4.86282	4.09473	3.33106
0.4	-1.8	5.87188	5.4502	4.8406	4.16559	3.47812	2.80097
0.4	-1.75	5.19846	4.74784	4.17094	3.55988	2.94728	2.34803
0.4	-1.7	4.57795	4.11937	3.58392	3.03555	2.49137	1.96182
0.4	-1.65	4.01016	3.5608	3.07187	2.58305	2.10055	1.63316
0.4	-1.6	3.49505	3.06776	2.62728	2.1936	1.76614	1.35406
0.4	-1.55	3.03212	2.6353	2.2428	1.8591	1.48041	1.11758
0.4	-1.5	2.61925	2.25824	1.91145	1.57227	1.23663	0.91771
0.4	-1.45	2.25391	1.93133	1.6267	1.32661	1.02894	0.74929
0.4	-1.4	1.93314	1.64931	1.38248	1.11636	0.85226	0.60783
0.4	-1.35	1.6536	1.40708	1.17328	0.93652	0.70225	0.48953
0.4	-1.3	1.4119	1.19976	0.99414	0.78274	0.57518	0.39106
0.4	-1.25	1.20463	1.02267	0.84068	0.6513	0.46786	0.30957
0.4	-1.2	1.02792	0.87145	0.70907	0.53906	0.37758	0.24258
0.4	-1.15	0.87785	0.74221	0.59607	0.44336	0.30199	0.18795
0.4	-1.1	0.75061	0.63148	0.49894	0.36195	0.23909	0.14379
0.4	-1.05	0.64267	0.53632	0.41539	0.29294	0.18711	0.10847
0.4	-1.	0.55081	0.45424	0.34355	0.23471	0.14454	0.08056
0.4	-0.95	0.47222	0.38321	0.28186	0.18588	0.11002	0.05879
0.4	-0.9	0.40458	0.32158	0.22903	0.14526	0.08237	0.04208
0.4	-0.85	0.34601	0.26801	0.18399	0.11178	0.06052	0.02947
0.4	-0.8	0.295	0.22144	0.14582	0.08452	0.04353	0.02013
0.4	-0.75	0.25033	0.181	0.11375	0.06262	0.03056	0.01338
0.4	-0.7	0.21099	0.14599	0.08709	0.04533	0.02087	0.00862
0.4	-0.65	0.17618	0.11587	0.06523	0.03194	0.01382	0.00536
0.4	-0.6	0.14533	0.09018	0.04761	0.02181	0.00882	0.00319
0.4	-0.55	0.118	0.06853	0.0337	0.01435	0.00539	0.00182
0.4	-0.5	0.09391	0.0506	0.023	0.00905	0.00314	0.00098
0.4	-0.45	0.07283	0.03606	0.01503	0.00542	0.00173	0.00049
0.4	-0.4	0.05467	0.0246	0.00931	0.00305	0.00088	0.00023
0.4	-0.35	0.03939	0.0159	0.0054	0.00159	0.00042	0.0001
0.4	-0.3	0.02688	0.00958	0.00288	0.00076	0.00018	0.00004
0.4	-0.25	0.01702	0.00526	0.00139	0.00032	0.00007	0.00001
0.4	-0.2	0.00969	0.00257	0.00058	0.00012	0.00002	0.00000
0.4	-0.15	0.00481	0.00108	0.00021	0.00003	0.00000	0.00000
0.4	-0.1	0.00202	0.00037	0.00005	0.00000	0.00000	0.00000
0.4	-0.05	0.00069	0.00008	0.00000	0.00000	0.00000	0.00000
0.4	0.00	0.00003	0.00000	0.00000	0.00000	0.00000	0.00000
0.3	-8.9	0.00228	0.03366	0.28085	1.70881	8.40254	35.24788
0.3	-8.85	0.00256	0.03717	0.30648	1.84566	8.99379	37.42323
0.3	-8.8	0.00287	0.04105	0.33434	1.99267	9.62251	39.71487
0.3	-8.75	0.00322	0.04532	0.36461	2.15053	10.2907	42.1276
0.3	-8.7	0.00361	0.05001	0.39748	2.31994	11.00044	44.66626
0.3	-8.65	0.00404	0.05519	0.43316	2.50166	11.75389	47.33581
0.3	-8.6	0.00453	0.06088	0.47186	2.69647	12.55327	50.14125
0.3	-8.55	0.00507	0.06714	0.51383	2.9052	13.40089	53.08762
0.3	-8.5	0.00569	0.07402	0.55932	3.12873	14.29912	56.18004
0.3	-8.45	0.00637	0.08158	0.60859	3.36796	15.25041	59.42364
0.3	-8.4	0.00713	0.08989	0.66195	3.62386	16.25727	62.82357
0.3	-8.35	0.00799	0.09902	0.71968	3.89741	17.32229	66.385
0.3	-8.3	0.00895	0.10904	0.78213	4.18967	18.44812	70.11306
0.3	-8.25	0.01002	0.12003	0.84963	4.50173	19.63747	74.01286
0.3	-8.2	0.01122	0.13209	0.92256	4.83471	20.89311	78.08949
0.3	-8.15	0.01257	0.14531	1.00131	5.1898	22.21787	82.34793
0.3	-8.1	0.01407	0.1598	1.08628	5.56823	23.61462	86.79311
0.3	-8.05	0.01574	0.17566	1.17792	5.97127	25.08628	91.42981
0.3	-8.	0.01762	0.19304	1.27669	6.40023	26.63581	96.26271
0.3	-7.95	0.01971	0.21204	1.38307	6.85647	28.2662	101.2963
0.3	-7.9	0.02205	0.23283	1.49757	7.34141	29.98047	106.5349
0.3	-7.85	0.02467	0.25555	1.62074	7.85649	31.78167	111.98261
0.3	-7.8	0.02759	0.28037	1.75314	8.40321	33.67282	117.64328
0.3	-7.75	0.03086	0.30746	1.89536	8.98308	35.657	123.5205
0.3	-7.7	0.0345	0.33701	2.04802	9.59769	37.73722	129.61751
0.3	-7.65	0.03856	0.36924	2.21177	10.24864	39.91653	135.93724
0.3	-7.6	0.04308	0.40435	2.38728	10.93756	42.1979	142.48221
0.3	-7.55	0.04813	0.44258	2.57526	11.66613	44.5843	149.25454
0.3	-7.5	0.05375	0.48417	2.77643	12.43606	47.07863	156.25589
0.3	-7.45	0.06001	0.5294	2.99156	13.24905	49.68371	163.48738
0.3	-7.4	0.06698	0.57852	3.22141	14.10688	52.4023	170.94964
0.3	-7.35	0.07474	0.63185	3.46681	15.01128	55.23707	178.64265
0.3	-7.3	0.08336	0.68969	3.72858	15.96406	58.19055	186.56579
0.3	-7.25	0.09294	0.75237	4.00758	16.967	61.26517	194.71773
0.3	-7.2	0.10358	0.82023	4.30469	18.0219	64.46319	203.0964
0.3	-7.15	0.11539	0.89364	4.62079	19.13056	67.78675	211.69897
0.3	-7.1	0.12848	0.97297	4.95682	20.29477	71.23775	220.52171
0.3	-7.05	0.14299	1.05862	5.31371	21.51633	74.81792	229.56003
0.3	-7.	0.15904	1.15099	5.6924	22.797	78.52876	238.80835
0.3	-6.95	0.1768	1.25051	6.09386	24.13855	82.37151	248.26008
0.3	-6.9	0.19643	1.35762	6.51906	25.54271	86.34714	257.90758
0.3	-6.85	0.2181	1.47277	6.96901	27.01119	90.4563	267.74201
0.3	-6.8	0.24199	1.5964	7.44468	28.54564	94.69933	277.7534
0.3	-6.75	0.26831	1.729	7.94709	30.14771	99.07618	287.93045
0.3	-6.7	0.29725	1.87104	8.47724	31.81897	103.58642	298.26056
0.3	-6.65	0.32903	2.02301	9.03616	33.56093	108.22917	308.7298
0.3	-6.6	0.3639	2.18539	9.62486	35.37507	113.0031	319.32271
0.3	-6.55	0.4021	2.35867	10.24437	37.26276	117.90633	330.02237
0.3	-6.5	0.44387	2.54334	10.89571	39.22531	122.93647	340.81037
0.3	-6.45	0.48946	2.73988	11.57994	41.26392	128.09046	351.6666
0.3	-6.4	0.53912	2.94878	12.29808	43.3797	133.36466	362.56942
0.3	-6.35	0.59311	3.17051	13.05121	45.57361	138.75467	373.49542
0.3	-6.3	0.65168	3.40556	13.84037	47.84649	144.25534	384.41954
0.3	-6.25	0.7151	3.65439	14.66665	50.19902	149.86075	395.31509
0.3	-6.2	0.78359	3.91747	15.53115	52.63169	155.56403	406.1535
0.3	-6.15	0.8574	4.19528	16.43498	55.14477	161.35745	416.9047
0.3	-6.1	0.93671	4.48827	17.37928	57.7383	167.23224	427.53676
0.3	-6.05	1.02168	4.79694	18.3652	60.41204	173.17861	438.01621
0.3	-6.	1.11248	5.1218	19.39391	63.16543	179.18569	448.3081
0.3	-5.95	1.20927	5.46336	20.46663	65.99756	185.24137	458.37581
0.3	-5.9	1.31216	5.82218	21.58454	68.90711	191.33245	468.18159
0.3	-5.85	1.42122	6.19886	22.74887	71.8923	197.44439	477.68624
0.3	-5.8	1.5365	6.59407	23.96082	74.95083	203.5614	486.84956
0.3	-5.75	1.65808	7.00852	25.22159	78.07984	209.66644	495.6306
0.3	-5.7	1.78596	7.44303	26.53232	81.27582	215.74108	503.98749
0.3	-5.65	1.92014	7.89848	27.89409	84.53455	221.76561	511.87806
0.3	-5.6	2.06062	8.37589	29.30788	87.85107	227.71908	519.26006
0.3	-5.55	2.20743	8.87639	30.77453	91.21955	233.57918	526.09108
0.3	-5.5	2.36064	9.40124	32.29468	94.63329	239.32253	532.32952
0.3	-5.45	2.52046	9.95181	33.86875	98.08464	244.92455	537.93421
0.3	-5.4	2.68713	10.5296	35.49684	101.56493	250.35969	542.8653
0.3	-5.35	2.86094	11.13622	37.17868	105.06444	255.60149	547.08434
0.3	-5.3	3.04232	11.77339	38.91358	108.57241	260.62285	550.55501
0.3	-5.25	3.23193	12.44292	40.70032	112.07696	265.39599	553.24291
0.3	-5.2	3.43069	13.14663	42.53708	115.56512	269.89284	555.11646
0.3	-5.15	3.63985	13.88632	44.42139	119.02289	274.08527	556.14737
0.3	-5.1	3.86079	14.66369	46.35002	122.43521	277.94512	556.3103
0.3	-5.05	4.09514	15.48027	48.31897	125.78608	281.44477	555.58426
0.3	-5.	4.34479	16.33736	50.32338	129.0586	284.55707	553.95192
0.3	-4.95	4.61171	17.23592	52.35753	132.23512	287.2559	551.4006
0.3	-4.9	4.89797	18.17656	54.4148	135.29732	289.51642	547.92263
0.3	-4.85	5.20583	19.15943	56.48765	138.22637	291.31511	543.51473
0.3	-4.8	5.5375	20.18413	58.56765	141.0031	292.63048	538.17953
0.3	-4.75	5.8951	21.24969	60.6455	143.60815	293.44296	531.92438
0.3	-4.7	6.28055	22.35453	62.71105	146.02218	293.73541	524.76236
0.3	-4.65	6.69575	23.4964	64.75342	148.22608	293.49344	516.71237
0.3	-4.6	7.14225	24.67232	66.76097	150.2011	292.70529	507.79816
0.3	-4.55	7.62107	25.87866	68.7215	151.92923	291.36263	498.04971
0.3	-4.5	8.13313	27.1111	70.62224	153.39321	289.46016	487.50166
0.3	-4.45	8.67905	28.36458	72.45001	154.5769	286.99617	476.19408
0.3	-4.4	9.25896	29.63334	74.19139	155.4655	283.97269	464.17234
0.3	-4.35	9.87253	30.91093	75.83273	156.04564	280.39525	451.48574
0.3	-4.3	10.51896	32.19023	77.36044	156.3057	276.27323	438.18817
0.3	-4.25	11.19687	33.46353	78.76105	156.23603	271.61998	424.33777
0.3	-4.2	11.90432	34.72257	80.0214	155.82895	266.4523	409.9952
0.3	-4.15	12.63892	35.95861	81.12882	155.07917	260.79104	395.22504
0.3	-4.1	13.39767	37.16249	82.07127	153.98367	254.66032	380.0933
0.3	-4.05	14.1769	38.32473	82.83754	152.54199	248.0878	364.66819
0.3	-4.	14.97254	39.43568	83.4174	150.75632	241.10454	349.01944
0.3	-3.95	15.78018	40.4855	83.80173	148.63139	233.74422	333.21659
0.3	-3.9	16.59464	41.46434	83.98277	146.17467	226.04339	317.32963
0.3	-3.85	17.41023	42.36247	83.95417	143.39628	218.04085	301.42758
0.3	-3.8	18.22077	43.17042	83.71121	140.30904	209.77759	285.57867
0.3	-3.75	19.01962	43.87914	83.25084	136.92813	201.29575	269.84829
0.3	-3.7	19.80018	44.48012	82.57183	133.27138	192.63914	254.3004
0.3	-3.65	20.55577	44.96539	81.6748	129.35863	183.85174	238.99486
0.3	-3.6	21.2787	45.32779	80.56237	125.21201	174.97831	223.98891
0.3	-3.55	21.96129	45.56118	79.23909	120.85537	166.06312	209.33532
0.3	-3.5	22.59578	45.66056	77.71147	116.31421	157.14997	195.08268
0.3	-3.45	23.17435	45.62222	75.98787	111.61522	148.28139	181.27454
0.3	-3.4	23.6906	45.44382	74.07846	106.78619	139.49858	167.94973
0.3	-3.35	24.13931	45.12413	71.99514	101.85572	130.84106	155.14221
0.3	-3.3	24.51411	44.66316	69.75135	96.85253	122.34562	142.87985
0.3	-3.25	24.8093	44.06245	67.36209	91.80571	114.04702	131.18604
0.3	-3.2	25.01964	43.32506	64.84356	86.74374	105.97663	120.07794
0.3	-3.15	25.14065	42.45565	62.21312	81.69478	98.16316	109.56816
0.3	-3.1	25.17018	41.46033	59.48884	76.6859	90.63175	99.66376
0.3	-3.05	25.10767	40.34624	56.68947	71.74304	83.40421	90.36705
0.3	-3.	24.95158	39.12165	53.83407	66.89055	76.49862	81.67536
0.3	-2.95	24.70147	37.7961	50.94192	62.15114	69.92959	73.58186
0.3	-2.9	24.35805	36.38033	48.03225	57.54565	63.70833	66.07591
0.3	-2.85	23.92316	34.88602	45.12373	53.09253	57.84211	59.14266
0.3	-2.8	23.40131	33.32567	42.23452	48.80829	52.33528	52.76461
0.3	-2.75	22.79891	31.71181	39.38175	44.70675	47.18845	46.92088
0.3	-2.7	22.12095	30.05718	36.58172	40.79963	42.39962	41.58873
0.3	-2.65	21.3735	28.37468	33.84938	37.09593	37.96352	36.74298
0.3	-2.6	20.5633	26.67728	31.19852	33.60247	33.87267	32.35739
0.3	-2.55	19.6969	24.97783	28.64128	30.32346	30.11694	28.40427
0.3	-2.5	18.78341	23.28899	26.18821	27.26092	26.68435	24.85538
0.3	-2.45	17.8341	21.62235	23.8482	24.41479	23.56127	21.68232
0.3	-2.4	16.85712	19.98851	21.62836	21.7828	20.7324	18.85644
0.3	-2.35	15.86117	18.39734	19.53429	19.36106	18.18162	16.34975
0.3	-2.3	14.85475	16.85776	17.5698	17.14381	15.8917	14.13467
0.3	-2.25	13.84571	15.37778	15.73723	15.12399	13.84511	12.18474
0.3	-2.2	12.84288	13.96442	14.03722	13.29317	12.02395	10.47447
0.3	-2.15	11.85576	12.62321	12.469	11.64197	10.41035	8.97975
0.3	-2.1	10.89111	11.35832	11.03043	10.16011	8.9866	7.6778
0.3	-2.05	9.95517	10.17286	9.71824	8.83677	7.73547	6.54742
0.3	-2.	9.05331	9.06892	8.52815	7.66078	6.64036	5.56905
0.3	-1.95	8.19017	8.04751	7.45487	6.62062	5.68533	4.7246
0.3	-1.9	7.37076	7.10874	6.49242	5.7049	4.85542	3.99773
0.3	-1.85	6.59953	6.25136	5.63408	4.90225	4.13653	3.37357
0.3	-1.8	5.8785	5.47329	4.87285	4.20172	3.5157	2.83887
0.3	-1.75	5.20898	4.77168	4.20137	3.59269	2.98094	2.38177
0.3	-1.7	4.59133	4.14321	3.61219	3.06512	2.52143	1.99181
0.3	-1.65	4.02541	3.58404	3.0978	2.60955	2.12736	1.65978
0.3	-1.6	3.51149	3.08995	2.65077	2.21722	1.79003	1.37768
0.3	-1.55	3.04923	2.65608	2.26385	1.8801	1.50172	1.1385
0.3	-1.5	2.63645	2.27734	1.93015	1.59092	1.25564	0.93621
0.3	-1.45	2.27068	1.94857	1.64319	1.34319	1.04592	0.7656
0.3	-1.4	1.94897	1.66463	1.39696	1.13115	0.86744	0.62217
0.3	-1.35	1.66819	1.42053	1.18597	0.94975	0.71582	0.50207
0.3	-1.3	1.42525	1.21139	1.00528	0.79464	0.5873	0.40195
0.3	-1.25	1.21669	1.03258	0.8505	0.66207	0.47868	0.31896
0.3	-1.2	1.03842	0.87978	0.71783	0.54885	0.38718	0.2506
0.3	-1.15	0.88652	0.74917	0.60401	0.45228	0.31045	0.19472
0.3	-1.1	0.75732	0.63737	0.50627	0.37008	0.24648	0.14943
0.3	-1.05	0.64752	0.54149	0.42225	0.30031	0.19349	0.1131
0.3	-1.	0.55423	0.45902	0.35003	0.24134	0.14996	0.08429
0.3	-0.95	0.47477	0.38784	0.28798	0.19177	0.11456	0.06174
0.3	-0.9	0.40678	0.3262	0.23476	0.15041	0.08609	0.04436
0.3	-0.85	0.34826	0.27265	0.18928	0.1162	0.06351	0.03119
0.3	-0.8	0.29754	0.22607	0.15062	0.08823	0.04588	0.0214
0.3	-0.75	0.25325	0.18553	0.118	0.06567	0.03236	0.01429
0.3	-0.7	0.21427	0.15032	0.09077	0.04776	0.02221	0.00925
0.3	-0.65	0.17973	0.11988	0.06833	0.03383	0.01478	0.00578
0.3	-0.6	0.149	0.09379	0.05015	0.02323	0.00948	0.00347
0.3	-0.55	0.12164	0.07169	0.03572	0.01538	0.00584	0.00198
0.3	-0.5	0.09737	0.05326	0.02454	0.00976	0.00342	0.00107
0.3	-0.45	0.076	0.03823	0.01615	0.00589	0.00189	0.00054
0.3	-0.4	0.05747	0.0263	0.01009	0.00334	0.00098	0.00026
0.3	-0.35	0.04178	0.01716	0.00591	0.00176	0.00046	0.00011
0.3	-0.3	0.02883	0.01045	0.00318	0.00084	0.0002	0.00004
0.3	-0.25	0.01852	0.00581	0.00155	0.00036	0.00007	0.00001
0.3	-0.2	0.01072	0.00287	0.00066	0.00013	0.00002	0.00000
0.3	-0.15	0.0054	0.00122	0.00023	0.00004	0.00000	0.00000
0.3	-0.1	0.00228	0.00042	0.00006	0.00000	0.00000	0.00000
0.3	-0.05	0.00078	0.00009	0.00000	0.00000	0.00000	0.00000
0.3	0.00	0.00003	0.00000	0.00000	0.00000	0.00000	0.00000
0.2	-8.9	0.00282	0.04022	0.32876	1.96859	9.54869	39.55815
0.2	-8.85	0.00316	0.0444	0.35856	2.12493	10.21395	41.97019
0.2	-8.8	0.00354	0.049	0.39092	2.29275	10.92078	44.5088
0.2	-8.75	0.00396	0.05407	0.42605	2.47282	11.67136	47.179
0.2	-8.7	0.00444	0.05965	0.46418	2.66592	12.46793	49.98586
0.2	-8.65	0.00497	0.06578	0.50552	2.87288	13.31282	52.93452
0.2	-8.6	0.00557	0.07252	0.55035	3.09457	14.20844	56.03016
0.2	-8.55	0.00624	0.07993	0.59891	3.33192	15.15725	59.278
0.2	-8.5	0.00699	0.08807	0.65151	3.58587	16.1618	62.68328
0.2	-8.45	0.00783	0.09701	0.70844	3.85744	17.22471	66.25126
0.2	-8.4	0.00877	0.10683	0.77002	4.14767	18.34866	69.98716
0.2	-8.35	0.00982	0.1176	0.83662	4.45767	19.5364	73.8962
0.2	-8.3	0.01099	0.12942	0.90858	4.78858	20.79074	77.98354
0.2	-8.25	0.01231	0.14237	0.9863	5.14159	22.11456	82.25429
0.2	-8.2	0.01378	0.15657	1.07019	5.51793	23.51076	86.71347
0.2	-8.15	0.01542	0.17211	1.1607	5.9189	24.98232	91.36596
0.2	-8.1	0.01725	0.18914	1.25827	6.34583	26.53224	96.21655
0.2	-8.05	0.0193	0.20776	1.3634	6.80009	28.16356	101.26984
0.2	-8.	0.02159	0.22813	1.4766	7.28312	29.87936	106.53026
0.2	-7.95	0.02414	0.2504	1.59841	7.79638	31.68272	112.002
0.2	-7.9	0.027	0.27473	1.7294	8.34139	33.57674	117.68903
0.2	-7.85	0.03018	0.30128	1.87016	8.9197	35.56454	123.59503
0.2	-7.8	0.03373	0.33026	2.02133	9.53292	37.64919	129.72336
0.2	-7.75	0.03769	0.36186	2.18354	10.18268	39.83379	136.07706
0.2	-7.7	0.0421	0.3963	2.35749	10.87065	42.12136	142.65876
0.2	-7.65	0.04702	0.4338	2.54389	11.59854	44.51493	149.47066
0.2	-7.6	0.0525	0.47461	2.74348	12.36809	47.01742	156.51454
0.2	-7.55	0.05859	0.51899	2.95702	13.18106	49.63173	163.79165
0.2	-7.5	0.06537	0.56722	3.18531	14.03923	52.36064	171.30269
0.2	-7.45	0.07292	0.61958	3.42918	14.94441	55.20685	179.04779
0.2	-7.4	0.0813	0.6764	3.68948	15.89842	58.17293	187.02645
0.2	-7.35	0.09061	0.73799	3.96709	16.90311	61.26133	195.23745
0.2	-7.3	0.10094	0.8047	4.26291	17.96029	64.47434	203.6789
0.2	-7.25	0.11241	0.8769	4.57786	19.07181	67.81408	212.34807
0.2	-7.2	0.12511	0.95496	4.91289	20.2395	71.28248	221.24144
0.2	-7.15	0.13917	1.03929	5.26898	21.46519	74.88124	230.35462
0.2	-7.1	0.15473	1.13029	5.6471	22.75066	78.61186	239.68223
0.2	-7.05	0.17193	1.2284	6.04827	24.09772	82.47554	249.21798
0.2	-7.	0.19093	1.33407	6.4735	25.50809	86.47323	258.95446
0.2	-6.95	0.2119	1.44776	6.92382	26.98348	90.60554	268.88319
0.2	-6.9	0.23501	1.56995	7.40027	28.52558	94.87276	278.9946
0.2	-6.85	0.26045	1.70114	7.90391	30.13597	99.27481	289.27782
0.2	-6.8	0.28843	1.84181	8.43578	31.81622	103.81121	299.7208
0.2	-6.75	0.31916	1.99248	8.99696	33.56779	108.48105	310.31011
0.2	-6.7	0.35286	2.15369	9.5885	35.39209	113.28293	321.03101
0.2	-6.65	0.38975	2.32594	10.21147	37.29042	118.215	331.86737
0.2	-6.6	0.43009	2.5098	10.86692	39.26399	123.27481	342.80152
0.2	-6.55	0.47412	2.7058	11.55593	41.31388	128.45938	353.81437
0.2	-6.5	0.52211	2.91448	12.27954	43.44107	133.7651	364.88532
0.2	-6.45	0.57432	3.13639	13.03881	45.64637	139.18767	375.9921
0.2	-6.4	0.63103	3.37209	13.83478	47.93046	144.72211	387.11101
0.2	-6.35	0.69253	3.62211	14.66848	50.29381	150.36268	398.21661
0.2	-6.3	0.75909	3.887	15.54094	52.73675	156.10281	409.28191
0.2	-6.25	0.83098	4.16731	16.45319	55.25934	161.93514	420.27843
0.2	-6.2	0.90846	4.46358	17.40623	57.86145	167.85135	431.1759
0.2	-6.15	0.99179	4.77636	18.40107	60.54263	173.84223	441.94275
0.2	-6.1	1.08123	5.10618	19.4387	63.30219	179.89752	452.54571
0.2	-6.05	1.17702	5.45363	20.52008	66.13907	186.00595	462.95018
0.2	-6.	1.27941	5.81924	21.64619	69.05187	192.1552	473.12028
0.2	-5.95	1.38861	6.2036	22.81795	72.03877	198.33178	483.01871
0.2	-5.9	1.5048	6.60731	24.03627	75.0975	204.52109	492.60731
0.2	-5.85	1.62816	7.03099	25.30201	78.22532	210.70732	501.84673
0.2	-5.8	1.75886	7.4753	26.61599	81.41892	216.87349	510.69691
0.2	-5.75	1.89706	7.94093	27.97895	84.67441	223.00143	519.11737
0.2	-5.7	2.04281	8.42864	29.39156	87.98724	229.07174	527.06698
0.2	-5.65	2.19624	8.93926	30.85437	91.35215	235.06386	534.50464
0.2	-5.6	2.35748	9.47368	32.36779	94.76315	240.95615	541.38954
0.2	-5.55	2.52661	10.03289	33.93204	98.21339	246.72577	547.68097
0.2	-5.5	2.70371	10.61796	35.54713	101.6952	252.34901	553.3394
0.2	-5.45	2.88897	11.23007	37.21279	105.19995	257.80111	558.32599
0.2	-5.4	3.08265	11.8705	38.92842	108.7181	263.05659	562.60359
0.2	-5.35	3.28514	12.54058	40.69302	112.23912	268.08927	566.13668
0.2	-5.3	3.49691	13.24174	42.50513	115.75149	272.87254	568.89218
0.2	-5.25	3.71859	13.97542	44.36277	119.24269	277.37938	570.83914
0.2	-5.2	3.95104	14.74307	46.26335	122.69922	281.58267	571.94968
0.2	-5.15	4.19549	15.54606	48.20363	126.10668	285.45551	572.19938
0.2	-5.1	4.45326	16.38562	50.17964	129.44971	288.97116	571.5669
0.2	-5.05	4.72586	17.26278	52.18664	132.71221	292.10368	570.0354
0.2	-5.	5.01496	18.17831	54.21911	135.87731	294.82781	567.59175
0.2	-4.95	5.32235	19.13265	56.27067	138.92754	297.11951	564.22747
0.2	-4.9	5.65004	20.12585	58.33412	141.84498	298.95623	559.93914
0.2	-4.85	6.00013	21.15742	60.4014	144.61134	300.31688	554.7276
0.2	-4.8	6.37446	22.22635	62.46368	147.20822	301.18259	548.59954
0.2	-4.75	6.77488	23.33104	64.51132	149.61716	301.53645	541.56617
0.2	-4.7	7.20302	24.46929	66.53399	151.81992	301.36411	533.64425
0.2	-4.65	7.66026	25.63821	68.52071	153.79869	300.65402	524.85616
0.2	-4.6	8.14763	26.83429	70.45992	155.53614	299.39727	515.22877
0.2	-4.55	8.66577	28.05339	72.33961	157.01585	297.58835	504.79496
0.2	-4.5	9.21513	29.29068	74.14736	158.22225	295.22472	493.59185
0.2	-4.45	9.79576	30.54073	75.8705	159.14103	292.30734	481.6617
0.2	-4.4	10.40723	31.79745	77.49623	159.75928	288.84082	469.05163
0.2	-4.35	11.04869	33.05416	79.01174	160.06559	284.83304	455.81232
0.2	-4.3	11.7187	34.30366	80.40433	160.05031	280.29558	441.99866
0.2	-4.25	12.41531	35.53824	81.66163	159.70578	275.24378	427.66938
0.2	-4.2	13.13625	36.74981	82.77163	159.02626	269.69614	412.88535
0.2	-4.15	13.8787	37.92987	83.72294	158.00835	263.67502	397.71096
0.2	-4.1	14.63932	39.06966	84.50485	156.65083	257.20571	382.21173
0.2	-4.05	15.41421	40.1602	85.10756	154.95491	250.31678	366.455
0.2	-4.	16.19906	41.19244	85.52227	152.92434	243.03993	350.50938
0.2	-3.95	16.98924	42.15734	85.74131	150.56519	235.40918	334.44301
0.2	-3.9	17.77972	43.04588	85.75833	147.88613	227.46115	318.32422
0.2	-3.85	18.56484	43.84928	85.56836	144.89828	219.23443	302.22023
0.2	-3.8	19.33869	44.5591	85.16799	141.61522	210.7696	286.19731
0.2	-3.75	20.09497	45.16736	84.55534	138.0527	202.10813	270.31878
0.2	-3.7	20.82747	45.66668	83.7303	134.22891	193.29297	254.64645
0.2	-3.65	21.53022	46.05021	82.69439	130.16381	184.3671	239.23802
0.2	-3.6	22.1964	46.31188	81.45103	125.87951	175.37409	224.14855
0.2	-3.55	22.81912	46.44651	80.00536	121.3996	166.35696	209.42864
0.2	-3.5	23.39151	46.45005	78.36436	116.74921	157.35817	195.12484
0.2	-3.45	23.90674	46.31956	76.5367	111.95449	148.41885	181.27867
0.2	-3.4	24.35911	46.05339	74.53267	107.04257	139.57874	167.92707
0.2	-3.35	24.74394	45.65091	72.36422	102.04129	130.87596	155.10224
0.2	-3.3	25.05579	45.11264	70.04463	96.97853	122.34589	142.83037
0.2	-3.25	25.28971	44.44049	67.58869	91.88249	114.02192	131.13338
0.2	-3.2	25.44105	43.63773	65.01221	86.78071	105.9341	120.02704
0.2	-3.15	25.50585	42.70918	62.33211	81.70039	98.10992	109.52277
0.2	-3.1	25.48235	41.66096	59.56598	76.66766	90.57335	99.62656
0.2	-3.05	25.37026	40.50017	56.73194	71.70753	83.34515	90.33979
0.2	-3.	25.16866	39.23491	53.84846	66.84344	76.44243	81.65903
0.2	-2.95	24.87771	37.87441	50.93415	62.09726	69.87893	73.57678
0.2	-2.9	24.4981	36.42894	48.00762	57.48902	63.66508	66.08187
0.2	-2.85	24.0311	34.90973	45.08695	53.03645	57.80749	59.15905
0.2	-2.8	23.48072	33.32894	42.18974	48.75532	52.3099	52.7905
0.2	-2.75	22.85304	31.69878	39.33254	44.65886	47.17246	46.95515
0.2	-2.7	22.15309	30.03172	36.53112	40.75818	42.39276	41.63011
0.2	-2.65	21.38678	28.34032	33.79988	37.06177	37.96521	36.79015
0.2	-2.6	20.56063	26.63726	31.15209	33.576	33.88212	32.40905
0.2	-2.55	19.68173	24.935	28.59936	30.30469	30.13322	28.45915
0.2	-2.5	18.75939	23.24567	26.15178	27.24957	26.70641	24.91232
0.2	-2.45	17.80383	21.58038	23.81785	24.41034	23.58805	21.74026
0.2	-2.4	16.82298	19.9493	21.60433	21.78458	20.76285	18.91446
0.2	-2.35	15.82511	18.36198	19.51655	19.36827	18.21474	16.40707
0.2	-2.3	14.81828	16.827	17.5581	17.1556	15.92657	14.19065
0.2	-2.25	13.81028	15.35214	15.7311	15.13947	13.88093	12.23887
0.2	-2.2	12.80997	13.9441	14.03606	13.3115	12.06002	10.52637
0.2	-2.15	11.82627	12.60813	12.47212	11.66234	10.44608	9.02916
0.2	-2.1	10.86565	11.34821	11.03708	10.18181	9.02153	7.72454
0.2	-2.05	9.93428	10.16729	9.72768	8.85917	7.76925	6.59141
0.2	-2.	9.03724	9.06727	8.53968	7.68336	6.67274	5.61026
0.2	-1.95	8.17858	8.04911	7.46784	6.64296	5.71614	4.76306
0.2	-1.9	7.36309	7.11294	6.50628	5.72667	4.88456	4.0335
0.2	-1.85	6.59538	6.25757	5.64838	4.92322	4.16397	3.40674
0.2	-1.8	5.87716	5.48096	4.8872	4.22173	3.54144	2.86954
0.2	-1.75	5.20979	4.78038	4.21546	3.61163	3.00502	2.41004
0.2	-1.7	4.59406	4.15256	3.6258	3.08297	2.54392	2.0178
0.2	-1.65	4.02992	3.59366	3.11073	2.6263	2.14833	1.68359
0.2	-1.6	3.51729	3.09948	2.66293	2.23293	1.80956	1.3994
0.2	-1.55	3.0558	2.66527	2.27519	1.89483	1.51988	1.15823
0.2	-1.5	2.64349	2.28597	1.94067	1.60475	1.2725	0.95403
0.2	-1.45	2.27793	1.9565	1.65295	1.35622	1.06153	0.78159
0.2	-1.4	1.95615	1.67175	1.40604	1.14344	0.88184	0.63641
0.2	-1.35	1.67492	1.42679	1.19451	0.96138	0.72904	0.51464
0.2	-1.3	1.43102	1.21687	1.01341	0.80563	0.59935	0.41294
0.2	-1.25	1.22114	1.03745	0.85835	0.67244	0.48956	0.32846
0.2	-1.2	1.04159	0.88429	0.72549	0.55858	0.39691	0.25871
0.2	-1.15	0.88866	0.75357	0.61151	0.46134	0.31906	0.20155
0.2	-1.1	0.75884	0.64186	0.5136	0.37842	0.25398	0.1551
0.2	-1.05	0.64893	0.54617	0.42936	0.30789	0.19995	0.11773
0.2	-1.	0.55587	0.46391	0.35683	0.24814	0.15543	0.08801
0.2	-0.95	0.47678	0.39288	0.29439	0.19777	0.11911	0.06468
0.2	-0.9	0.40924	0.33131	0.24071	0.15561	0.08982	0.04663
0.2	-0.85	0.3512	0.27774	0.1947	0.12064	0.0665	0.03291
0.2	-0.8	0.30088	0.231	0.15546	0.09194	0.04822	0.02267
0.2	-0.75	0.25685	0.19021	0.12225	0.0687	0.03415	0.0152
0.2	-0.7	0.21801	0.15467	0.09443	0.05019	0.02355	0.00988
0.2	-0.65	0.18349	0.12385	0.07141	0.03571	0.01574	0.0062
0.2	-0.6	0.15265	0.09733	0.05267	0.02465	0.01015	0.00373
0.2	-0.55	0.12513	0.07477	0.03772	0.01642	0.00628	0.00215
0.2	-0.5	0.10064	0.05589	0.02609	0.01048	0.0037	0.00117
0.2	-0.45	0.07903	0.0404	0.01729	0.00636	0.00206	0.00059
0.2	-0.4	0.06021	0.02802	0.01088	0.00363	0.00107	0.00028
0.2	-0.35	0.04418	0.01845	0.00642	0.00192	0.00051	0.00012
0.2	-0.3	0.03084	0.01135	0.00349	0.00092	0.00022	0.00005
0.2	-0.25	0.02008	0.00638	0.0017	0.00039	0.00008	0.00001
0.2	-0.2	0.01181	0.00318	0.00072	0.00014	0.00002	0.00000
0.2	-0.15	0.00602	0.00134	0.00025	0.00004	0.00000	0.00000
0.2	-0.1	0.00251	0.00045	0.00007	0.00000	0.00000	0.00000
0.2	-0.05	0.00082	0.0001	0.00000	0.00000	0.00000	0.00000
0.2	0.00	0.00003	0.00000	0.00000	0.00000	0.00000	0.00000
0.1	-8.9	0.00493	0.06322	0.48032	2.7268	12.69538	50.86855
0.1	-8.85	0.00552	0.06967	0.52272	2.93711	13.55273	53.86776
0.1	-8.8	0.00618	0.07674	0.56866	3.1623	14.46147	57.01698
0.1	-8.75	0.00692	0.08451	0.61838	3.40328	15.42414	60.32164
0.1	-8.7	0.00775	0.09303	0.67219	3.66104	16.44334	63.78719
0.1	-8.65	0.00868	0.10238	0.73038	3.93657	17.52172	67.4191
0.1	-8.6	0.00971	0.11264	0.79328	4.23093	18.66205	71.22285
0.1	-8.55	0.01087	0.12387	0.86123	4.54523	19.86714	75.20389
0.1	-8.5	0.01216	0.13618	0.93461	4.88063	21.13987	79.36765
0.1	-8.45	0.0136	0.14966	1.01379	5.23832	22.48318	83.71951
0.1	-8.4	0.01522	0.16442	1.09919	5.61956	23.9001	88.26478
0.1	-8.35	0.01702	0.18055	1.19124	6.02565	25.39367	93.00865
0.1	-8.3	0.01902	0.19819	1.2904	6.45793	26.967	97.95621
0.1	-8.25	0.02127	0.21747	1.39716	6.91781	28.62326	103.1124
0.1	-8.2	0.02377	0.23852	1.51202	7.40674	30.36562	108.48197
0.1	-8.15	0.02655	0.2615	1.63553	7.92621	32.19731	114.06948
0.1	-8.1	0.02966	0.28656	1.76825	8.47776	34.12156	119.87925
0.1	-8.05	0.03312	0.31388	1.91076	9.06299	36.14161	125.91534
0.1	-8.	0.03697	0.34364	2.06371	9.68354	38.26073	132.18147
0.1	-7.95	0.04126	0.37604	2.22772	10.34108	40.48214	138.68107
0.1	-7.9	0.04603	0.41129	2.4035	11.03734	42.80906	145.41716
0.1	-7.85	0.05134	0.44961	2.59174	11.77408	45.24468	152.39237
0.1	-7.8	0.05724	0.49125	2.7932	12.5531	47.79213	159.60883
0.1	-7.75	0.06378	0.53645	3.00863	13.37623	50.45447	167.06822
0.1	-7.7	0.07105	0.58548	3.23885	14.24534	53.2347	174.77165
0.1	-7.65	0.0791	0.63863	3.48469	15.16232	56.13571	182.71965
0.1	-7.6	0.08803	0.69619	3.747	16.12908	59.16029	190.91209
0.1	-7.55	0.0979	0.75848	4.02669	17.14756	62.31109	199.34822
0.1	-7.5	0.10883	0.82584	4.32468	18.21971	65.59059	208.02649
0.1	-7.45	0.12091	0.89862	4.64192	19.34748	69.00113	216.9446
0.1	-7.4	0.13424	0.97718	4.97938	20.53283	72.54482	226.09945
0.1	-7.35	0.14895	1.0619	5.33808	21.77771	76.22358	235.48699
0.1	-7.3	0.16515	1.15319	5.71906	23.08405	80.03905	245.10232
0.1	-7.25	0.18299	1.25147	6.12336	24.45379	83.99264	254.93949
0.1	-7.2	0.20259	1.35718	6.55209	25.88881	88.08541	264.99154
0.1	-7.15	0.22412	1.47077	7.00633	27.39096	92.31815	275.25049
0.1	-7.1	0.24772	1.59271	7.48723	28.96205	96.69124	285.70711
0.1	-7.05	0.27357	1.7235	7.99593	30.60382	101.20471	296.35113
0.1	-7.	0.30184	1.86365	8.5336	32.31796	105.85815	307.17095
0.1	-6.95	0.3327	2.01368	9.10141	34.10605	110.6507	318.15375
0.1	-6.9	0.36635	2.17415	9.70057	35.96959	115.58103	329.28544
0.1	-6.85	0.40299	2.34562	10.33228	37.90995	120.64726	340.55051
0.1	-6.8	0.44281	2.52867	10.99773	39.92841	125.84701	351.93219
0.1	-6.75	0.48604	2.72393	11.69815	42.02607	131.17726	363.4122
0.1	-6.7	0.5329	2.93201	12.43474	44.20387	136.63438	374.97088
0.1	-6.65	0.58363	3.15357	13.20868	46.46261	142.21411	386.5872
0.1	-6.6	0.63848	3.38927	14.02116	48.80285	147.91148	398.23856
0.1	-6.55	0.6977	3.6398	14.87334	51.22495	153.72077	409.90096
0.1	-6.5	0.76155	3.90587	15.76635	53.72904	159.63556	421.54904
0.1	-6.45	0.83033	4.18821	16.70127	56.31497	165.64858	433.15581
0.1	-6.4	0.90434	4.48756	17.67914	58.98235	171.75179	444.69308
0.1	-6.35	0.98395	4.80466	18.70096	61.73045	177.93626	456.13111
0.1	-6.3	1.0695	5.14029	19.76763	64.55824	184.19219	467.43888
0.1	-6.25	1.1614	5.49519	20.88002	67.46433	190.50891	478.58418
0.1	-6.2	1.26003	5.87012	22.03887	70.44698	196.87477	489.53339
0.1	-6.15	1.3658	6.26583	23.24488	73.50406	203.27723	500.25197
0.1	-6.1	1.47916	6.68305	24.4986	76.63299	209.70273	510.70416
0.1	-6.05	1.60056	7.1225	25.8005	79.83079	216.13676	520.85333
0.1	-6.	1.73045	7.58486	27.15093	83.09399	222.56385	530.6622
0.1	-5.95	1.86927	8.0708	28.55013	86.41864	228.96747	540.09254
0.1	-5.9	2.01743	8.58095	29.99817	89.80026	235.33021	549.10596
0.1	-5.85	2.17535	9.11595	31.49502	93.23379	241.63358	557.66347
0.1	-5.8	2.34338	9.67637	33.04046	96.71363	247.85819	565.72609
0.1	-5.75	2.52188	10.26281	34.63411	100.23353	253.98378	573.25508
0.1	-5.7	2.71115	10.87584	36.27542	103.7866	259.98911	580.21176
0.1	-5.65	2.91146	11.51602	37.96361	107.36527	265.85217	586.55817
0.1	-5.6	3.12303	12.18394	39.69768	110.96127	271.55026	592.2574
0.1	-5.55	3.34608	12.88019	41.47634	114.56558	277.05986	597.27323
0.1	-5.5	3.58089	13.60539	43.29803	118.16843	282.35708	601.57138
0.1	-5.45	3.82787	14.36014	45.16081	121.75929	287.41741	605.11885
0.1	-5.4	4.08735	15.14501	47.0624	125.32683	292.21611	607.88493
0.1	-5.35	4.35962	15.96059	49.00006	128.85899	296.72826	609.84109
0.1	-5.3	4.6451	16.80743	50.97061	132.34293	300.92902	610.96178
0.1	-5.25	4.94434	17.68606	52.97031	135.76507	304.79361	611.22392
0.1	-5.2	5.25819	18.5969	54.99489	139.11117	308.2977	610.6079
0.1	-5.15	5.58765	19.54017	57.03944	142.36639	311.41764	609.09788
0.1	-5.1	5.9337	20.51591	59.09842	145.51528	314.13041	606.68121
0.1	-5.05	6.29744	21.52387	61.16566	148.54202	316.41426	603.34996
0.1	-5.	6.68012	22.56353	63.2343	151.43038	318.24848	599.09979
0.1	-4.95	7.08304	23.63395	65.29683	154.16393	319.61393	593.93101
0.1	-4.9	7.5076	24.73378	67.34508	156.72617	320.49332	587.84882
0.1	-4.85	7.95514	25.86115	69.37028	159.10061	320.87102	580.86238
0.1	-4.8	8.42662	27.01365	71.36312	161.27103	320.73382	572.98639
0.1	-4.75	8.92286	28.1884	73.31378	163.2215	320.07057	564.23962
0.1	-4.7	9.44443	29.38196	75.21201	164.93661	318.87276	554.64589
0.1	-4.65	9.99174	30.59036	77.04722	166.40172	317.13466	544.2341
0.1	-4.6	10.56467	31.80909	78.80854	167.60289	314.85303	533.03696
0.1	-4.55	11.16261	33.0332	80.48497	168.52731	312.02796	521.09261
0.1	-4.5	11.78491	34.25725	82.06539	169.16318	308.66219	508.44264
0.1	-4.45	12.43044	35.47538	83.53873	169.50007	304.76174	495.13306
0.1	-4.4	13.09766	36.68133	84.89405	169.52903	300.3359	481.2141
0.1	-4.35	13.78456	37.86848	86.12065	169.24254	295.39683	466.73869
0.1	-4.3	14.48869	39.02998	87.20815	168.63485	289.95998	451.7633
0.1	-4.25	15.20734	40.15875	88.14668	167.70203	284.0441	436.34755
0.1	-4.2	15.93763	41.24754	88.92683	166.44193	277.67056	420.55246
0.1	-4.15	16.67637	42.28897	89.53992	164.85453	270.86414	404.44205
0.1	-4.1	17.41998	43.27553	89.97798	162.9417	263.65201	388.08076
0.1	-4.05	18.16438	44.19979	90.23392	160.70748	256.06413	371.53438
0.1	-4.	18.90534	45.05441	90.30163	158.15811	248.13312	354.8695
0.1	-3.95	19.63882	45.83216	90.176	155.30183	239.89341	338.15177
0.1	-3.9	20.36046	46.52598	89.85307	152.14913	231.38164	321.44672
0.1	-3.85	21.06562	47.12901	89.33012	148.71255	222.63597	304.81845
0.1	-3.8	21.74942	47.63476	88.60576	145.00682	213.69622	288.32988
0.1	-3.75	22.40661	48.03715	87.67991	141.04844	204.60272	272.04078
0.1	-3.7	23.03239	48.33066	86.55402	136.85605	195.39706	256.00932
0.1	-3.65	23.62244	48.51013	85.23091	132.44978	186.12052	240.28941
0.1	-3.6	24.17129	48.57103	83.71504	127.85158	176.81486	224.9324
0.1	-3.55	24.67319	48.5096	82.01243	123.08471	167.52105	209.98512
0.1	-3.5	25.12256	48.32306	80.13064	118.17366	158.2794	195.4904
0.1	-3.45	25.51402	48.00961	78.0787	113.1438	149.12877	181.48618
0.1	-3.4	25.84329	47.56849	75.86709	108.02129	140.10662	168.0059
0.1	-3.35	26.1067	46.99976	73.50774	102.83288	131.24872	155.0784
0.1	-3.3	26.29961	46.30451	71.01377	97.60521	122.58809	142.72671
0.1	-3.25	26.41789	45.48508	68.39966	92.36518	114.15583	130.96975
0.1	-3.2	26.45775	44.54502	65.68078	87.13896	105.97971	119.8205
0.1	-3.15	26.41586	43.48925	62.87353	81.9523	98.085	109.2878
0.1	-3.1	26.29065	42.32395	59.99485	76.82987	90.49358	99.37526
0.1	-3.05	26.08211	41.0562	57.06218	71.7952	83.22418	90.08211
0.1	-3.	25.78951	39.69402	54.09319	66.87026	76.29201	81.403
0.1	-2.95	25.41301	38.24651	51.10566	62.07542	69.70906	73.32871
0.1	-2.9	24.95382	36.72379	48.11728	57.42933	63.48414	65.84658
0.1	-2.85	24.41374	35.13673	45.14513	52.94832	57.62237	58.94003
0.1	-2.8	23.79693	33.49704	42.20584	48.64689	52.12617	52.59015
0.1	-2.75	23.10959	31.81636	39.31497	44.53704	46.9945	46.77489
0.1	-2.7	22.35671	30.10653	36.48732	40.62879	42.22391	41.47061
0.1	-2.65	21.54382	28.37944	33.73637	36.92959	37.80791	36.65143
0.1	-2.6	20.6768	26.64713	31.07451	33.4449	33.73802	32.29061
0.1	-2.55	19.76276	24.92149	28.51253	30.17773	30.00331	28.36011
0.1	-2.5	18.81089	23.21392	26.05974	27.12907	26.59116	24.8315
0.1	-2.45	17.83045	21.53489	23.72394	24.29799	23.48745	21.67628
0.1	-2.4	16.82917	19.89402	21.51126	21.68153	20.67657	18.8658
0.1	-2.35	15.81476	18.3003	19.42645	19.27521	18.14215	16.37216
0.1	-2.3	14.79508	16.76179	17.47257	17.07283	15.86686	14.16789
0.1	-2.25	13.77762	15.28575	15.65131	15.067	13.83313	12.22668
0.1	-2.2	12.77069	13.8784	13.96279	13.24908	12.02308	10.52323
0.1	-2.15	11.78285	12.54455	12.40583	11.60954	10.41891	9.03362
0.1	-2.1	10.82002	11.2878	10.97798	10.13806	9.00302	7.73526
0.1	-2.05	9.88767	10.11083	9.67579	8.82381	7.75829	6.60715
0.1	-2.	8.9908	9.01537	8.49482	7.65565	6.66828	5.62988
0.1	-1.95	8.13367	8.00214	7.42973	6.62214	5.71718	4.78555
0.1	-1.9	7.32053	7.07101	6.4745	5.71197	4.89016	4.05797
0.1	-1.85	6.55538	6.2207	5.62246	4.91389	4.17326	3.43241
0.1	-1.8	5.84043	5.44907	4.86663	4.21703	3.55364	2.89573
0.1	-1.75	5.17673	4.75322	4.19969	3.61089	3.01943	2.43617
0.1	-1.7	4.56479	4.12979	3.61428	3.08553	2.55989	2.0434
0.1	-1.65	4.00442	3.57489	3.10296	2.63159	2.16532	1.70827
0.1	-1.6	3.49532	3.08429	2.65842	2.24041	1.82708	1.42286
0.1	-1.55	3.03703	2.65326	2.2735	1.90401	1.53751	1.18023
0.1	-1.5	2.62748	2.27681	1.94141	1.6152	1.28988	0.97441
0.1	-1.45	2.26415	1.9499	1.65575	1.36752	1.07837	0.80025
0.1	-1.4	1.94437	1.6675	1.41055	1.15525	0.8979	0.65329
0.1	-1.35	1.6652	1.4247	1.20038	0.97337	0.74413	0.52974
0.1	-1.3	1.42339	1.21667	1.02029	0.81753	0.61335	0.4263
0.1	-1.25	1.21556	1.03888	0.86594	0.68402	0.50237	0.34014
0.1	-1.2	1.03791	0.88705	0.73351	0.56965	0.4085	0.2688
0.1	-1.15	0.88672	0.75738	0.61971	0.47177	0.32941	0.21016
0.1	-1.1	0.75842	0.64645	0.52177	0.38811	0.26312	0.16235
0.1	-1.05	0.64975	0.55128	0.43734	0.31678	0.20791	0.12375
0.1	-1.	0.55766	0.46933	0.36449	0.25618	0.16228	0.09293
0.1	-0.95	0.47929	0.39845	0.30164	0.20495	0.12491	0.06863
0.1	-0.9	0.41226	0.33687	0.24747	0.16194	0.09465	0.04975
0.1	-0.85	0.35451	0.2832	0.20093	0.12614	0.07046	0.03532
0.1	-0.8	0.30436	0.2363	0.16113	0.09664	0.0514	0.02449
0.1	-0.75	0.26046	0.19529	0.12734	0.07265	0.03665	0.01653
0.1	-0.7	0.22169	0.15948	0.09891	0.05343	0.02546	0.01083
0.1	-0.65	0.18716	0.12833	0.0753	0.03832	0.01716	0.00685
0.1	-0.6	0.15628	0.10146	0.05597	0.02668	0.01117	0.00416
0.1	-0.55	0.1287	0.07853	0.04045	0.01795	0.00698	0.00242
0.1	-0.5	0.10417	0.05923	0.02827	0.01159	0.00416	0.00133
0.1	-0.45	0.08248	0.04329	0.01897	0.00712	0.00234	0.00068
0.1	-0.4	0.06352	0.03043	0.01211	0.00412	0.00122	0.00032
0.1	-0.35	0.04725	0.02036	0.00726	0.00221	0.00059	0.00014
0.1	-0.3	0.03358	0.01278	0.00401	0.00108	0.00025	0.00005
0.1	-0.25	0.02241	0.00735	0.00199	0.00046	0.00009	0.00002
0.1	-0.2	0.01363	0.00375	0.00085	0.00017	0.00003	0.00000
0.1	-0.15	0.00722	0.0016	0.00029	0.00005	0.00000	0.00000
0.1	-0.1	0.00306	0.00052	0.00007	0.00000	0.00000	0.00000
0.1	-0.05	0.00088	0.0001	0.00000	0.00000	0.00000	0.00000
0.1	0.00	0.00003	0.00000	0.00000	0.00000	0.00000	0.00000
0.07	-8.9	0.00707	0.08458	0.61229	3.35426	15.19549	59.55911
0.07	-8.85	0.00791	0.09308	0.66534	3.60761	16.19928	62.98939
0.07	-8.8	0.00885	0.10239	0.72269	3.87839	17.26151	66.58558
0.07	-8.75	0.00991	0.1126	0.78465	4.16764	18.38491	70.35331
0.07	-8.7	0.01108	0.12378	0.85157	4.47645	19.5723	74.29817
0.07	-8.65	0.0124	0.13603	0.92379	4.80595	20.82657	78.42577
0.07	-8.6	0.01387	0.14943	1.0017	5.15732	22.15066	82.74166
0.07	-8.55	0.01551	0.16408	1.08569	5.53179	23.5476	87.25137
0.07	-8.5	0.01734	0.1801	1.17619	5.93065	25.02048	91.96033
0.07	-8.45	0.01938	0.19761	1.27364	6.35521	26.57242	96.87387
0.07	-8.4	0.02166	0.21672	1.37851	6.80688	28.20662	101.99721
0.07	-8.35	0.02419	0.23758	1.4913	7.28706	29.92631	107.33541
0.07	-8.3	0.02702	0.26034	1.61253	7.79725	31.73476	112.89335
0.07	-8.25	0.03017	0.28513	1.74276	8.33898	33.63527	118.6757
0.07	-8.2	0.03368	0.31215	1.88255	8.91383	35.63117	124.68688
0.07	-8.15	0.03759	0.34156	2.03251	9.52342	37.72578	130.93105
0.07	-8.1	0.04193	0.37355	2.19327	10.16942	39.92246	137.41205
0.07	-8.05	0.04676	0.40832	2.3655	10.85357	42.22452	144.13336
0.07	-8.	0.05212	0.4461	2.5499	11.57762	44.63528	151.09808
0.07	-7.95	0.05807	0.48711	2.74717	12.34338	47.15801	158.30887
0.07	-7.9	0.06468	0.53159	2.95808	13.15271	49.79593	165.76792
0.07	-7.85	0.072	0.5798	3.18341	14.00747	52.55221	173.47693
0.07	-7.8	0.08012	0.63202	3.42398	14.90959	55.42993	181.43699
0.07	-7.75	0.0891	0.68852	3.68062	15.86103	58.43206	189.64862
0.07	-7.7	0.09903	0.74961	3.95422	16.86375	61.56149	198.11164
0.07	-7.65	0.11001	0.8156	4.24569	17.91975	64.82093	206.82521
0.07	-7.6	0.12212	0.88683	4.55596	19.03105	68.21295	215.78769
0.07	-7.55	0.13547	0.96365	4.88602	20.19967	71.73995	224.99666
0.07	-7.5	0.15017	1.04643	5.23685	21.42766	75.40409	234.44883
0.07	-7.45	0.16634	1.13553	5.6095	22.71703	79.20732	244.13998
0.07	-7.4	0.1841	1.23138	6.00503	24.06981	83.15134	254.06497
0.07	-7.35	0.20359	1.33437	6.42454	25.48801	87.23753	264.21759
0.07	-7.3	0.22495	1.44495	6.86914	26.97359	91.46698	274.59063
0.07	-7.25	0.24832	1.56356	7.33998	28.52851	95.84042	285.17571
0.07	-7.2	0.27386	1.69068	7.83826	30.15464	100.35818	295.96331
0.07	-7.15	0.30171	1.82679	8.36518	31.85383	105.02021	306.94276
0.07	-7.1	0.33204	1.97242	8.92196	33.62781	109.82598	318.10205
0.07	-7.05	0.36501	2.12808	9.50986	35.47825	114.77449	329.42799
0.07	-7.	0.40081	2.29434	10.13016	37.40671	119.86423	340.906
0.07	-6.95	0.43961	2.47178	10.78414	39.41461	125.09312	352.52018
0.07	-6.9	0.48161	2.66101	11.4731	41.50324	130.4585	364.25332
0.07	-6.85	0.52697	2.86266	12.19835	43.67371	135.95707	376.0867
0.07	-6.8	0.57592	3.0774	12.9612	45.92699	141.58492	388.00035
0.07	-6.75	0.62864	3.30592	13.76296	48.26378	147.33738	399.97276
0.07	-6.7	0.68537	3.54896	14.60489	50.6846	153.20912	411.98108
0.07	-6.65	0.74634	3.80727	15.48828	53.1897	159.19405	424.00112
0.07	-6.6	0.81183	4.08166	16.41432	55.77905	165.28526	436.0072
0.07	-6.55	0.88213	4.37294	17.38421	58.45235	171.47508	447.97233
0.07	-6.5	0.95756	4.68195	18.39904	61.20895	177.75501	459.86829
0.07	-6.45	1.03844	5.00958	19.45986	64.04786	184.11567	471.66542
0.07	-6.4	1.12518	5.3567	20.56762	66.96775	190.54689	483.33305
0.07	-6.35	1.21822	5.72422	21.72316	69.96687	197.03756	494.83913
0.07	-6.3	1.318	6.11303	22.92721	73.04308	203.57569	506.15065
0.07	-6.25	1.42502	6.52402	24.18036	76.19383	210.14845	517.23369
0.07	-6.2	1.53979	6.95805	25.48307	79.41609	216.74207	528.05319
0.07	-6.15	1.66287	7.416	26.83564	82.7064	223.34192	538.5736
0.07	-6.1	1.79486	7.89866	28.23819	86.06081	229.93247	548.75843
0.07	-6.05	1.9364	8.4068	29.69066	89.47486	236.4973	558.57077
0.07	-6.	2.08806	8.94112	31.19283	92.94361	243.01921	567.97347
0.07	-5.95	2.25042	9.50226	32.74426	96.46157	249.48006	576.92883
0.07	-5.9	2.42401	10.09082	34.34431	100.02273	255.86101	585.39948
0.07	-5.85	2.60941	10.70733	35.99212	103.62051	262.14238	593.34784
0.07	-5.8	2.80721	11.35222	37.68661	107.24777	268.30378	600.73679
0.07	-5.75	3.01785	12.02588	39.42648	110.89678	274.32421	607.52999
0.07	-5.7	3.24175	12.7286	41.21016	114.55922	280.18197	613.69146
0.07	-5.65	3.47928	13.46066	43.03584	118.22617	285.85486	619.18646
0.07	-5.6	3.73078	14.22223	44.90142	121.8881	291.3203	623.98167
0.07	-5.55	3.99658	15.01345	46.8045	125.53484	296.55521	628.04482
0.07	-5.5	4.27697	15.83441	48.74238	129.15564	301.53642	631.34598
0.07	-5.45	4.57219	16.68513	50.71199	132.73909	306.24051	633.85672
0.07	-5.4	4.88255	17.56555	52.70992	136.27323	310.64412	635.55125
0.07	-5.35	5.20829	18.47557	54.73233	139.74548	314.72401	636.40613
0.07	-5.3	5.54971	19.41499	56.77498	143.14275	318.45738	636.40111
0.07	-5.25	5.90719	20.38351	58.83313	146.45142	321.8217	635.5185
0.07	-5.2	6.28122	21.38069	60.90159	149.6574	324.79523	633.74416
0.07	-5.15	6.67236	22.4059	62.97464	152.74628	327.35711	631.06775
0.07	-5.1	7.08128	23.45829	65.04605	155.70327	329.48733	627.48205
0.07	-5.05	7.50871	24.53673	67.10907	158.51343	331.16734	622.98448
0.07	-5.	7.95527	25.6398	69.15641	161.16166	332.37976	617.57589
0.07	-4.95	8.42162	26.76574	71.18031	163.63287	333.10891	611.26159
0.07	-4.9	8.90855	27.91239	73.17253	165.91214	333.34103	604.05156
0.07	-4.85	9.41683	29.07714	75.12438	167.98469	333.06399	595.95938
0.07	-4.8	9.94681	30.25691	77.02683	169.83625	332.26815	587.00396
0.07	-4.75	10.49845	31.44821	78.87051	171.45294	330.94581	577.20781
0.07	-4.7	11.07159	32.64715	80.64584	172.82154	329.09183	566.59817
0.07	-4.65	11.66581	33.84941	82.34308	173.92967	326.70372	555.20698
0.07	-4.6	12.28029	35.05031	83.95237	174.7657	323.78132	543.06952
0.07	-4.55	12.91378	36.24484	85.46386	175.31916	320.3276	530.22615
0.07	-4.5	13.56477	37.42771	86.86774	175.58059	316.34794	516.72021
0.07	-4.45	14.23163	38.59338	88.15432	175.5418	311.85076	502.59908
0.07	-4.4	14.91248	39.73606	89.31416	175.19605	306.84755	487.91396
0.07	-4.35	15.60505	40.84973	90.33807	174.53793	301.35233	472.71836
0.07	-4.3	16.30685	41.92825	91.21723	173.56364	295.38217	457.06896
0.07	-4.25	17.01534	42.96535	91.94331	172.27112	288.95719	441.02528
0.07	-4.2	17.7276	43.95462	92.50846	170.65987	282.09981	424.64788
0.07	-4.15	18.44034	44.88967	92.90551	168.73139	274.83566	408.00006
0.07	-4.1	19.15015	45.76411	93.12792	166.48887	267.19244	391.14526
0.07	-4.05	19.8536	46.57165	93.16994	163.93749	259.20046	374.14804
0.07	-4.	20.54753	47.30604	93.02667	161.08449	250.89246	357.07357
0.07	-3.95	21.22877	47.96101	92.69412	157.9389	242.30273	339.98588
0.07	-3.9	21.89333	48.53042	92.16937	154.51183	233.46765	322.94876
0.07	-3.85	22.5371	49.00835	91.45058	150.81631	224.42489	306.02439
0.07	-3.8	23.15588	49.38921	90.53719	146.86741	215.21368	289.27374
0.07	-3.75	23.74523	49.66775	89.42981	142.68177	205.87355	272.7545
0.07	-3.7	24.30091	49.83919	88.13045	138.27809	196.44521	256.52274
0.07	-3.65	24.81896	49.89914	86.6424	133.6764	186.96898	240.63026
0.07	-3.6	25.29495	49.84371	84.97049	128.89848	177.48551	225.12623
0.07	-3.55	25.72414	49.66964	83.12094	123.96727	168.03464	210.05537
0.07	-3.5	26.10134	49.37451	81.10151	118.9069	158.65548	195.45841
0.07	-3.45	26.42147	48.95686	78.92131	113.74227	149.38562	181.37123
0.07	-3.4	26.68048	48.4162	76.59087	108.499	140.26125	167.82524
0.07	-3.35	26.87487	47.75292	74.12209	103.20324	131.31683	154.8474
0.07	-3.3	27.00048	46.96833	71.52799	97.88099	122.58408	142.45889
0.07	-3.25	27.05349	46.06497	68.82287	92.55842	114.0928	130.67686
0.07	-3.2	27.03044	45.04651	66.02189	87.26094	105.86948	119.51267
0.07	-3.15	26.92821	43.91795	63.14115	82.01356	97.93815	108.97362
0.07	-3.1	26.74545	42.68549	60.19727	76.84013	90.31947	99.06191
0.07	-3.05	26.48223	41.35619	57.20733	71.76337	83.03103	89.77547
0.07	-3.	26.13779	39.93807	54.18858	66.80444	76.08693	81.10777
0.07	-2.95	25.7126	38.44019	51.15835	61.98292	69.49814	73.04854
0.07	-2.9	25.20825	36.87252	48.13382	57.31664	63.27249	65.58416
0.07	-2.85	24.62675	35.24571	45.13158	52.82119	57.41422	58.69724
0.07	-2.8	23.97208	33.57119	42.16775	48.51033	51.92494	52.36813
0.07	-2.75	23.25025	31.86037	39.25739	44.39537	46.80287	46.57419
0.07	-2.7	22.46608	30.12483	36.41477	40.48567	42.04389	41.29123
0.07	-2.65	21.62526	28.37622	33.65288	36.78807	37.64094	36.49296
0.07	-2.6	20.734	26.62623	30.98361	33.30747	33.58501	32.15229
0.07	-2.55	19.79895	24.88632	28.41728	30.04637	29.86474	28.24091
0.07	-2.5	18.82885	23.1676	25.96277	27.00529	26.46713	24.73019
0.07	-2.45	17.83315	21.48021	23.62746	24.1829	23.37775	21.5915
0.07	-2.4	16.81886	19.83346	21.41711	21.57586	20.58072	18.79609
0.07	-2.35	15.79382	18.23607	19.33611	19.17937	18.05949	16.31603
0.07	-2.3	14.76576	16.69582	17.3872	16.98695	15.79656	14.12384
0.07	-2.25	13.74179	15.21966	15.57176	14.99097	13.77427	12.19325
0.07	-2.2	12.73011	13.81359	13.88964	13.18262	11.97465	10.49903
0.07	-2.15	11.73932	12.48214	12.33942	11.5522	10.37989	9.01732
0.07	-2.1	10.7748	11.22867	10.91845	10.08928	8.97237	7.72562
0.07	-2.05	9.84189	10.05567	9.62309	8.78295	7.73501	6.60304
0.07	-2.	8.94565	8.96467	8.44876	7.62201	6.65139	5.63027
0.07	-1.95	8.09011	7.95617	7.38998	6.59501	5.70577	4.78953
0.07	-1.9	7.27944	7.02989	6.44066	5.69065	4.88337	4.06472
0.07	-1.85	6.51752	6.1843	5.59407	4.89767	4.17031	3.44122
0.07	-1.8	5.80576	5.41717	4.84322	4.20525	3.55382	2.90598
0.07	-1.75	5.14527	4.72559	4.18079	3.60291	3.0221	2.44735
0.07	-1.7	4.53655	4.10616	3.59942	3.08078	2.56449	2.05507
0.07	-1.65	3.97915	3.55498	3.09168	2.62951	2.17134	1.72008
0.07	-1.6	3.47275	3.06787	2.65026	2.2405	1.83411	1.43451
0.07	-1.55	3.01719	2.64008	2.26803	1.90582	1.54517	1.1915
0.07	-1.5	2.6105	2.26657	1.93818	1.61832	1.29789	0.98513
0.07	-1.45	2.25012	1.94226	1.65434	1.37161	1.08647	0.8103
0.07	-1.4	1.93315	1.66207	1.4106	1.16001	0.90591	0.66259
0.07	-1.35	1.65642	1.42109	1.20156	0.97857	0.7519	0.53823
0.07	-1.3	1.4167	1.21455	1.02234	0.82298	0.62075	0.43395
0.07	-1.25	1.21069	1.03793	0.86863	0.68956	0.50934	0.34695
0.07	-1.2	1.03454	0.88702	0.73665	0.57516	0.41495	0.27479
0.07	-1.15	0.88449	0.75804	0.62316	0.47715	0.33531	0.21535
0.07	-1.1	0.75706	0.64764	0.52542	0.39327	0.26844	0.1668
0.07	-1.05	0.64902	0.55288	0.4411	0.32166	0.21264	0.1275
0.07	-1.	0.5574	0.47125	0.36828	0.26073	0.16642	0.09604
0.07	-0.95	0.47941	0.40062	0.30539	0.20913	0.12849	0.07116
0.07	-0.9	0.4127	0.33925	0.25113	0.16572	0.09768	0.05177
0.07	-0.85	0.35524	0.28573	0.20444	0.12949	0.07298	0.0369
0.07	-0.8	0.30535	0.23893	0.16443	0.09956	0.05345	0.02569
0.07	-0.75	0.26168	0.19797	0.13039	0.07514	0.03828	0.01743
0.07	-0.7	0.22311	0.16216	0.10168	0.05551	0.02672	0.01147
0.07	-0.65	0.1888	0.13097	0.07774	0.04001	0.0181	0.0073
0.07	-0.6	0.15818	0.10399	0.05808	0.02801	0.01186	0.00447
0.07	-0.55	0.1308	0.08088	0.04221	0.01896	0.00746	0.00261
0.07	-0.5	0.10635	0.06135	0.02969	0.01233	0.00447	0.00144
0.07	-0.45	0.08463	0.04513	0.02008	0.00764	0.00254	0.00075
0.07	-0.4	0.06558	0.03198	0.01293	0.00446	0.00134	0.00036
0.07	-0.35	0.04917	0.02161	0.00783	0.00242	0.00065	0.00016
0.07	-0.3	0.03531	0.01372	0.00439	0.00119	0.00028	0.00006
0.07	-0.25	0.02386	0.00802	0.00221	0.00052	0.00011	0.00002
0.07	-0.2	0.01478	0.00417	0.00096	0.00019	0.00003	0.00000
0.07	-0.15	0.00806	0.00182	0.00034	0.00005	0.00000	0.00000
0.07	-0.1	0.00353	0.0006	0.00008	0.00000	0.00000	0.00000
0.07	-0.05	0.00102	0.00011	0.00000	0.00000	0.00000	0.00000
0.07	0.00	0.00003	0.00000	0.00000	0.00000	0.00000	0.00000
0.05	-8.9	0.01016	0.11395	0.78702	4.16099	18.33333	70.23795
0.05	-8.85	0.01137	0.12523	0.85388	4.46841	19.51621	74.18188
0.05	-8.8	0.01272	0.13758	0.92602	4.79636	20.76576	78.30956
0.05	-8.75	0.01422	0.15109	1.00381	5.14603	22.08497	82.62672
0.05	-8.7	0.0159	0.16586	1.08764	5.51862	23.47687	87.13907
0.05	-8.65	0.01778	0.18199	1.17793	5.91541	24.94457	91.85224
0.05	-8.6	0.01987	0.19961	1.27511	6.33772	26.49123	96.7718
0.05	-8.55	0.0222	0.21884	1.37966	6.78692	28.12007	101.90319
0.05	-8.5	0.0248	0.23982	1.49206	7.26443	29.83438	107.25175
0.05	-8.45	0.0277	0.26269	1.61282	7.77173	31.63748	112.82262
0.05	-8.4	0.03092	0.28761	1.74249	8.31033	33.53272	118.62078
0.05	-8.35	0.03451	0.31473	1.88163	8.88181	35.52349	124.651
0.05	-8.3	0.0385	0.34424	2.03083	9.4878	37.61321	130.91776
0.05	-8.25	0.04294	0.37632	2.19072	10.12996	39.80531	137.42526
0.05	-8.2	0.04787	0.41118	2.36195	10.81003	42.1032	144.1774
0.05	-8.15	0.05335	0.44902	2.5452	11.52976	44.5103	151.17767
0.05	-8.1	0.05943	0.49007	2.74118	12.29097	47.03001	158.42918
0.05	-8.05	0.06617	0.53457	2.95063	13.09552	49.66569	165.93461
0.05	-8.	0.07364	0.58276	3.17433	13.94531	52.42065	173.69608
0.05	-7.95	0.08191	0.63492	3.41306	14.84227	55.29813	181.71522
0.05	-7.9	0.09106	0.69131	3.66767	15.78838	58.30128	189.99305
0.05	-7.85	0.10117	0.75225	3.93902	16.78566	61.43317	198.52997
0.05	-7.8	0.11233	0.81802	4.22801	17.83612	64.69671	207.32567
0.05	-7.75	0.12464	0.88895	4.53556	18.94185	68.09471	216.37911
0.05	-7.7	0.1382	0.96539	4.86264	20.10491	71.62977	225.68844
0.05	-7.65	0.15312	1.04768	5.21025	21.32742	75.30432	235.25098
0.05	-7.6	0.16951	1.1362	5.57941	22.61146	79.12056	245.06315
0.05	-7.55	0.18751	1.23132	5.97118	23.95915	83.08046	255.12042
0.05	-7.5	0.20724	1.33344	6.38666	25.37258	87.18569	265.41724
0.05	-7.45	0.22882	1.44299	6.82697	26.85383	91.43762	275.947
0.05	-7.4	0.25241	1.56038	7.29328	28.40497	95.83729	286.70204
0.05	-7.35	0.27814	1.68609	7.78679	30.02801	100.38534	297.67346
0.05	-7.3	0.30617	1.82057	8.30872	31.72491	105.08203	308.85126
0.05	-7.25	0.33663	1.96433	8.86034	33.49757	109.92715	320.2241
0.05	-7.2	0.3697	2.11786	9.44293	35.34782	114.92002	331.77943
0.05	-7.15	0.40554	2.28172	10.05783	37.27737	120.05944	343.50339
0.05	-7.1	0.44429	2.45647	10.70636	39.28783	125.34364	355.38072
0.05	-7.05	0.48613	2.6427	11.38991	41.38066	130.77029	367.39491
0.05	-7.	0.53122	2.84103	12.10986	43.55718	136.33638	379.52794
0.05	-6.95	0.57974	3.05212	12.86761	45.81851	142.03828	391.76047
0.05	-6.9	0.63188	3.27668	13.66457	48.16556	147.87163	404.07183
0.05	-6.85	0.68781	3.51544	14.50214	50.59903	153.83135	416.43982
0.05	-6.8	0.74774	3.76917	15.3817	53.11933	159.9116	428.84103
0.05	-6.75	0.81188	4.0387	16.30461	55.72662	166.10576	441.25057
0.05	-6.7	0.8805	4.3249	17.27219	58.42071	172.40637	453.64228
0.05	-6.65	0.95388	4.62867	18.28572	61.20111	178.80519	465.98882
0.05	-6.6	1.03232	4.95095	19.34637	64.06692	185.29309	478.26145
0.05	-6.55	1.11618	5.29273	20.45525	67.0169	191.86009	490.43035
0.05	-6.5	1.20585	5.65501	21.61334	70.04935	198.4954	502.4647
0.05	-6.45	1.30179	6.03881	22.82153	73.16217	205.18728	514.33242
0.05	-6.4	1.40451	6.44518	24.08051	76.35279	211.92321	526.00078
0.05	-6.35	1.51457	6.87514	25.39084	79.61817	218.68977	537.43597
0.05	-6.3	1.63256	7.3297	26.75288	82.95479	225.47272	548.60353
0.05	-6.25	1.75914	7.80984	28.16681	86.35863	232.25703	559.46852
0.05	-6.2	1.89495	8.31653	29.63255	89.82514	239.02679	569.99521
0.05	-6.15	2.0407	8.85064	31.14984	93.3493	245.76544	580.14787
0.05	-6.1	2.19719	9.41301	32.71812	96.92553	252.45557	589.89021
0.05	-6.05	2.36517	10.00436	34.33662	100.54775	259.07915	599.186
0.05	-6.	2.54542	10.62532	36.00427	104.20936	265.61749	607.99926
0.05	-5.95	2.7387	11.27642	37.71974	107.90323	272.05125	616.29389
0.05	-5.9	2.94578	11.95805	39.48143	111.62175	278.36061	624.03465
0.05	-5.85	3.16736	12.67047	41.28745	115.35675	284.52516	631.18649
0.05	-5.8	3.40406	13.41381	43.13563	119.09961	290.52411	637.71534
0.05	-5.75	3.65642	14.18807	45.02354	122.8412	296.33637	643.58831
0.05	-5.7	3.92494	14.99312	46.94843	126.5719	301.94044	648.77329
0.05	-5.65	4.21011	15.82871	48.90729	130.28161	307.31465	653.23978
0.05	-5.6	4.51223	16.69444	50.89681	133.95981	312.43733	656.9591
0.05	-5.55	4.83158	17.58979	52.91338	137.59549	317.28659	659.90385
0.05	-5.5	5.16835	18.51412	54.95311	141.17726	321.84084	662.04932
0.05	-5.45	5.52268	19.46669	57.01178	144.69328	326.07849	663.37247
0.05	-5.4	5.89466	20.44661	59.08486	148.13138	329.97841	663.85303
0.05	-5.35	6.28429	21.45289	61.16751	151.47902	333.5198	663.47326
0.05	-5.3	6.69154	22.48442	63.25455	154.72339	336.68263	662.21866
0.05	-5.25	7.11641	23.53994	65.34044	157.85138	339.44733	660.07722
0.05	-5.2	7.55893	24.61808	67.41929	160.8497	341.79534	657.04047
0.05	-5.15	8.01918	25.71724	69.48488	163.70496	343.70921	653.10369
0.05	-5.1	8.49719	26.83562	71.5306	166.4036	345.17236	648.26497
0.05	-5.05	8.99288	27.97123	73.54953	168.9322	346.16987	642.52699
0.05	-5.	9.50618	29.12184	75.53441	171.27731	346.68799	635.89549
0.05	-4.95	10.03708	30.28496	77.47767	173.42571	346.71469	628.38042
0.05	-4.9	10.58564	31.45778	79.37145	175.36452	346.23982	619.9961
0.05	-4.85	11.15156	32.63718	81.20766	177.08111	345.25481	610.76003
0.05	-4.8	11.73433	33.81975	82.97803	178.56344	343.75347	600.69473
0.05	-4.75	12.33345	35.0018	84.67415	179.79995	341.73141	589.82587
0.05	-4.7	12.94808	36.17933	86.28749	180.7798	339.18659	578.18346
0.05	-4.65	13.57708	37.34811	87.80954	181.49295	336.11952	565.80184
0.05	-4.6	14.21916	38.50367	89.23176	181.93012	332.5327	552.71821
0.05	-4.55	14.87276	39.64136	90.54574	182.08313	328.43161	538.97452
0.05	-4.5	15.53605	40.75636	91.74316	181.94471	323.82386	524.61524
0.05	-4.45	16.20698	41.84373	92.81589	181.5088	318.71983	509.68855
0.05	-4.4	16.88343	42.89847	93.75606	180.77062	313.13274	494.2461
0.05	-4.35	17.56315	43.91548	94.55605	179.72659	307.07803	478.34145
0.05	-4.3	18.24396	44.88959	95.20854	178.37458	300.57399	462.03104
0.05	-4.25	18.92365	45.81552	95.70668	176.71407	293.64167	445.37391
0.05	-4.2	19.59968	46.68796	96.044	174.74587	286.3042	428.42977
0.05	-4.15	20.26943	47.50154	96.21461	172.4727	278.58769	411.26093
0.05	-4.1	20.93003	48.25094	96.21317	169.89874	270.5201	393.92953
0.05	-4.05	21.57884	48.93086	96.03501	167.03005	262.13181	376.49867
0.05	-4.	22.21359	49.53598	95.67624	163.87458	253.45543	359.03192
0.05	-3.95	22.83161	50.06088	95.13371	160.44192	244.52497	341.5915
0.05	-3.9	23.42965	50.50023	94.40529	156.74363	235.37631	324.23928
0.05	-3.85	24.00432	50.84886	93.48984	152.79304	226.04656	307.03545
0.05	-3.8	24.55205	51.10182	92.38739	148.6054	216.57418	290.03888
0.05	-3.75	25.06893	51.25445	91.09907	144.19743	206.99783	273.3051
0.05	-3.7	25.55133	51.30252	89.62733	139.58779	197.35726	256.88799
0.05	-3.65	25.99578	51.24206	87.97584	134.79635	187.69168	240.83712
0.05	-3.6	26.39781	51.06963	86.14974	129.84465	178.04061	225.19949
0.05	-3.55	26.75298	50.78246	84.1555	124.75528	168.44265	210.01762
0.05	-3.5	27.05686	50.37854	82.00101	119.55193	158.93561	195.33011
0.05	-3.45	27.30472	49.8567	79.69549	114.25897	149.55578	181.17074
0.05	-3.4	27.49249	49.21678	77.24949	108.90141	140.33797	167.56895
0.05	-3.35	27.6169	48.45947	74.67485	103.50474	131.31532	154.54976
0.05	-3.3	27.67398	47.58641	71.98444	98.0942	122.51817	142.13252
0.05	-3.25	27.66053	46.60039	69.19237	92.69519	113.97501	130.33269
0.05	-3.2	27.57363	45.50522	66.31347	87.33231	105.71102	119.16003
0.05	-3.15	27.41059	44.30595	63.36349	82.02973	97.749	108.62034
0.05	-3.1	27.17023	43.00872	60.35863	76.81045	90.1084	98.71448
0.05	-3.05	26.85262	41.62055	57.31552	71.69637	82.80569	89.43915
0.05	-3.	26.45736	40.14934	54.25094	66.7078	75.8539	80.78667
0.05	-2.95	25.98508	38.60396	51.1817	61.86353	69.26298	72.74579
0.05	-2.9	25.43731	36.99416	48.12449	57.18061	63.03985	65.302
0.05	-2.85	24.81601	35.33035	45.09536	52.67386	57.18791	58.43714
0.05	-2.8	24.12526	33.62368	42.1099	48.35636	51.70798	52.13088
0.05	-2.75	23.37098	31.88524	39.18266	44.23873	46.59758	46.36002
0.05	-2.7	22.55773	30.12632	36.32743	40.3297	41.85199	41.0999
0.05	-2.65	21.69097	28.35826	33.5567	36.63553	37.46359	36.32383
0.05	-2.6	20.77703	26.59247	30.88188	33.16059	33.42289	32.00442
0.05	-2.55	19.82254	24.84004	28.31284	29.90687	29.71813	28.11311
0.05	-2.5	18.8356	23.11175	25.85803	26.87448	26.33594	24.62111
0.05	-2.45	17.82548	21.41751	23.52445	24.06169	23.26164	21.49967
0.05	-2.4	16.79969	19.76629	21.31744	21.46481	20.47911	18.71997
0.05	-2.35	15.76565	18.16642	19.24108	19.07875	17.97161	16.25406
0.05	-2.3	14.73045	16.62539	17.29778	16.89679	15.72152	14.07448
0.05	-2.25	13.70108	15.14993	15.48867	14.91109	13.71108	12.15498
0.05	-2.2	12.68573	13.74576	13.81334	13.11265	11.92228	10.47041
0.05	-2.15	11.69262	12.41721	12.27017	11.49167	10.33727	8.99698
0.05	-2.1	10.72722	11.1674	10.8563	10.03759	8.93844	7.7123
0.05	-2.05	9.7948	9.99858	9.56795	8.73945	7.70873	6.59557
0.05	-2.	8.89987	8.91204	8.40043	7.58599	6.63176	5.62761
0.05	-1.95	8.04605	7.90818	7.34817	6.56576	5.69183	4.79073
0.05	-1.9	7.23728	6.98664	6.40501	5.66741	4.87425	4.06895
0.05	-1.85	6.47756	6.1459	5.56417	4.87971	4.1652	3.44775
0.05	-1.8	5.76865	5.3836	4.81857	4.19186	3.55198	2.91421
0.05	-1.75	5.11139	4.69669	4.16086	3.59343	3.02288	2.45673
0.05	-1.7	4.50601	4.08169	3.58367	3.07456	2.56733	2.06517
0.05	-1.65	3.95213	3.53464	3.07955	2.626	2.17576	1.73053
0.05	-1.6	3.44954	3.05127	2.64124	2.23918	1.83967	1.44503
0.05	-1.55	2.99757	2.62676	2.26161	1.90627	1.55154	1.20184
0.05	-1.5	2.59402	2.2561	1.93394	1.62015	1.30477	0.99511
0.05	-1.45	2.23654	1.93424	1.65189	1.37451	1.09362	0.81977
0.05	-1.4	1.92229	1.6561	1.40958	1.16371	0.91313	0.67145
0.05	-1.35	1.64792	1.41679	1.2017	0.98284	0.75903	0.5464
0.05	-1.3	1.41009	1.2116	1.0234	0.82763	0.62766	0.4414
0.05	-1.25	1.20554	1.03608	0.87042	0.69444	0.51592	0.35364
0.05	-1.2	1.0305	0.88608	0.73901	0.58013	0.42113	0.28073
0.05	-1.15	0.88141	0.75787	0.62596	0.48209	0.34102	0.22055
0.05	-1.1	0.75485	0.64811	0.52852	0.3981	0.27364	0.17128
0.05	-1.05	0.64756	0.55386	0.44441	0.32629	0.21731	0.13131
0.05	-1.	0.55651	0.47265	0.37171	0.2651	0.17056	0.09922
0.05	-0.95	0.47901	0.40235	0.30885	0.21319	0.13208	0.07378
0.05	-0.9	0.41266	0.34125	0.25456	0.16942	0.10076	0.05388
0.05	-0.85	0.35552	0.28795	0.20777	0.13281	0.07556	0.03857
0.05	-0.8	0.30599	0.24131	0.16761	0.10249	0.05558	0.02698
0.05	-0.75	0.26266	0.20045	0.13335	0.07767	0.03999	0.0184
0.05	-0.7	0.22438	0.16467	0.10439	0.05765	0.02806	0.01218
0.05	-0.65	0.19033	0.13345	0.08017	0.04177	0.01913	0.0078
0.05	-0.6	0.15986	0.10638	0.06021	0.02942	0.01261	0.0048
0.05	-0.55	0.13257	0.08313	0.04403	0.02006	0.00799	0.00283
0.05	-0.5	0.1082	0.06342	0.0312	0.01315	0.00484	0.00158
0.05	-0.45	0.08656	0.047	0.02127	0.00822	0.00277	0.00083
0.05	-0.4	0.06753	0.0336	0.01384	0.00485	0.00148	0.0004
0.05	-0.35	0.05107	0.02295	0.00849	0.00266	0.00073	0.00018
0.05	-0.3	0.03708	0.01478	0.00482	0.00133	0.00032	0.00007
0.05	-0.25	0.02545	0.00878	0.00247	0.00059	0.00012	0.00002
0.05	-0.2	0.01611	0.00466	0.0011	0.00022	0.00004	0.00000
0.05	-0.15	0.00903	0.00209	0.00039	0.00006	0.00000	0.00000
0.05	-0.1	0.0041	0.0007	0.0001	0.00001	0.00000	0.00000
0.05	-0.05	0.00121	0.00013	0.00001	0.00000	0.00000	0.00000
0.05	0.00	0.00003	0.00000	0.00000	0.00000	0.00000	0.00000
0.03	-8.9	0.01815	0.18467	1.18841	5.94955	25.0877	92.61794
0.03	-8.85	0.02029	0.20252	1.2862	6.37339	26.64328	97.59484
0.03	-8.8	0.02267	0.222	1.39136	6.82415	28.28176	102.78831
0.03	-8.75	0.02532	0.24325	1.50438	7.30327	30.00648	108.20407
0.03	-8.7	0.02828	0.2664	1.62577	7.81221	31.82087	113.8477
0.03	-8.65	0.03157	0.29161	1.75608	8.3525	33.72837	119.72463
0.03	-8.6	0.03524	0.31906	1.89585	8.92572	35.73248	125.84009
0.03	-8.55	0.03931	0.34891	2.0457	9.53351	37.83673	132.1991
0.03	-8.5	0.04385	0.38135	2.20622	10.17753	40.04468	138.8064
0.03	-8.45	0.04888	0.41659	2.37806	10.85953	42.35989	145.66647
0.03	-8.4	0.05448	0.45483	2.56191	11.58128	44.78595	152.78341
0.03	-8.35	0.06069	0.4963	2.75846	12.34462	47.32642	160.161
0.03	-8.3	0.06757	0.54123	2.96844	13.15142	49.98486	167.80256
0.03	-8.25	0.0752	0.58987	3.19262	14.0036	52.76479	175.71096
0.03	-8.2	0.08365	0.64249	3.43179	14.90314	55.66968	183.88858
0.03	-8.15	0.093	0.69937	3.68678	15.85204	58.70293	192.33721
0.03	-8.1	0.10332	0.76078	3.95843	16.85235	61.86788	201.05806
0.03	-8.05	0.11473	0.82704	4.24764	17.90617	65.16774	210.05169
0.03	-8.	0.1273	0.89846	4.55532	19.0156	68.60562	219.3179
0.03	-7.95	0.14115	0.97537	4.88243	20.18281	72.18449	228.85576
0.03	-7.9	0.1564	1.05812	5.22995	21.40997	75.90711	238.6635
0.03	-7.85	0.17315	1.14707	5.59891	22.69927	79.77609	248.73852
0.03	-7.8	0.19153	1.24258	5.99035	24.05292	83.79379	259.0772
0.03	-7.75	0.21167	1.34505	6.40536	25.47313	87.96233	269.67502
0.03	-7.7	0.23371	1.45487	6.84507	26.96213	92.28353	280.52633
0.03	-7.65	0.25778	1.57247	7.31066	28.52212	96.7589	291.62445
0.03	-7.6	0.28404	1.69827	7.80331	30.15527	101.38959	302.9615
0.03	-7.55	0.31263	1.83273	8.32426	31.86375	106.17636	314.52846
0.03	-7.5	0.34369	1.97632	8.87481	33.64965	111.11953	326.315
0.03	-7.45	0.37739	2.12952	9.45625	35.51503	116.21897	338.30951
0.03	-7.4	0.41387	2.29285	10.06996	37.46184	121.47402	350.49914
0.03	-7.35	0.45329	2.46683	10.71733	39.49196	126.88348	362.86953
0.03	-7.3	0.49579	2.65204	11.39977	41.60713	132.44556	375.40511
0.03	-7.25	0.54154	2.84907	12.11877	43.80896	138.15781	388.08877
0.03	-7.2	0.59069	3.05855	12.8758	46.09891	144.01712	400.90203
0.03	-7.15	0.64338	3.28115	13.67239	48.47822	150.0197	413.82508
0.03	-7.1	0.69979	3.51757	14.51005	50.94791	156.16095	426.83654
0.03	-7.05	0.76006	3.76858	15.39034	53.50878	162.43553	439.91381
0.03	-7.	0.82439	4.035	16.31478	56.16132	168.83727	453.03277
0.03	-6.95	0.89298	4.31767	17.28489	58.90571	175.35915	466.16805
0.03	-6.9	0.96604	4.61752	18.30216	61.74178	181.99332	479.29307
0.03	-6.85	1.04381	4.93552	19.36801	64.669	188.73099	492.37981
0.03	-6.8	1.12657	5.27271	20.4838	67.68642	195.56256	505.39936
0.03	-6.75	1.21464	5.63015	21.65082	70.79264	202.47744	518.32149
0.03	-6.7	1.30841	6.00899	22.87021	73.98579	209.46422	531.11509
0.03	-6.65	1.40833	6.41038	24.14299	77.26353	216.51059	543.74824
0.03	-6.6	1.51486	6.83552	25.47002	80.62295	223.60333	556.18805
0.03	-6.55	1.62856	7.28562	26.85194	84.06066	230.72842	568.40104
0.03	-6.5	1.75002	7.76191	28.2892	87.57266	237.87104	580.35329
0.03	-6.45	1.87994	8.2656	29.78199	91.15443	245.01551	592.01021
0.03	-6.4	2.01911	8.79788	31.33023	94.80084	252.14555	603.33723
0.03	-6.35	2.16835	9.35988	32.93355	98.5062	259.24408	614.29932
0.03	-6.3	2.32855	9.95266	34.59126	102.26426	266.29346	624.86158
0.03	-6.25	2.50062	10.57718	36.30233	106.06821	273.27552	634.98942
0.03	-6.2	2.68555	11.23431	38.06538	109.91068	280.1715	644.64813
0.03	-6.15	2.88437	11.92474	39.87869	113.78381	286.96236	653.80389
0.03	-6.1	3.09807	12.64903	41.74014	117.6792	293.6286	662.42306
0.03	-6.05	3.32764	13.40755	43.64725	121.58802	300.15047	670.47285
0.03	-6.	3.57413	14.20046	45.59717	125.50103	306.50814	677.9216
0.03	-5.95	3.8385	15.02772	47.58669	129.40853	312.68147	684.73814
0.03	-5.9	4.12168	15.88901	49.61223	133.30055	318.65051	690.89305
0.03	-5.85	4.4245	16.78378	51.66989	137.16674	324.39516	696.35767
0.03	-5.8	4.7476	17.71122	53.75545	140.99653	329.89551	701.105
0.03	-5.75	5.09148	18.67028	55.86442	144.77912	335.13194	705.10987
0.03	-5.7	5.45651	19.65969	57.992	148.5035	340.08494	708.34831
0.03	-5.65	5.84297	20.67791	60.1332	152.15853	344.7354	710.79843
0.03	-5.6	6.25094	21.7232	62.28279	155.733	349.06473	712.44062
0.03	-5.55	6.68025	22.79358	64.43535	159.21556	353.05463	713.2567
0.03	-5.5	7.13051	23.88692	66.58532	162.59491	356.68759	713.23149
0.03	-5.45	7.60123	25.00094	68.72698	165.85968	359.94651	712.35151
0.03	-5.4	8.09179	26.13319	70.85452	168.99856	362.81514	710.60614
0.03	-5.35	8.6014	27.28111	72.96199	172.00027	365.27792	707.98716
0.03	-5.3	9.12906	28.44204	75.04342	174.85371	367.32035	704.48953
0.03	-5.25	9.67365	29.61326	77.0927	177.54778	368.9286	700.11036
0.03	-5.2	10.23413	30.79199	79.10368	180.07158	370.08997	694.85005
0.03	-5.15	10.80939	31.97536	81.07017	182.41447	370.79303	688.71242
0.03	-5.1	11.39825	33.16044	82.98591	184.56589	371.02722	681.70353
0.03	-5.05	11.99946	34.34421	84.84462	186.51569	370.78362	673.83371
0.03	-5.	12.61163	35.52366	86.63998	188.25389	370.05436	665.11563
0.03	-4.95	13.23334	36.6957	88.36565	189.77091	368.83313	655.5657
0.03	-4.9	13.86344	37.85724	90.01529	191.0576	367.11539	645.20414
0.03	-4.85	14.50088	39.00502	91.58253	192.10514	364.8978	634.05357
0.03	-4.8	15.14415	40.13574	93.06108	192.90533	362.17921	622.14118
0.03	-4.75	15.79166	41.24605	94.44464	193.45037	358.95986	609.49652
0.03	-4.7	16.44175	42.33259	95.72699	193.73311	355.24207	596.15295
0.03	-4.65	17.09269	43.39203	96.90201	193.74715	351.0303	582.14755
0.03	-4.6	17.74301	44.42101	97.96357	193.48658	346.3306	567.51957
0.03	-4.55	18.39139	45.4161	98.90572	192.9465	341.15168	552.31254
0.03	-4.5	19.03606	46.37383	99.72255	192.12268	335.50391	536.57186
0.03	-4.45	19.67526	47.29075	100.4083	191.01188	329.40011	520.34617
0.03	-4.4	20.3073	48.16341	100.95741	189.61195	322.85554	503.68709
0.03	-4.35	20.93061	48.98833	101.36441	187.92165	315.88733	486.64763
0.03	-4.3	21.54408	49.76196	101.62406	185.94099	308.51506	469.28328
0.03	-4.25	22.14672	50.48056	101.7314	183.67136	300.76082	451.65175
0.03	-4.2	22.73691	51.14023	101.68173	181.11526	292.64835	433.81097
0.03	-4.15	23.31295	51.73704	101.47083	178.27688	284.20418	415.8212
0.03	-4.1	23.87321	52.26696	101.09484	175.16167	275.4563	397.74218
0.03	-4.05	24.41603	52.72587	100.55049	171.77673	266.43485	379.63434
0.03	-4.	24.93976	53.10958	99.83515	168.13089	257.17201	361.55837
0.03	-3.95	25.44259	53.41378	98.94685	164.23439	247.70103	343.57334
0.03	-3.9	25.92201	53.63415	97.88446	160.09928	238.05683	325.73784
0.03	-3.85	26.37548	53.76649	96.64777	155.73917	228.27534	308.10864
0.03	-3.8	26.80033	53.80673	95.23761	151.16946	218.39364	290.74106
0.03	-3.75	27.19342	53.75095	93.65577	146.40679	208.44885	273.68699
0.03	-3.7	27.5514	53.59562	91.90534	141.46963	198.479	256.9967
0.03	-3.65	27.87114	53.33753	89.99046	136.37747	188.52144	240.71606
0.03	-3.6	28.14889	52.97394	87.91666	131.15131	178.61372	224.88843
0.03	-3.55	28.38069	52.5027	85.69065	125.81307	168.79238	209.55273
0.03	-3.5	28.56261	51.92239	83.32048	120.38563	159.0931	194.74404
0.03	-3.45	28.6906	51.23235	80.81538	114.89243	149.54997	180.49271
0.03	-3.4	28.76113	50.43285	78.1858	109.35746	140.1956	166.82489
0.03	-3.35	28.77137	49.52495	75.4434	103.80506	131.06089	153.76243
0.03	-3.3	28.71807	48.51055	72.60071	98.2593	122.174	141.3217
0.03	-3.25	28.59841	47.39259	69.67147	92.7443	113.56123	129.51532
0.03	-3.2	28.40964	46.17499	66.67	87.28336	105.24565	118.35039
0.03	-3.15	28.14932	44.86286	63.61152	81.89929	97.24799	107.83029
0.03	-3.1	27.81664	43.46235	60.51159	76.61376	89.58573	97.95361
0.03	-3.05	27.41211	41.98038	57.38613	71.44728	82.27345	88.71498
0.03	-3.	26.93568	40.42464	54.25117	66.41883	75.3224	80.10488
0.03	-2.95	26.38794	38.80373	51.12273	61.54586	68.74086	72.11041
0.03	-2.9	25.77028	37.12709	48.01668	56.84413	62.53422	64.71559
0.03	-2.85	25.08482	35.40483	44.94826	52.32722	56.70442	57.90098
0.03	-2.8	24.3359	33.64768	41.93218	48.007	51.25101	51.64519
0.03	-2.75	23.52916	31.86625	38.98216	43.89296	46.17034	45.92406
0.03	-2.7	22.66894	30.07137	36.11115	39.99279	41.45662	40.71219
0.03	-2.65	21.76091	28.27388	33.33083	36.31176	37.10132	35.9823
0.03	-2.6	20.81095	26.48462	30.6518	32.8533	33.09416	31.70651
0.03	-2.55	19.82507	24.71419	28.08321	29.61861	29.4227	27.85592
0.03	-2.5	18.81135	22.97291	25.63277	26.607	26.073	24.40153
0.03	-2.45	17.77903	21.27017	23.30678	23.8161	23.02992	21.31442
0.03	-2.4	16.73524	19.6144	21.10995	21.24162	20.27697	18.56577
0.03	-2.35	15.68718	18.01341	19.04573	18.87798	17.79716	16.12762
0.03	-2.3	14.64168	16.47415	17.11602	16.71802	15.57267	13.97261
0.03	-2.25	13.60526	15.00285	15.32143	14.75357	13.58564	12.07465
0.03	-2.2	12.58549	13.60478	13.66118	12.97534	11.81798	10.40873
0.03	-2.15	11.5902	12.28391	12.13324	11.37329	10.25187	8.95129
0.03	-2.1	10.62477	11.04302	10.73444	9.93675	8.86976	7.68014
0.03	-2.05	9.69436	9.88398	9.46071	8.65461	7.65465	6.57473
0.03	-2.	8.80305	8.80775	8.30712	7.51561	6.59031	5.61609
0.03	-1.95	7.95412	7.81443	7.26793	6.50826	5.66118	4.78678
0.03	-1.9	7.15142	6.90338	6.33686	5.62126	4.85271	4.07102
0.03	-1.85	6.39848	6.07283	5.50703	4.84344	4.15127	3.45451
0.03	-1.8	5.69665	5.32026	4.77133	4.16411	3.54431	2.9245
0.03	-1.75	5.0467	4.64251	4.1224	3.5729	3.02028	2.4696
0.03	-1.7	4.44883	4.03597	3.55289	3.06012	2.56877	2.07979
0.03	-1.65	3.90244	3.49656	3.0554	2.61661	2.18035	1.74623
0.03	-1.6	3.40692	3.01996	2.62273	2.23395	1.84666	1.46124
0.03	-1.55	2.96148	2.60137	2.24788	1.90441	1.56029	1.21811
0.03	-1.5	2.56393	2.23582	1.92419	1.62099	1.31474	1.01108
0.03	-1.45	2.21174	1.91828	1.64544	1.37748	1.10436	0.83515
0.03	-1.4	1.9019	1.64379	1.40587	1.16831	0.92426	0.68602
0.03	-1.35	1.63129	1.40756	1.2002	0.98866	0.77025	0.56001
0.03	-1.3	1.39681	1.20495	1.0237	0.83433	0.63872	0.45392
0.03	-1.25	1.19512	1.03157	0.87214	0.70172	0.52661	0.36501
0.03	-1.2	1.02248	0.88331	0.74186	0.58775	0.4313	0.29091
0.03	-1.15	0.87534	0.75651	0.62968	0.48984	0.35054	0.22955
0.03	-1.1	0.75032	0.6479	0.5329	0.40581	0.28243	0.17912
0.03	-1.05	0.64427	0.5546	0.44927	0.33381	0.22529	0.13803
0.03	-1.	0.55425	0.47417	0.37689	0.2723	0.1777	0.1049
0.03	-0.95	0.47757	0.40452	0.31422	0.21997	0.13837	0.07849
0.03	-0.9	0.41196	0.34395	0.25999	0.17571	0.1062	0.05772
0.03	-0.85	0.35544	0.29108	0.21315	0.13854	0.08018	0.04162
0.03	-0.8	0.30644	0.24479	0.17284	0.10761	0.05942	0.02936
0.03	-0.75	0.2636	0.20419	0.13834	0.08215	0.04312	0.0202
0.03	-0.7	0.22578	0.16858	0.10905	0.06149	0.03054	0.01351
0.03	-0.65	0.19215	0.13745	0.08443	0.04497	0.02103	0.00875
0.03	-0.6	0.1621	0.11037	0.064	0.03202	0.01403	0.00545
0.03	-0.55	0.13522	0.08702	0.04732	0.0221	0.00901	0.00325
0.03	-0.5	0.1112	0.0671	0.03395	0.01469	0.00553	0.00184
0.03	-0.45	0.08982	0.05036	0.02349	0.00933	0.00322	0.00098
0.03	-0.4	0.07091	0.03655	0.01555	0.00561	0.00175	0.00048
0.03	-0.35	0.05442	0.02543	0.00973	0.00314	0.00088	0.00022
0.03	-0.3	0.04027	0.01675	0.00566	0.00161	0.00039	0.00009
0.03	-0.25	0.02836	0.01024	0.00298	0.00073	0.00015	0.00003
0.03	-0.2	0.01859	0.00563	0.00137	0.00028	0.00005	0.00000
0.03	-0.15	0.01092	0.00263	0.0005	0.00008	0.00001	0.00000
0.03	-0.1	0.00526	0.00092	0.00013	0.00002	0.00000	0.00000
0.03	-0.05	0.00166	0.00017	0.00001	0.00000	0.00000	0.00000
0.03	0.00	0.00003	0.00000	0.00000	0.00000	0.00000	0.00000
0.01	-8.9	0.06583	0.55004	3.07699	13.79923	53.03902	180.32449
0.01	-8.85	0.07335	0.6002	3.31209	14.70265	56.02714	188.9889
0.01	-8.8	0.0817	0.65455	3.56312	15.6569	59.15267	197.96235
0.01	-8.75	0.09095	0.71338	3.83097	16.66417	62.41967	207.24837
0.01	-8.7	0.10121	0.77702	4.11654	17.72671	65.83215	216.84992
0.01	-8.65	0.11255	0.84578	4.42079	18.8468	69.39404	226.7694
0.01	-8.6	0.1251	0.92003	4.7447	20.02678	73.1092	237.00848
0.01	-8.55	0.13896	1.00011	5.08929	21.26903	76.98137	247.56817
0.01	-8.5	0.15425	1.08642	5.4556	22.57595	81.01417	258.44863
0.01	-8.45	0.17112	1.17933	5.84472	23.94998	85.21106	269.6492
0.01	-8.4	0.18968	1.27926	6.25777	25.3936	89.57533	281.1683
0.01	-8.35	0.2101	1.38662	6.69589	26.9093	94.11005	293.0034
0.01	-8.3	0.23253	1.50187	7.16027	28.4996	98.81805	305.15089
0.01	-8.25	0.25713	1.62543	7.65215	30.16701	103.7019	317.60608
0.01	-8.2	0.28407	1.75779	8.17277	31.91407	108.76385	330.3631
0.01	-8.15	0.31353	1.89942	8.72343	33.74329	114.00581	343.41484
0.01	-8.1	0.34568	2.05081	9.30548	35.65719	119.42932	356.75293
0.01	-8.05	0.38072	2.21247	9.9203	37.65824	125.03546	370.36763
0.01	-8.	0.41883	2.38493	10.56929	39.74889	130.82486	384.24776
0.01	-7.95	0.4602	2.56873	11.25394	41.93152	136.79764	398.3807
0.01	-7.9	0.50504	2.76444	11.97573	44.20845	142.95335	412.75233
0.01	-7.85	0.55353	2.97262	12.73622	46.58189	149.29092	427.34702
0.01	-7.8	0.60585	3.1939	13.53701	49.05395	155.8086	442.14744
0.01	-7.75	0.6622	3.4289	14.37972	51.6266	162.50399	457.13484
0.01	-7.7	0.72275	3.6783	15.26604	54.30164	169.37385	472.28866
0.01	-7.65	0.78768	3.94279	16.19767	57.08067	176.41418	487.58684
0.01	-7.6	0.85716	4.22314	17.17637	59.96508	183.62007	503.00562
0.01	-7.55	0.93139	4.52012	18.20389	62.95599	190.98578	518.51978
0.01	-7.5	1.01056	4.8346	19.28202	66.0542	198.50454	534.10236
0.01	-7.45	1.09484	5.16746	20.41255	69.26021	206.16863	549.72494
0.01	-7.4	1.18444	5.51969	21.59725	72.5741	213.96933	565.35776
0.01	-7.35	1.27956	5.89231	22.83787	75.99555	221.89683	580.96945
0.01	-7.3	1.38047	6.28643	24.1361	79.52379	229.9403	596.52758
0.01	-7.25	1.48748	6.70321	25.49359	83.15752	238.08778	611.99833
0.01	-7.2	1.6009	7.14391	26.91186	86.8949	246.32627	627.34688
0.01	-7.15	1.7211	7.60981	28.39232	90.73351	254.64171	642.53761
0.01	-7.1	1.84851	8.10228	29.93622	94.67029	263.01891	657.53382
0.01	-7.05	1.98361	8.62276	31.54463	98.70153	271.44175	672.29853
0.01	-7.	2.12699	9.1727	33.2184	102.82283	279.89304	686.79397
0.01	-6.95	2.27935	9.75359	34.9581	107.02907	288.35468	700.98225
0.01	-6.9	2.4414	10.36694	36.76402	111.31439	296.80775	714.82553
0.01	-6.85	2.61396	11.01423	38.63611	115.67218	305.23243	728.28573
0.01	-6.8	2.79791	11.69694	40.57396	120.09509	313.60832	741.3255
0.01	-6.75	2.99421	12.41648	42.57674	124.575	321.91429	753.9076
0.01	-6.7	3.20392	13.17422	44.64318	129.10305	330.12876	765.99567
0.01	-6.65	3.42825	13.97138	46.77155	133.66968	338.22982	777.55447
0.01	-6.6	3.66839	14.80907	48.9596	138.26462	346.19521	788.54942
0.01	-6.55	3.9256	15.68821	51.20455	142.87696	354.00259	798.94744
0.01	-6.5	4.20121	16.60953	53.50311	147.49522	361.6297	808.71713
0.01	-6.45	4.49659	17.57351	55.85139	152.10736	369.0543	817.82814
0.01	-6.4	4.81312	18.58036	58.24497	156.7009	376.25461	826.25251
0.01	-6.35	5.15212	19.62996	60.67886	161.26299	383.20914	833.96358
0.01	-6.3	5.51495	20.72188	63.14751	165.78045	389.89704	840.93689
0.01	-6.25	5.90285	21.8553	65.64488	170.24001	396.29824	847.15036
0.01	-6.2	6.31695	23.02899	68.16439	174.62819	402.39331	852.58334
0.01	-6.15	6.75843	24.24133	70.69905	178.93164	408.16399	857.21816
0.01	-6.1	7.2283	25.49017	73.24142	183.13708	413.59284	861.03863
0.01	-6.05	7.72704	26.77295	75.78375	187.23148	418.6636	864.03106
0.01	-6.	8.25514	28.08668	78.31804	191.2022	423.36133	866.18429
0.01	-5.95	8.81278	29.4279	80.83606	195.03695	427.67205	867.48854
0.01	-5.9	9.39983	30.79272	83.3295	198.7241	431.58336	867.93708
0.01	-5.85	10.0158	32.17683	85.79002	202.25252	435.08381	867.5244
0.01	-5.8	10.65973	33.57561	88.20936	205.61182	438.16338	866.24736
0.01	-5.75	11.33032	34.9841	90.57944	208.7924	440.81342	864.10519
0.01	-5.7	12.0259	36.39711	92.8924	211.78534	443.02622	861.09817
0.01	-5.65	12.74435	37.8093	95.14074	214.58259	444.79536	857.2288
0.01	-5.6	13.48319	39.2152	97.31739	217.17697	446.11571	852.5018
0.01	-5.55	14.23952	40.60935	99.4157	219.56195	446.98277	846.92255
0.01	-5.5	15.01021	41.98636	101.42962	221.73198	447.39351	840.49931
0.01	-5.45	15.79194	43.34096	103.3536	223.68208	447.34535	833.2409
0.01	-5.4	16.58101	44.6681	105.18274	225.40805	446.83682	825.15839
0.01	-5.35	17.3735	45.96306	106.9127	226.90628	445.8671	816.26415
0.01	-5.3	18.16539	47.2215	108.53979	228.17382	444.43634	806.57286
0.01	-5.25	18.95253	48.43955	110.06082	229.20804	442.54499	796.09986
0.01	-5.2	19.73126	49.61388	111.47313	230.00679	440.19435	784.86268
0.01	-5.15	20.49855	50.74153	112.77455	230.56837	437.38661	772.88114
0.01	-5.1	21.2509	51.81999	113.96323	230.89113	434.12405	760.17563
0.01	-5.05	21.98521	52.84728	115.03778	230.9739	430.41027	746.76981
0.01	-5.	22.69868	53.82188	115.99695	230.81544	426.24899	732.68804
0.01	-4.95	23.38877	54.74276	116.83973	230.41475	421.64493	717.95717
0.01	-4.9	24.05407	55.6093	117.56521	229.77104	416.60386	702.60666
0.01	-4.85	24.69414	56.42098	118.17241	228.88342	411.13186	686.66674
0.01	-4.8	25.30794	57.17743	118.66047	227.75139	405.23664	670.17124
0.01	-4.75	25.89469	57.87844	119.02839	226.37437	398.92631	653.15479
0.01	-4.7	26.45381	58.52393	119.27513	224.75205	392.21042	635.65471
0.01	-4.65	26.98494	59.11399	119.39957	222.88451	385.09995	617.71095
0.01	-4.6	27.48871	59.64865	119.40032	220.7718	377.60657	599.36421
0.01	-4.55	27.96642	60.12775	119.27597	218.41469	369.74405	580.65863
0.01	-4.5	28.41825	60.55085	119.02488	215.81412	361.52694	561.63888
0.01	-4.45	28.84462	60.91744	118.64538	212.97166	352.97157	542.35195
0.01	-4.4	29.24601	61.22682	118.1358	209.88964	344.09611	522.8469
0.01	-4.35	29.62243	61.47812	117.49435	206.5708	334.91971	503.17305
0.01	-4.3	29.97429	61.67038	116.71928	203.0188	325.4634	483.38145
0.01	-4.25	30.30268	61.80228	115.809	199.23832	315.75006	463.52455
0.01	-4.2	30.60744	61.87221	114.76189	195.23463	305.80348	443.65417
0.01	-4.15	30.88845	61.87845	113.57674	191.01442	295.64966	423.82389
0.01	-4.1	31.14542	61.81906	112.25248	186.58513	285.31538	404.08603
0.01	-4.05	31.37809	61.69196	110.78847	181.95547	274.82902	384.49313
0.01	-4.	31.58307	61.49513	109.18456	177.13546	264.22046	365.09755
0.01	-3.95	31.75976	61.22717	107.4409	172.13606	253.52003	345.94955
0.01	-3.9	31.91334	60.88562	105.55814	166.96966	242.75934	327.09867
0.01	-3.85	32.04027	60.4675	103.53768	161.64986	231.97049	308.59232
0.01	-3.8	32.13741	59.9704	101.38185	156.19165	221.18639	290.47641
0.01	-3.75	32.20303	59.39215	99.09366	150.61085	210.43951	272.79324
0.01	-3.7	32.23521	58.73084	96.67719	144.92477	199.76303	255.58355
0.01	-3.65	32.23192	57.98471	94.13728	139.15135	189.18907	238.8837
0.01	-3.6	32.19079	57.15239	91.47989	133.30975	178.7498	222.72772
0.01	-3.55	32.10906	56.23294	88.71196	127.41972	168.47619	207.14539
0.01	-3.5	31.98386	55.22601	85.84144	121.50168	158.39822	192.16292
0.01	-3.45	31.81232	54.13189	82.87722	115.57635	148.54422	177.80211
0.01	-3.4	31.59217	52.95158	79.82917	109.66479	138.94105	164.08092
0.01	-3.35	31.32144	51.68673	76.70815	103.78826	129.61389	151.01345
0.01	-3.3	30.99778	50.33964	73.52564	97.96751	120.58524	138.60873
0.01	-3.25	30.61914	48.91356	70.29411	92.22331	111.87589	126.87256
0.01	-3.2	30.18374	47.41248	67.02644	86.57544	103.50355	115.80571
0.01	-3.15	29.69011	45.84139	63.73619	81.04324	95.48383	105.40573
0.01	-3.1	29.13772	44.20612	60.43716	75.64481	87.82931	95.66592
0.01	-3.05	28.52766	42.51317	57.14334	70.39717	80.54991	86.57616
0.01	-3.	27.86062	40.76953	53.86875	65.31582	73.65255	78.1227
0.01	-2.95	27.1365	38.98302	50.62733	60.41485	67.14148	70.28891
0.01	-2.9	26.35683	37.16234	47.43283	55.70674	61.01838	63.05559
0.01	-2.85	25.52385	35.31665	44.29825	51.20193	55.28182	56.40057
0.01	-2.8	24.64177	33.45567	41.23611	46.9093	49.92833	50.30017
0.01	-2.75	23.71678	31.58881	38.25787	42.83556	44.95156	44.7284
0.01	-2.7	22.75291	29.72553	35.3743	38.9858	40.34338	39.65839
0.01	-2.65	21.75503	27.87521	32.59496	35.36289	36.09326	35.06175
0.01	-2.6	20.72843	26.04729	29.92845	31.96813	32.18921	30.90986
0.01	-2.55	19.67835	24.25093	27.38198	28.80075	28.61736	27.17333
0.01	-2.5	18.61189	22.49506	24.96147	25.85837	25.36268	23.82294
0.01	-2.45	17.53769	20.78771	22.67154	23.1371	22.40914	20.82979
0.01	-2.4	16.46201	19.13594	20.51534	20.63137	19.73965	18.16522
0.01	-2.35	15.39109	17.54629	18.49491	18.33453	17.33678	15.80163
0.01	-2.3	14.331	16.02444	16.61087	16.23855	15.18253	13.71212
0.01	-2.25	13.28749	14.57542	14.8627	14.33456	13.25896	11.87113
0.01	-2.2	12.26717	13.20338	13.24864	12.61279	11.54811	10.25429
0.01	-2.15	11.27702	11.91121	11.76582	11.06286	10.03233	8.83867
0.01	-2.1	10.32155	10.70072	10.41041	9.67388	8.69439	7.60278
0.01	-2.05	9.40483	9.57293	9.17778	8.43472	7.51767	6.52671
0.01	-2.	8.53021	8.52806	8.06262	7.33411	6.48635	5.59216
0.01	-1.95	7.70043	7.56555	7.05891	6.36073	5.58531	4.78231
0.01	-1.9	6.91835	6.68419	6.16018	5.50347	4.80051	4.08199
0.01	-1.85	6.18651	5.88183	5.35951	4.75143	4.11874	3.47743
0.01	-1.8	5.50615	5.15566	4.6498	4.0942	3.52793	2.95639
0.01	-1.75	4.8776	4.50226	4.02377	3.52176	3.01697	2.50793
0.01	-1.7	4.30039	3.91785	3.4742	3.02474	2.57585	2.12243
0.01	-1.65	3.77357	3.39834	2.99391	2.59431	2.19551	1.79142
0.01	-1.6	3.29652	2.93936	2.5759	2.22239	1.86794	1.50752
0.01	-1.55	2.86812	2.53616	2.2134	1.90155	1.58602	1.26431
0.01	-1.5	2.48594	2.18386	1.90004	1.6251	1.34353	1.05624
0.01	-1.45	2.14735	1.87762	1.62984	1.38706	1.13504	0.87853
0.01	-1.4	1.84951	1.61265	1.39727	1.1821	0.95585	0.72705
0.01	-1.35	1.58932	1.38432	1.19732	1.00561	0.80195	0.59826
0.01	-1.3	1.36351	1.1882	1.02544	0.85353	0.66987	0.4891
0.01	-1.25	1.16881	1.02016	0.87762	0.72241	0.55667	0.39696
0.01	-1.2	1.00179	0.87633	0.7503	0.60929	0.45984	0.31953
0.01	-1.15	0.8592	0.75325	0.64045	0.51168	0.37725	0.25485
0.01	-1.1	0.73811	0.64777	0.54544	0.42746	0.30704	0.20117
0.01	-1.05	0.63552	0.55707	0.46307	0.35488	0.24765	0.15697
0.01	-1.	0.54832	0.47877	0.39154	0.29246	0.1977	0.12092
0.01	-0.95	0.47393	0.41088	0.32933	0.23894	0.156	0.09181
0.01	-0.9	0.41032	0.35176	0.27522	0.19326	0.12147	0.06859
0.01	-0.85	0.35554	0.30005	0.22818	0.15451	0.09318	0.05032
0.01	-0.8	0.30806	0.25467	0.1874	0.12188	0.07027	0.03616
0.01	-0.75	0.26665	0.21471	0.15218	0.09467	0.05197	0.02539
0.01	-0.7	0.23019	0.1795	0.12195	0.07223	0.03759	0.01736
0.01	-0.65	0.19771	0.14848	0.0962	0.05398	0.0265	0.01151
0.01	-0.6	0.16855	0.12129	0.07451	0.03938	0.01813	0.00737
0.01	-0.55	0.14249	0.09759	0.05646	0.02791	0.01197	0.00452
0.01	-0.5	0.1192	0.0771	0.04167	0.01912	0.00758	0.00264
0.01	-0.45	0.09838	0.05955	0.02979	0.01257	0.00456	0.00145
0.01	-0.4	0.07983	0.04472	0.02046	0.00784	0.00258	0.00074
0.01	-0.35	0.06339	0.0324	0.01336	0.00459	0.00135	0.00035
0.01	-0.3	0.04894	0.02239	0.00817	0.00247	0.00064	0.00014
0.01	-0.25	0.03637	0.0145	0.00456	0.00118	0.00026	0.00005
0.01	-0.2	0.02552	0.00855	0.00224	0.00048	0.00009	0.00001
0.01	-0.15	0.01639	0.00436	0.0009	0.00015	0.00002	0.00000
0.01	-0.1	0.00894	0.0017	0.00025	0.00003	0.00000	0.00000
0.01	-0.05	0.00332	0.00037	0.00003	0.00000	0.00000	0.00000
0.01	0.00	0.00008	0.00000	0.00000	0.00000	0.00000	0.00000
