EpsF	Log[10,x]	n=1	n=2	n=3	n=4	n=5	n=6
0.5	-8.9	0.00004	0.00068	0.00544	0.03003	0.13218	0.50702
0.5	-8.85	0.00005	0.00076	0.00593	0.03231	0.14069	0.53553
0.5	-8.8	0.00006	0.00084	0.00646	0.03474	0.14967	0.56539
0.5	-8.75	0.00006	0.00092	0.00703	0.03734	0.15912	0.59663
0.5	-8.7	0.00007	0.00102	0.00765	0.0401	0.16908	0.6293
0.5	-8.65	0.00008	0.00113	0.00832	0.04305	0.17956	0.66347
0.5	-8.6	0.00009	0.00124	0.00905	0.04618	0.19056	0.69917
0.5	-8.55	0.0001	0.00137	0.00983	0.04951	0.20213	0.73647
0.5	-8.5	0.00011	0.00151	0.01068	0.05305	0.21426	0.77543
0.5	-8.45	0.00013	0.00167	0.01159	0.0568	0.22698	0.81609
0.5	-8.4	0.00014	0.00184	0.01258	0.06078	0.24031	0.85853
0.5	-8.35	0.00016	0.00203	0.01364	0.065	0.25426	0.90281
0.5	-8.3	0.00018	0.00224	0.01479	0.06945	0.26886	0.94899
0.5	-8.25	0.0002	0.00246	0.01602	0.07417	0.28411	0.99716
0.5	-8.2	0.00022	0.00271	0.01734	0.07915	0.30004	1.04739
0.5	-8.15	0.00025	0.00299	0.01876	0.08439	0.31667	1.09976
0.5	-8.1	0.00028	0.00329	0.02029	0.08992	0.334	1.15437
0.5	-8.05	0.00031	0.00362	0.02192	0.09574	0.35206	1.21131
0.5	-8.	0.00035	0.00398	0.02367	0.10186	0.37086	1.27069
0.5	-7.95	0.0004	0.00437	0.02554	0.10827	0.39043	1.33261
0.5	-7.9	0.00044	0.0048	0.02754	0.115	0.41077	1.3972
0.5	-7.85	0.0005	0.00527	0.02967	0.12205	0.43191	1.46459
0.5	-7.8	0.00056	0.00579	0.03194	0.12942	0.45386	1.53493
0.5	-7.75	0.00063	0.00635	0.03436	0.13711	0.47665	1.60838
0.5	-7.7	0.0007	0.00696	0.03693	0.14513	0.5003	1.6851
0.5	-7.65	0.00079	0.00763	0.03966	0.15348	0.52482	1.76529
0.5	-7.6	0.00089	0.00836	0.04254	0.16217	0.55026	1.84914
0.5	-7.55	0.00099	0.00915	0.0456	0.17119	0.57663	1.93687
0.5	-7.5	0.00112	0.01001	0.04883	0.18054	0.60397	2.02874
0.5	-7.45	0.00125	0.01094	0.05223	0.19022	0.63231	2.125
0.5	-7.4	0.0014	0.01195	0.05581	0.20023	0.6617	2.22594
0.5	-7.35	0.00158	0.01305	0.05957	0.21056	0.69218	2.33186
0.5	-7.3	0.00177	0.01423	0.06351	0.2212	0.72382	2.4431
0.5	-7.25	0.00198	0.01551	0.06763	0.23217	0.75667	2.56002
0.5	-7.2	0.00223	0.01689	0.07192	0.24343	0.7908	2.68301
0.5	-7.15	0.0025	0.01838	0.0764	0.255	0.82629	2.81248
0.5	-7.1	0.0028	0.01998	0.08104	0.26687	0.86325	2.94888
0.5	-7.05	0.00314	0.02169	0.08584	0.27903	0.90177	3.09268
0.5	-7.	0.00353	0.02353	0.09079	0.29147	0.94198	3.2444
0.5	-6.95	0.00396	0.02549	0.09589	0.30421	0.98401	3.40456
0.5	-6.9	0.00444	0.02757	0.10111	0.31723	1.02801	3.57375
0.5	-6.85	0.00498	0.02979	0.10644	0.33054	1.07415	3.75255
0.5	-6.8	0.00559	0.03214	0.11186	0.34417	1.12261	3.94159
0.5	-6.75	0.00627	0.03462	0.11736	0.35811	1.17362	4.14154
0.5	-6.7	0.00704	0.03722	0.1229	0.37241	1.22739	4.35307
0.5	-6.65	0.00789	0.03994	0.12847	0.38708	1.28417	4.57689
0.5	-6.6	0.00886	0.04278	0.13404	0.40217	1.34423	4.81374
0.5	-6.55	0.00994	0.04571	0.13958	0.41775	1.40786	5.06437
0.5	-6.5	0.01115	0.04872	0.14507	0.43386	1.47539	5.32954
0.5	-6.45	0.01251	0.05178	0.15048	0.45061	1.54712	5.61005
0.5	-6.4	0.01404	0.05487	0.1558	0.46808	1.62343	5.90669
0.5	-6.35	0.01571	0.05794	0.16101	0.48639	1.70467	6.22028
0.5	-6.3	0.01736	0.06097	0.16611	0.50566	1.79122	6.55161
0.5	-6.25	0.01913	0.06397	0.17109	0.52605	1.88349	6.90153
0.5	-6.2	0.02194	0.0668	0.17595	0.54772	1.98188	7.27084
0.5	-6.15	0.02538	0.06918	0.18076	0.57084	2.0868	7.66037
0.5	-6.1	0.02789	0.07111	0.18562	0.59561	2.19868	8.07092
0.5	-6.05	0.02979	0.07272	0.19063	0.62219	2.31793	8.50333
0.5	-6.	0.03118	0.07413	0.19589	0.65075	2.445	8.95839
0.5	-5.95	0.03225	0.0754	0.20146	0.68148	2.58034	9.43691
0.5	-5.9	0.03318	0.07658	0.2074	0.71455	2.72439	9.93966
0.5	-5.85	0.03395	0.07769	0.21379	0.75016	2.87764	10.46742
0.5	-5.8	0.0345	0.07878	0.22069	0.78848	3.04055	11.02092
0.5	-5.75	0.03497	0.07987	0.22817	0.82972	3.21363	11.60088
0.5	-5.7	0.03537	0.08099	0.23628	0.8741	3.39737	12.20799
0.5	-5.65	0.03567	0.08215	0.24511	0.92182	3.59228	12.84288
0.5	-5.6	0.0359	0.0834	0.25472	0.97312	3.79887	13.50614
0.5	-5.55	0.03621	0.08473	0.26519	1.02822	4.01768	14.19832
0.5	-5.5	0.03647	0.08615	0.2766	1.08738	4.24923	14.91989
0.5	-5.45	0.03649	0.08771	0.28904	1.15084	4.49405	15.67124
0.5	-5.4	0.03647	0.08946	0.3026	1.21888	4.75268	16.4527
0.5	-5.35	0.0364	0.09143	0.31735	1.29177	5.02564	17.26449
0.5	-5.3	0.03628	0.09366	0.3334	1.36979	5.31348	18.10675
0.5	-5.25	0.03617	0.0962	0.35082	1.45324	5.6167	18.97947
0.5	-5.2	0.03622	0.09906	0.36972	1.54244	5.93583	19.88255
0.5	-5.15	0.0365	0.10223	0.39018	1.63772	6.27135	20.81573
0.5	-5.1	0.03686	0.1057	0.41233	1.73943	6.62374	21.7786
0.5	-5.05	0.03729	0.10951	0.43629	1.84791	6.99343	22.77061
0.5	-5.	0.03787	0.11366	0.46221	1.96354	7.38085	23.79102
0.5	-4.95	0.03859	0.11816	0.49023	2.0867	7.78634	24.8389
0.5	-4.9	0.03938	0.12302	0.52053	2.21776	8.21024	25.91313
0.5	-4.85	0.04024	0.12827	0.55329	2.35712	8.65281	27.01238
0.5	-4.8	0.04098	0.13396	0.58871	2.50516	9.11424	28.13509
0.5	-4.75	0.04155	0.14019	0.627	2.66226	9.59467	29.27949
0.5	-4.7	0.04208	0.14704	0.66837	2.8288	10.09415	30.44354
0.5	-4.65	0.04269	0.15458	0.71304	3.00515	10.61264	31.62498
0.5	-4.6	0.04334	0.1629	0.76121	3.19169	11.15002	32.82127
0.5	-4.55	0.04406	0.17206	0.81314	3.38876	11.70606	34.02961
0.5	-4.5	0.0449	0.18215	0.86906	3.59671	12.2804	35.24693
0.5	-4.45	0.04589	0.19326	0.92921	3.81585	12.87258	36.46987
0.5	-4.4	0.04705	0.20545	0.99386	4.04649	13.48198	37.69482
0.5	-4.35	0.04831	0.21884	1.06328	4.28889	14.10788	38.91785
0.5	-4.3	0.04972	0.23354	1.13775	4.5433	14.74935	40.13479
0.5	-4.25	0.05144	0.24965	1.21754	4.80989	15.40534	41.34118
0.5	-4.2	0.05338	0.26728	1.30295	5.08883	16.0746	42.5323
0.5	-4.15	0.05553	0.28656	1.39428	5.38021	16.75572	43.70318
0.5	-4.1	0.058	0.30764	1.49184	5.68405	17.44708	44.8486
0.5	-4.05	0.06079	0.33064	1.59591	6.00033	18.14688	45.96315
0.5	-4.	0.06384	0.35574	1.70682	6.32892	18.85311	47.0412
0.5	-3.95	0.06717	0.38312	1.82486	6.66962	19.56354	48.07694
0.5	-3.9	0.07087	0.41299	1.95031	7.02213	20.27575	49.06445
0.5	-3.85	0.07503	0.44555	2.08345	7.38602	20.9871	49.99768
0.5	-3.8	0.07964	0.48101	2.22454	7.76079	21.69475	50.87053
0.5	-3.75	0.08474	0.51962	2.37381	8.14578	22.39564	51.67685
0.5	-3.7	0.09038	0.56162	2.53145	8.5402	23.08652	52.41056
0.5	-3.65	0.09666	0.6073	2.69762	8.94314	23.76394	53.06559
0.5	-3.6	0.10384	0.65692	2.87244	9.35353	24.4243	53.63605
0.5	-3.55	0.11207	0.71072	3.05596	9.77014	25.06381	54.11621
0.5	-3.5	0.1214	0.76895	3.2482	10.1916	25.67855	54.5006
0.5	-3.45	0.13181	0.83187	3.4491	10.61636	26.26445	54.78404
0.5	-3.4	0.14347	0.8998	3.65853	11.04271	26.81739	54.96172
0.5	-3.35	0.15683	0.97297	3.87629	11.46878	27.33314	55.02932
0.5	-3.3	0.1719	1.0516	4.10207	11.89252	27.80744	54.98296
0.5	-3.25	0.18871	1.13594	4.33548	12.31171	28.23607	54.8194
0.5	-3.2	0.20753	1.22624	4.57604	12.72398	28.61481	54.53597
0.5	-3.15	0.22861	1.32269	4.82312	13.12678	28.93954	54.13075
0.5	-3.1	0.25213	1.42548	5.076	13.51745	29.20628	53.60258
0.5	-3.05	0.27826	1.53476	5.33381	13.89316	29.41125	52.95111
0.5	-3.	0.30714	1.65067	5.59554	14.251	29.55088	52.17682
0.5	-2.95	0.33924	1.7733	5.86002	14.58794	29.62191	51.28113
0.5	-2.9	0.37484	1.90263	6.12596	14.90089	29.62144	50.2664
0.5	-2.85	0.41417	2.03861	6.39188	15.18672	29.54697	49.13591
0.5	-2.8	0.45749	2.1811	6.65617	15.4423	29.39647	47.89396
0.5	-2.75	0.50501	2.3299	6.91704	15.66453	29.16841	46.54574
0.5	-2.7	0.55731	2.48468	7.17257	15.85038	28.86186	45.09749
0.5	-2.65	0.61475	2.64497	7.42068	15.99696	28.47647	43.55627
0.5	-2.6	0.67737	2.81015	7.65918	16.10151	28.01257	41.9301
0.5	-2.55	0.7456	2.97953	7.88576	16.16153	27.47117	40.22776
0.5	-2.5	0.81974	3.15217	8.09805	16.17474	26.85399	38.45882
0.5	-2.45	0.89943	3.3271	8.29361	16.13923	26.1635	36.63352
0.5	-2.4	0.98492	3.50318	8.46993	16.05341	25.40288	34.7626
0.5	-2.35	1.07638	3.67913	8.62454	15.91615	24.57606	32.85736
0.5	-2.3	1.17456	3.85339	8.75498	15.72674	23.68766	30.92931
0.5	-2.25	1.27948	4.02406	8.85892	15.48504	22.74301	28.99027
0.5	-2.2	1.38974	4.1892	8.9342	15.19138	21.74805	27.05205
0.5	-2.15	1.50438	4.34694	8.9789	14.84669	20.70931	25.12642
0.5	-2.1	1.62279	4.49538	8.9913	14.45242	19.63382	23.22489
0.5	-2.05	1.74429	4.63251	8.96996	14.01063	18.52904	21.35861
0.5	-2.	1.86774	4.75631	8.91376	13.52391	17.40283	19.53829
0.5	-1.95	1.99159	4.86484	8.82193	12.99544	16.26322	17.77385
0.5	-1.9	2.11493	4.95628	8.69407	12.42892	15.11849	16.07459
0.5	-1.85	2.23732	5.02867	8.53019	11.82855	13.97685	14.44875
0.5	-1.8	2.35658	5.08013	8.33076	11.19901	12.84654	12.90371
0.5	-1.75	2.46962	5.10922	8.09677	10.54535	11.73553	11.44562
0.5	-1.7	2.57491	5.11494	7.82959	9.873	10.65154	10.07957
0.5	-1.65	2.6716	5.09642	7.53101	9.18761	9.60181	8.8093
0.5	-1.6	2.75825	5.05296	7.20324	8.49509	8.59313	7.6374
0.5	-1.55	2.83383	4.98412	6.84887	7.80144	7.63159	6.5651
0.5	-1.5	2.89745	4.88959	6.47092	7.11275	6.72255	5.59237
0.5	-1.45	2.94786	4.76932	6.07286	6.43504	5.87058	4.71801
0.5	-1.4	2.98325	4.62358	5.6585	5.77418	5.07926	3.93956
0.5	-1.35	3.00287	4.45309	5.23204	5.13579	4.3513	3.25357
0.5	-1.3	3.00543	4.25874	4.798	4.52508	3.68829	2.65552
0.5	-1.25	2.98888	4.04214	4.36114	3.94679	3.09088	2.14017
0.5	-1.2	2.95293	3.80521	3.92638	3.40503	2.55863	1.70149
0.5	-1.15	2.89509	3.55053	3.49871	2.90322	2.09015	1.333
0.5	-1.1	2.815	3.2814	3.08299	2.44395	1.68313	1.02783
0.5	-1.05	2.71394	3.00138	2.68385	2.02896	1.3344	0.77895
0.5	-1.	2.59237	2.7142	2.3056	1.65914	1.0401	0.57934
0.5	-0.95	2.45049	2.42404	1.95208	1.33443	0.79578	0.4221
0.5	-0.9	2.28975	2.13538	1.62658	1.05391	0.59655	0.30068
0.5	-0.85	2.11266	1.85276	1.33165	0.81578	0.43723	0.20891
0.5	-0.8	1.92183	1.58067	1.06905	0.61751	0.31255	0.1412
0.5	-0.75	1.72045	1.32343	0.83967	0.45593	0.21728	0.09256
0.5	-0.7	1.51311	1.08499	0.64348	0.32734	0.14641	0.05862
0.5	-0.65	1.30508	0.86851	0.47956	0.22769	0.09524	0.03572
0.5	-0.6	1.10064	0.67637	0.34618	0.15278	0.05953	0.02083
0.5	-0.55	0.9037	0.51024	0.24089	0.09836	0.03554	0.01156
0.5	-0.5	0.71941	0.37091	0.16065	0.06038	0.02013	0.00605
0.5	-0.45	0.55184	0.25807	0.10193	0.03506	0.01073	0.00296
0.5	-0.4	0.40444	0.1705	0.06098	0.01906	0.00532	0.00134
0.5	-0.35	0.28122	0.10585	0.03399	0.00958	0.00242	0.00055
0.5	-0.3	0.18309	0.06086	0.01738	0.00438	0.00099	0.0002
0.5	-0.25	0.10955	0.03177	0.00799	0.00178	0.00035	0.00006
0.5	-0.2	0.05868	0.01469	0.00321	0.00062	0.00011	0.00002
0.5	-0.15	0.02722	0.00582	0.00108	0.00018	0.00003	0.00000
0.5	-0.1	0.01058	0.0019	0.00028	0.00003	0.00000	0.00000
0.5	-0.05	0.00357	0.00042	0.00004	0.00000	0.00000	0.00000
0.5	0.00	0.00013	0.00000	0.00000	0.00000	0.00000	0.00000
0.4	-8.9	0.00007	0.00099	0.00772	0.04153	0.17714	0.65384
0.4	-8.85	0.00007	0.0011	0.00841	0.04463	0.18823	0.68896
0.4	-8.8	0.00008	0.00121	0.00915	0.04793	0.19989	0.72558
0.4	-8.75	0.00009	0.00134	0.00995	0.05145	0.21214	0.76374
0.4	-8.7	0.0001	0.00148	0.01082	0.05519	0.225	0.80348
0.4	-8.65	0.00012	0.00163	0.01177	0.05917	0.23848	0.84485
0.4	-8.6	0.00013	0.0018	0.01278	0.06339	0.25261	0.88789
0.4	-8.55	0.00015	0.00199	0.01388	0.06787	0.26739	0.93264
0.4	-8.5	0.00017	0.00219	0.01506	0.07262	0.28285	0.97915
0.4	-8.45	0.00019	0.00242	0.01634	0.07764	0.299	1.02747
0.4	-8.4	0.00021	0.00267	0.01771	0.08296	0.31586	1.07764
0.4	-8.35	0.00023	0.00294	0.01919	0.08858	0.33344	1.12972
0.4	-8.3	0.00026	0.00323	0.02078	0.09451	0.35175	1.18376
0.4	-8.25	0.00029	0.00356	0.02249	0.10076	0.3708	1.23982
0.4	-8.2	0.00033	0.00392	0.02432	0.10733	0.39061	1.29797
0.4	-8.15	0.00037	0.00431	0.02628	0.11425	0.41119	1.35826
0.4	-8.1	0.00042	0.00474	0.02839	0.12152	0.43254	1.42077
0.4	-8.05	0.00047	0.00521	0.03064	0.12914	0.45468	1.48559
0.4	-8.	0.00052	0.00573	0.03304	0.13712	0.47761	1.5528
0.4	-7.95	0.00059	0.00629	0.03561	0.14546	0.50133	1.6225
0.4	-7.9	0.00066	0.00691	0.03834	0.15418	0.52587	1.69479
0.4	-7.85	0.00074	0.00758	0.04125	0.16327	0.55121	1.76978
0.4	-7.8	0.00083	0.00832	0.04435	0.17274	0.57738	1.84763
0.4	-7.75	0.00093	0.00912	0.04763	0.18258	0.60438	1.92845
0.4	-7.7	0.00105	0.00999	0.05111	0.1928	0.63221	2.01243
0.4	-7.65	0.00117	0.01094	0.0548	0.20338	0.6609	2.09972
0.4	-7.6	0.00132	0.01197	0.05869	0.21433	0.69044	2.19054
0.4	-7.55	0.00148	0.01309	0.06279	0.22564	0.72087	2.28509
0.4	-7.5	0.00166	0.01431	0.06711	0.2373	0.75219	2.38361
0.4	-7.45	0.00186	0.01562	0.07165	0.24929	0.78444	2.48636
0.4	-7.4	0.00209	0.01705	0.07641	0.26162	0.81764	2.59364
0.4	-7.35	0.00234	0.01859	0.08138	0.27425	0.85183	2.70575
0.4	-7.3	0.00263	0.02025	0.08657	0.28718	0.88707	2.82303
0.4	-7.25	0.00295	0.02205	0.09197	0.3004	0.9234	2.94586
0.4	-7.2	0.0033	0.02398	0.09757	0.31388	0.96088	3.07464
0.4	-7.15	0.00371	0.02605	0.10337	0.3276	0.99961	3.2098
0.4	-7.1	0.00416	0.02827	0.10936	0.34156	1.03967	3.3518
0.4	-7.05	0.00467	0.03064	0.11551	0.35574	1.08116	3.50115
0.4	-7.	0.00524	0.03318	0.12181	0.37011	1.12422	3.65836
0.4	-6.95	0.00588	0.03587	0.12824	0.38468	1.16898	3.82401
0.4	-6.9	0.00659	0.03873	0.13478	0.39944	1.21561	3.99869
0.4	-6.85	0.0074	0.04175	0.14139	0.41438	1.26429	4.18302
0.4	-6.8	0.0083	0.04494	0.14806	0.42952	1.31521	4.37765
0.4	-6.75	0.00931	0.04827	0.15474	0.44487	1.36861	4.58327
0.4	-6.7	0.01045	0.05176	0.1614	0.46045	1.42474	4.80058
0.4	-6.65	0.01173	0.05537	0.168	0.47631	1.48386	5.03032
0.4	-6.6	0.01316	0.0591	0.1745	0.49248	1.54627	5.27323
0.4	-6.55	0.01476	0.06291	0.18088	0.50905	1.61228	5.53007
0.4	-6.5	0.01656	0.06678	0.18709	0.5261	1.68223	5.80164
0.4	-6.45	0.01858	0.07065	0.19311	0.54371	1.75648	6.08871
0.4	-6.4	0.02084	0.07447	0.19892	0.56203	1.83538	6.3921
0.4	-6.35	0.02336	0.07817	0.20451	0.58117	1.91933	6.71259
0.4	-6.3	0.02611	0.08168	0.20989	0.60131	2.00873	7.05101
0.4	-6.25	0.02912	0.08492	0.2151	0.62259	2.10396	7.40816
0.4	-6.2	0.03244	0.08778	0.22018	0.64522	2.20546	7.78484
0.4	-6.15	0.0356	0.09018	0.22523	0.66936	2.31362	8.18186
0.4	-6.1	0.03802	0.09217	0.23036	0.69519	2.42888	8.60002
0.4	-6.05	0.03992	0.09387	0.23566	0.72291	2.55165	9.04011
0.4	-6.	0.04141	0.09535	0.24121	0.75269	2.68239	9.50291
0.4	-5.95	0.04258	0.09669	0.24709	0.78469	2.82154	9.98919
0.4	-5.9	0.04354	0.09793	0.25337	0.81913	2.96954	10.4997
0.4	-5.85	0.04431	0.09911	0.26012	0.85617	3.12688	11.03518
0.4	-5.8	0.04489	0.10026	0.26741	0.89601	3.29403	11.59633
0.4	-5.75	0.04535	0.10143	0.2753	0.93887	3.47147	12.18382
0.4	-5.7	0.04573	0.10263	0.28387	0.98494	3.6597	12.79829
0.4	-5.65	0.04602	0.10389	0.29318	1.03446	3.85922	13.44032
0.4	-5.6	0.04625	0.10525	0.30331	1.08764	4.07054	14.11046
0.4	-5.55	0.04648	0.10672	0.31433	1.14473	4.29417	14.80917
0.4	-5.5	0.04668	0.10831	0.32633	1.20599	4.53063	15.53688
0.4	-5.45	0.0468	0.11005	0.33937	1.27165	4.78044	16.29391
0.4	-5.4	0.04692	0.11198	0.35357	1.34201	5.04411	17.08051
0.4	-5.35	0.04703	0.11411	0.369	1.41734	5.32216	17.89683
0.4	-5.3	0.04713	0.11648	0.38577	1.49792	5.61508	18.74292
0.4	-5.25	0.04724	0.11911	0.40397	1.58408	5.92336	19.61869
0.4	-5.2	0.04741	0.12204	0.42371	1.67611	6.24749	20.52395
0.4	-5.15	0.04767	0.12526	0.44512	1.77435	6.58791	21.45837
0.4	-5.1	0.04799	0.12881	0.46831	1.87913	6.94506	22.42144
0.4	-5.05	0.04835	0.13271	0.49342	1.9908	7.31933	23.41252
0.4	-5.	0.04877	0.137	0.52059	2.10971	7.71109	24.43079
0.4	-4.95	0.04927	0.14169	0.54999	2.23622	8.12064	25.47523
0.4	-4.9	0.04983	0.14683	0.58178	2.3707	8.54827	26.54464
0.4	-4.85	0.05046	0.15244	0.61613	2.51352	8.99417	27.63761
0.4	-4.8	0.05107	0.15859	0.65324	2.66503	9.45849	28.75251
0.4	-4.75	0.05165	0.16534	0.6933	2.82561	9.94131	29.88748
0.4	-4.7	0.05228	0.17278	0.73653	2.99561	10.44261	31.04043
0.4	-4.65	0.053	0.18095	0.78312	3.17539	10.96231	32.20903
0.4	-4.6	0.05381	0.18993	0.83331	3.36528	11.5002	33.39069
0.4	-4.55	0.05472	0.19981	0.88732	3.56562	12.056	34.58257
0.4	-4.5	0.05573	0.21065	0.9454	3.7767	12.62929	35.78156
0.4	-4.45	0.05688	0.22255	1.00779	3.99883	13.21954	36.9843
0.4	-4.4	0.05819	0.23561	1.07475	4.23226	13.82606	38.18714
0.4	-4.35	0.05967	0.24992	1.14654	4.47722	14.44806	39.3862
0.4	-4.3	0.06132	0.26559	1.22343	4.7339	15.08457	40.5773
0.4	-4.25	0.06325	0.28274	1.3057	5.00246	15.73446	41.75604
0.4	-4.2	0.06539	0.30149	1.39363	5.28298	16.39643	42.91776
0.4	-4.15	0.06776	0.32198	1.4875	5.57552	17.06903	44.05758
0.4	-4.1	0.07043	0.34435	1.58759	5.88005	17.75061	45.17038
0.4	-4.05	0.07342	0.36877	1.69419	6.19646	18.43931	46.25086
0.4	-4.	0.07675	0.39539	1.80757	6.5246	19.13311	47.29356
0.4	-3.95	0.08046	0.4244	1.92799	6.86418	19.82979	48.29283
0.4	-3.9	0.08461	0.456	2.05571	7.21487	20.52691	49.24294
0.4	-3.85	0.08928	0.49038	2.19096	7.57618	21.22187	50.13804
0.4	-3.8	0.0945	0.52775	2.33396	7.94755	21.91184	50.97228
0.4	-3.75	0.10033	0.56833	2.4849	8.32828	22.59382	51.73976
0.4	-3.7	0.10684	0.61237	2.64392	8.71755	23.26462	52.43465
0.4	-3.65	0.11415	0.66009	2.81114	9.11441	23.92089	53.05117
0.4	-3.6	0.12239	0.71174	2.98663	9.51775	24.55911	53.58372
0.4	-3.55	0.13168	0.76757	3.17041	9.92633	25.17561	54.02688
0.4	-3.5	0.14211	0.8278	3.36244	10.33877	25.7666	54.37549
0.4	-3.45	0.15378	0.89269	3.56262	10.75352	26.32819	54.62466
0.4	-3.4	0.16686	0.96249	3.77078	11.16887	26.85641	54.76992
0.4	-3.35	0.18156	1.03742	3.98664	11.58297	27.34723	54.80723
0.4	-3.3	0.19801	1.1177	4.20989	11.99382	27.79661	54.73301
0.4	-3.25	0.21634	1.20354	4.44007	12.39924	28.20052	54.54429
0.4	-3.2	0.23675	1.29513	4.67666	12.79692	28.55499	54.23865
0.4	-3.15	0.25948	1.39264	4.91899	13.18443	28.85616	53.8144
0.4	-3.1	0.28471	1.49621	5.16631	13.55919	29.10029	53.27056
0.4	-3.05	0.31265	1.60593	5.41772	13.91851	29.28385	52.60693
0.4	-3.	0.3435	1.72187	5.6722	14.25961	29.40351	51.8241
0.4	-2.95	0.37759	1.84404	5.92861	14.57963	29.45628	50.92355
0.4	-2.9	0.41512	1.97238	6.18565	14.87568	29.43947	49.90765
0.4	-2.85	0.45636	2.10678	6.44189	15.14482	29.35079	48.77963
0.4	-2.8	0.50153	2.24703	6.69577	15.38412	29.18841	47.54369
0.4	-2.75	0.55087	2.39286	6.9456	15.59072	28.95095	46.20487
0.4	-2.7	0.60471	2.5439	7.18955	15.7618	28.6376	44.76919
0.4	-2.65	0.6633	2.69965	7.42567	15.89468	28.24809	43.24345
0.4	-2.6	0.72677	2.85949	7.65192	15.98685	27.78279	41.63537
0.4	-2.55	0.79538	3.0227	7.86616	16.03599	27.24271	39.95339
0.4	-2.5	0.86929	3.18842	8.06619	16.04003	26.62949	38.20666
0.4	-2.45	0.94842	3.35566	8.24977	15.99721	25.9455	36.40504
0.4	-2.4	1.03283	3.5233	8.41464	15.90607	25.19375	34.55884
0.4	-2.35	1.12249	3.69012	8.55854	15.76557	24.37797	32.67892
0.4	-2.3	1.21752	3.85471	8.67926	15.57507	23.50252	30.77635
0.4	-2.25	1.31775	4.01549	8.7747	15.33438	22.57244	28.86254
0.4	-2.2	1.42244	4.17078	8.84288	15.04381	21.59336	26.9489
0.4	-2.15	1.53091	4.3189	8.882	14.70416	20.57146	25.04685
0.4	-2.1	1.6425	4.45813	8.89047	14.31675	19.51342	23.16757
0.4	-2.05	1.75648	4.58667	8.86691	13.88342	18.42637	21.32194
0.4	-2.	1.87191	4.70275	8.81024	13.40656	17.31781	19.52043
0.4	-1.95	1.98765	4.8046	8.71967	12.88908	16.19546	17.77281
0.4	-1.9	2.10276	4.89054	8.59474	12.33439	15.0673	16.08824
0.4	-1.85	2.21643	4.95883	8.43534	11.74641	13.94129	14.47492
0.4	-1.8	2.32712	5.00784	8.24179	11.12952	12.82544	12.94022
0.4	-1.75	2.43297	5.03615	8.0148	10.48848	11.72754	11.49032
0.4	-1.7	2.53261	5.04259	7.75551	9.82847	10.65518	10.13039
0.4	-1.65	2.62493	5.02612	7.46545	9.15492	9.61554	8.86431
0.4	-1.6	2.70869	4.98588	7.1466	8.47355	8.61534	7.6948
0.4	-1.55	2.78279	4.9212	6.80135	7.79019	7.66066	6.62328
0.4	-1.5	2.84596	4.8316	6.43254	7.1108	6.7569	5.64991
0.4	-1.45	2.89676	4.71686	6.04343	6.4413	5.90869	4.77371
0.4	-1.4	2.93351	4.57713	5.63772	5.78748	5.11971	3.99242
0.4	-1.35	2.95488	4.41298	5.21945	5.15492	4.39276	3.30281
0.4	-1.3	2.95951	4.22533	4.793	4.54879	3.7296	2.70059
0.4	-1.25	2.94602	4.01559	4.36299	3.97387	3.13102	2.18071
0.4	-1.2	2.91352	3.78559	3.93422	3.4343	2.59675	1.73732
0.4	-1.15	2.86039	3.53771	3.51158	2.93357	2.12561	1.36413
0.4	-1.1	2.78593	3.27493	3.09988	2.47439	1.71543	1.05438
0.4	-1.05	2.6903	3.00065	2.70376	2.05863	1.36324	0.80119
0.4	-1.	2.57389	2.71863	2.32755	1.6873	1.06533	0.5976
0.4	-0.95	2.43739	2.43296	1.97512	1.3605	0.81739	0.43679
0.4	-0.9	2.28213	2.14801	1.64982	1.07746	0.61466	0.31223
0.4	-0.85	2.1103	1.86824	1.3543	0.83655	0.45207	0.21779
0.4	-0.8	1.92446	1.59807	1.09044	0.63539	0.32441	0.14785
0.4	-0.75	1.72754	1.34181	0.85927	0.47092	0.22652	0.09739
0.4	-0.7	1.52362	1.10347	0.66094	0.33957	0.1534	0.06203
0.4	-0.65	1.31787	0.88641	0.49466	0.23738	0.10036	0.03804
0.4	-0.6	1.11493	0.69313	0.35885	0.1602	0.06314	0.02235
0.4	-0.55	0.91914	0.52541	0.25116	0.10385	0.03799	0.0125
0.4	-0.5	0.73513	0.38409	0.16865	0.06426	0.02172	0.00661
0.4	-0.45	0.56681	0.26906	0.10791	0.03768	0.01169	0.00327
0.4	-0.4	0.41812	0.17929	0.06523	0.02073	0.00587	0.0015
0.4	-0.35	0.29313	0.11255	0.03683	0.01056	0.0027	0.00063
0.4	-0.3	0.19309	0.06565	0.01913	0.0049	0.00112	0.00023
0.4	-0.25	0.11743	0.03491	0.00896	0.00203	0.00041	0.00007
0.4	-0.2	0.06425	0.01653	0.00368	0.00072	0.00013	0.00002
0.4	-0.15	0.03077	0.00675	0.00127	0.00021	0.00003	0.00000
0.4	-0.1	0.01249	0.00225	0.00033	0.00004	0.00000	0.00000
0.4	-0.05	0.00421	0.0005	0.00005	0.00000	0.00000	0.00000
0.4	0.00	0.00016	0.00000	0.00000	0.00000	0.00000	0.00000
0.3	-8.9	0.0001	0.00142	0.01082	0.05694	0.2368	0.84703
0.3	-8.85	0.00011	0.00157	0.01177	0.06113	0.25127	0.89071
0.3	-8.8	0.00012	0.00173	0.0128	0.06559	0.26645	0.9361
0.3	-8.75	0.00014	0.00191	0.01392	0.07033	0.28235	0.98322
0.3	-8.7	0.00015	0.00211	0.01513	0.07537	0.299	1.0321
0.3	-8.65	0.00017	0.00233	0.01643	0.08071	0.31641	1.08278
0.3	-8.6	0.00019	0.00257	0.01784	0.08638	0.33461	1.13529
0.3	-8.55	0.00022	0.00284	0.01936	0.09238	0.35359	1.18965
0.3	-8.5	0.00024	0.00313	0.02099	0.09872	0.37338	1.2459
0.3	-8.45	0.00027	0.00345	0.02275	0.10543	0.39399	1.30406
0.3	-8.4	0.0003	0.0038	0.02465	0.11251	0.41543	1.36418
0.3	-8.35	0.00034	0.00418	0.02668	0.11997	0.43771	1.42627
0.3	-8.3	0.00038	0.0046	0.02887	0.12783	0.46083	1.49039
0.3	-8.25	0.00043	0.00507	0.03121	0.13609	0.4848	1.55656
0.3	-8.2	0.00048	0.00557	0.03372	0.14477	0.50963	1.62483
0.3	-8.15	0.00054	0.00613	0.03641	0.15387	0.5353	1.69524
0.3	-8.1	0.00061	0.00674	0.03928	0.1634	0.56183	1.76786
0.3	-8.05	0.00068	0.0074	0.04235	0.17337	0.58921	1.84273
0.3	-8.	0.00076	0.00813	0.04562	0.18378	0.61744	1.91992
0.3	-7.95	0.00086	0.00892	0.04911	0.19463	0.64651	1.99951
0.3	-7.9	0.00096	0.00979	0.05282	0.20593	0.67641	2.08159
0.3	-7.85	0.00108	0.01074	0.05676	0.21767	0.70714	2.16625
0.3	-7.8	0.00121	0.01177	0.06094	0.22985	0.73869	2.25362
0.3	-7.75	0.00136	0.01289	0.06537	0.24247	0.77105	2.34381
0.3	-7.7	0.00152	0.01412	0.07005	0.25551	0.80422	2.43698
0.3	-7.65	0.00171	0.01544	0.07499	0.26896	0.83819	2.53329
0.3	-7.6	0.00192	0.01689	0.0802	0.28282	0.87296	2.63292
0.3	-7.55	0.00215	0.01845	0.08567	0.29706	0.90853	2.73609
0.3	-7.5	0.00241	0.02015	0.09141	0.31166	0.9449	2.84304
0.3	-7.45	0.00271	0.02198	0.09743	0.32661	0.98209	2.95401
0.3	-7.4	0.00304	0.02396	0.10371	0.34187	1.02012	3.06931
0.3	-7.35	0.00341	0.0261	0.11025	0.35743	1.05901	3.18925
0.3	-7.3	0.00383	0.02841	0.11705	0.37325	1.09879	3.31419
0.3	-7.25	0.00429	0.03088	0.1241	0.38931	1.13952	3.44451
0.3	-7.2	0.00482	0.03354	0.13138	0.40557	1.18125	3.58062
0.3	-7.15	0.00541	0.03639	0.13887	0.422	1.22407	3.72298
0.3	-7.1	0.00607	0.03943	0.14656	0.43858	1.26806	3.87208
0.3	-7.05	0.00681	0.04268	0.15442	0.45528	1.31334	4.02844
0.3	-7.	0.00764	0.04613	0.16241	0.47207	1.36003	4.19261
0.3	-6.95	0.00857	0.04978	0.17052	0.48893	1.40829	4.36519
0.3	-6.9	0.00961	0.05365	0.17869	0.50585	1.4583	4.54679
0.3	-6.85	0.01079	0.05771	0.1869	0.52283	1.51024	4.73808
0.3	-6.8	0.0121	0.06196	0.19508	0.53986	1.56436	4.93972
0.3	-6.75	0.01358	0.0664	0.2032	0.55698	1.62088	5.15244
0.3	-6.7	0.01524	0.07099	0.2112	0.5742	1.68009	5.37695
0.3	-6.65	0.0171	0.07571	0.21904	0.59157	1.74228	5.614
0.3	-6.6	0.01918	0.08054	0.22666	0.60916	1.80778	5.86437
0.3	-6.55	0.02152	0.08541	0.23403	0.62705	1.87692	6.12882
0.3	-6.5	0.02414	0.09027	0.2411	0.64535	1.95006	6.40815
0.3	-6.45	0.02707	0.09505	0.24784	0.66419	2.02758	6.70314
0.3	-6.4	0.03034	0.09965	0.25425	0.6837	2.10987	7.01458
0.3	-6.35	0.03395	0.10398	0.26034	0.70405	2.19732	7.34329
0.3	-6.3	0.03784	0.10792	0.26614	0.72543	2.29034	7.69004
0.3	-6.25	0.0418	0.11137	0.27175	0.74801	2.38934	8.05564
0.3	-6.2	0.04536	0.1143	0.27724	0.77199	2.49472	8.44086
0.3	-6.15	0.04823	0.1168	0.28274	0.79755	2.60691	8.8465
0.3	-6.1	0.05056	0.11895	0.28833	0.82487	2.72633	9.27332
0.3	-6.05	0.05249	0.12084	0.29411	0.85412	2.85341	9.72209
0.3	-6.	0.05409	0.12252	0.30015	0.88551	2.98859	10.19356
0.3	-5.95	0.05541	0.12404	0.30654	0.9192	3.13232	10.68847
0.3	-5.9	0.05648	0.12546	0.31334	0.9554	3.28504	11.20752
0.3	-5.85	0.05734	0.12681	0.32063	0.99429	3.44723	11.75141
0.3	-5.8	0.05803	0.12813	0.32849	1.03608	3.61935	12.32078
0.3	-5.75	0.05858	0.12946	0.33698	1.08097	3.80189	12.91627
0.3	-5.7	0.05902	0.13083	0.34617	1.12917	3.99533	13.53845
0.3	-5.65	0.05937	0.13227	0.35615	1.18093	4.20017	14.18785
0.3	-5.6	0.05966	0.1338	0.36698	1.23645	4.41689	14.86493
0.3	-5.55	0.0599	0.13546	0.37874	1.296	4.64599	15.5701
0.3	-5.5	0.06012	0.13726	0.39151	1.35981	4.88798	16.30371
0.3	-5.45	0.06035	0.13922	0.40539	1.42817	5.14335	17.066
0.3	-5.4	0.06058	0.14137	0.42045	1.50132	5.41259	17.85713
0.3	-5.35	0.06082	0.14373	0.4368	1.57957	5.69618	18.67717
0.3	-5.3	0.06108	0.14631	0.45455	1.66321	5.99459	19.52607
0.3	-5.25	0.06136	0.14914	0.4738	1.75254	6.30827	20.40367
0.3	-5.2	0.06163	0.15225	0.49468	1.84786	6.63766	21.30967
0.3	-5.15	0.06191	0.15567	0.51731	1.94951	6.98317	22.24363
0.3	-5.1	0.06224	0.15943	0.54182	2.0578	7.34518	23.20498
0.3	-5.05	0.06257	0.16357	0.56836	2.17308	7.72403	24.19296
0.3	-5.	0.06292	0.16814	0.59708	2.29567	8.12003	25.20666
0.3	-4.95	0.06331	0.17317	0.62813	2.42593	8.53343	26.24498
0.3	-4.9	0.06376	0.17871	0.66168	2.56419	8.96445	27.30662
0.3	-4.85	0.06427	0.18481	0.69791	2.7108	9.41323	28.39009
0.3	-4.8	0.06483	0.19153	0.73699	2.86611	9.87986	29.49368
0.3	-4.75	0.06548	0.19892	0.77912	3.03044	10.36433	30.61547
0.3	-4.7	0.06622	0.20704	0.8245	3.20414	10.86657	31.75331
0.3	-4.65	0.06706	0.21596	0.87334	3.38752	11.38643	32.9048
0.3	-4.6	0.06802	0.22575	0.92586	3.58091	11.92363	34.06732
0.3	-4.55	0.06911	0.23649	0.98228	3.78457	12.4778	35.23799
0.3	-4.5	0.07033	0.24825	1.04284	3.9988	13.04847	36.41369
0.3	-4.45	0.07168	0.26114	1.10779	4.22384	13.63503	37.59104
0.3	-4.4	0.07319	0.27525	1.17736	4.4599	14.23674	38.76644
0.3	-4.35	0.0749	0.29069	1.25182	4.70716	14.85272	39.936
0.3	-4.3	0.07683	0.30757	1.33142	4.96577	15.48195	41.09563
0.3	-4.25	0.079	0.32601	1.41643	5.23582	16.12324	42.24098
0.3	-4.2	0.0814	0.34615	1.5071	5.51734	16.77526	43.3675
0.3	-4.15	0.08409	0.36812	1.6037	5.81033	17.4365	44.47041
0.3	-4.1	0.08709	0.39208	1.70648	6.11469	18.10529	45.54475
0.3	-4.05	0.09046	0.41819	1.81569	6.43027	18.77975	46.58536
0.3	-4.	0.09423	0.44661	1.93157	6.75684	19.45786	47.58698
0.3	-3.95	0.09849	0.47753	2.05435	7.09407	20.1374	48.54417
0.3	-3.9	0.10328	0.51111	2.18423	7.44155	20.81596	49.45142
0.3	-3.85	0.10864	0.54756	2.32142	7.79877	21.49097	50.30315
0.3	-3.8	0.11465	0.58707	2.46607	8.16509	22.15967	51.09376
0.3	-3.75	0.1214	0.62985	2.61832	8.53979	22.81913	51.81765
0.3	-3.7	0.12898	0.67611	2.77828	8.92201	23.46625	52.46927
0.3	-3.65	0.13749	0.72605	2.94601	9.31077	24.09779	53.04318
0.3	-3.6	0.147	0.77989	3.12154	9.70495	24.71036	53.5341
0.3	-3.55	0.15761	0.83785	3.30482	10.10331	25.30045	53.93692
0.3	-3.5	0.16943	0.90014	3.49578	10.50446	25.86444	54.24681
0.3	-3.45	0.18263	0.96699	3.69426	10.90687	26.39861	54.45923
0.3	-3.4	0.19733	1.0386	3.90004	11.30887	26.8992	54.57001
0.3	-3.35	0.21365	1.11517	4.11282	11.70865	27.36241	54.57541
0.3	-3.3	0.23176	1.19688	4.33222	12.10426	27.78443	54.47214
0.3	-3.25	0.25186	1.2839	4.55776	12.49361	28.16147	54.25749
0.3	-3.2	0.27412	1.37638	4.78888	12.8745	28.48982	53.92928
0.3	-3.15	0.29873	1.47443	5.02489	13.2446	28.76586	53.48602
0.3	-3.1	0.32585	1.57814	5.26503	13.60146	28.98613	52.92688
0.3	-3.05	0.35571	1.68755	5.5084	13.94256	29.14734	52.25178
0.3	-3.	0.38854	1.80267	5.754	14.26528	29.24644	51.46139
0.3	-2.95	0.4245	1.92344	6.00069	14.56695	29.28063	50.55718
0.3	-2.9	0.46383	2.04977	6.24724	14.84488	29.24747	49.54151
0.3	-2.85	0.50674	2.18147	6.49228	15.09634	29.14484	48.4175
0.3	-2.8	0.55342	2.3183	6.73434	15.31863	28.97108	47.1892
0.3	-2.75	0.60409	2.45994	6.97181	15.50909	28.72494	45.86146
0.3	-2.7	0.65889	2.60599	7.20302	15.66515	28.4057	44.44004
0.3	-2.65	0.718	2.75595	7.42615	15.78433	28.01312	42.93145
0.3	-2.6	0.7816	2.90921	7.63934	15.86433	27.5476	41.34306
0.3	-2.55	0.84975	3.06507	7.84062	15.90301	27.01005	39.68291
0.3	-2.5	0.92254	3.22273	8.02799	15.89847	26.40205	37.95977
0.3	-2.45	1.00005	3.38124	8.19942	15.84908	25.72581	36.18307
0.3	-2.4	1.08218	3.53957	8.35286	15.75347	24.98413	34.36266
0.3	-2.35	1.16878	3.69657	8.48629	15.61067	24.18052	32.50897
0.3	-2.3	1.25957	3.85102	8.5977	15.42003	23.31906	30.63265
0.3	-2.25	1.35423	4.0016	8.6852	15.18134	22.40448	28.74468
0.3	-2.2	1.45251	4.14692	8.74695	14.89479	21.44206	26.85611
0.3	-2.15	1.55395	4.28551	8.78126	14.56105	20.43767	24.978
0.3	-2.1	1.65799	4.4158	8.78661	14.18127	19.39765	23.12121
0.3	-2.05	1.76394	4.53624	8.76167	13.75709	18.32876	21.29638
0.3	-2.	1.87107	4.64523	8.70532	13.29065	17.23819	19.51375
0.3	-1.95	1.97858	4.74117	8.61673	12.78459	16.13337	17.78295
0.3	-1.9	2.08563	4.82245	8.49534	12.24207	15.02197	16.11303
0.3	-1.85	2.19128	4.88751	8.3409	11.66671	13.91173	14.51214
0.3	-1.8	2.29446	4.93483	8.15354	11.06263	12.81045	12.98763
0.3	-1.75	2.39414	4.96294	7.93375	10.43434	11.72575	11.54573
0.3	-1.7	2.48907	4.97051	7.68244	9.78676	10.66512	10.1917
0.3	-1.65	2.57788	4.95634	7.40094	9.12514	9.63563	8.92954
0.3	-1.6	2.6594	4.91941	7.091	8.45501	8.64396	7.76211
0.3	-1.55	2.73235	4.85886	6.75485	7.78205	7.69618	6.69099
0.3	-1.5	2.7952	4.77407	6.39516	7.11209	6.79772	5.71657
0.3	-1.45	2.84642	4.66474	6.01504	6.45095	5.95324	4.83804
0.3	-1.4	2.88443	4.53089	5.61802	5.80433	5.16652	4.05339
0.3	-1.35	2.90746	4.37297	5.20803	5.17775	4.44048	3.35961
0.3	-1.3	2.91409	4.19187	4.78931	4.57637	3.77699	2.75263
0.3	-1.25	2.90333	3.98891	4.36633	4.00495	3.17702	2.22759
0.3	-1.2	2.87399	3.76581	3.94377	3.46766	2.64048	1.77886
0.3	-1.15	2.82515	3.52478	3.52641	2.96806	2.16634	1.40031
0.3	-1.1	2.75592	3.26851	3.11898	2.50897	1.75263	1.08537
0.3	-1.05	2.66565	3.00024	2.7261	2.09237	1.39656	0.82723
0.3	-1.	2.55458	2.72365	2.35211	1.71942	1.0946	0.61908
0.3	-0.95	2.42365	2.44274	2.00092	1.39035	0.84258	0.45414
0.3	-0.9	2.27402	2.16174	1.67593	1.10457	0.63589	0.32595
0.3	-0.85	2.10758	1.88505	1.37987	0.8606	0.46956	0.22839
0.3	-0.8	1.92677	1.61704	1.11475	0.65622	0.33848	0.15582
0.3	-0.75	1.73437	1.36203	0.88175	0.48852	0.23754	0.10322
0.3	-0.7	1.53419	1.12407	0.68113	0.35404	0.16179	0.06616
0.3	-0.65	1.33128	0.90659	0.5123	0.24893	0.10654	0.04086
0.3	-0.6	1.13031	0.71226	0.37378	0.16912	0.06754	0.0242
0.3	-0.55	0.93594	0.54293	0.26338	0.11049	0.04099	0.01366
0.3	-0.5	0.7525	0.39954	0.17828	0.069	0.02366	0.0073
0.3	-0.45	0.58382	0.28216	0.11517	0.04089	0.01288	0.00366
0.3	-0.4	0.43414	0.18991	0.07043	0.02277	0.00655	0.0017
0.3	-0.35	0.30744	0.1207	0.04032	0.01178	0.00306	0.00072
0.3	-0.3	0.2052	0.07152	0.0213	0.00556	0.00129	0.00027
0.3	-0.25	0.12702	0.03879	0.01018	0.00234	0.00048	0.00009
0.3	-0.2	0.07113	0.01882	0.00428	0.00085	0.00015	0.00002
0.3	-0.15	0.03519	0.0079	0.00151	0.00025	0.00004	0.00000
0.3	-0.1	0.01484	0.00269	0.0004	0.00005	0.00000	0.00000
0.3	-0.05	0.00505	0.0006	0.00005	0.00000	0.00000	0.00000
0.3	0.00	0.00019	0.00000	0.00000	0.00000	0.00000	0.00000
0.2	-8.9	0.00014	0.00206	0.01529	0.07863	0.31893	1.10805
0.2	-8.85	0.00016	0.00227	0.01662	0.08433	0.33794	1.16294
0.2	-8.8	0.00018	0.00251	0.01807	0.09039	0.35783	1.21976
0.2	-8.75	0.0002	0.00277	0.01963	0.09682	0.37862	1.27854
0.2	-8.7	0.00023	0.00305	0.02132	0.10363	0.40033	1.33929
0.2	-8.65	0.00025	0.00337	0.02314	0.11085	0.42296	1.40202
0.2	-8.6	0.00028	0.00371	0.0251	0.11849	0.44655	1.46674
0.2	-8.55	0.00032	0.00409	0.02721	0.12656	0.47109	1.53348
0.2	-8.5	0.00036	0.00451	0.02948	0.13508	0.4966	1.60222
0.2	-8.45	0.0004	0.00496	0.03192	0.14407	0.52308	1.67299
0.2	-8.4	0.00045	0.00547	0.03455	0.15353	0.55053	1.74579
0.2	-8.35	0.00051	0.00602	0.03736	0.16348	0.57895	1.82064
0.2	-8.3	0.00057	0.00662	0.04038	0.17394	0.60835	1.89753
0.2	-8.25	0.00064	0.00728	0.04361	0.18491	0.63871	1.97648
0.2	-8.2	0.00071	0.00801	0.04707	0.1964	0.67003	2.05751
0.2	-8.15	0.0008	0.0088	0.05076	0.20841	0.70229	2.14064
0.2	-8.1	0.0009	0.00967	0.05471	0.22096	0.73548	2.2259
0.2	-8.05	0.00101	0.01061	0.05891	0.23405	0.76959	2.31331
0.2	-8.	0.00113	0.01165	0.06338	0.24767	0.80458	2.40292
0.2	-7.95	0.00127	0.01278	0.06814	0.26182	0.84045	2.49478
0.2	-7.9	0.00142	0.01401	0.07318	0.27651	0.87716	2.58895
0.2	-7.85	0.0016	0.01535	0.07853	0.29171	0.91469	2.68551
0.2	-7.8	0.00179	0.01681	0.08419	0.30743	0.95301	2.78456
0.2	-7.75	0.00201	0.0184	0.09017	0.32364	0.99209	2.88621
0.2	-7.7	0.00226	0.02012	0.09647	0.34032	1.03192	2.99059
0.2	-7.65	0.00253	0.02199	0.10311	0.35746	1.07246	3.09785
0.2	-7.6	0.00284	0.02402	0.11007	0.37502	1.11369	3.20817
0.2	-7.55	0.00319	0.02622	0.11737	0.39298	1.1556	3.32176
0.2	-7.5	0.00358	0.0286	0.12501	0.4113	1.19818	3.43884
0.2	-7.45	0.00401	0.03116	0.13297	0.42995	1.24141	3.5597
0.2	-7.4	0.0045	0.03393	0.14125	0.44889	1.28532	3.68462
0.2	-7.35	0.00505	0.0369	0.14984	0.46807	1.32991	3.81392
0.2	-7.3	0.00567	0.0401	0.15873	0.48745	1.3752	3.94799
0.2	-7.25	0.00636	0.04353	0.16789	0.50698	1.42125	4.08722
0.2	-7.2	0.00714	0.0472	0.1773	0.52662	1.46811	4.23205
0.2	-7.15	0.00801	0.05111	0.18693	0.54633	1.51586	4.38295
0.2	-7.1	0.00898	0.05528	0.19674	0.56605	1.5646	4.54044
0.2	-7.05	0.01008	0.0597	0.20671	0.58576	1.61444	4.70508
0.2	-7.	0.01131	0.06438	0.21678	0.60541	1.66554	4.87743
0.2	-6.95	0.01269	0.06932	0.2269	0.62498	1.71805	5.05812
0.2	-6.9	0.01424	0.07449	0.23702	0.64445	1.77218	5.2478
0.2	-6.85	0.01598	0.07991	0.24707	0.66382	1.82814	5.44714
0.2	-6.8	0.01793	0.08553	0.257	0.6831	1.88619	5.65685
0.2	-6.75	0.02011	0.09133	0.26675	0.70231	1.9466	5.87765
0.2	-6.7	0.02257	0.09728	0.27624	0.72151	2.00967	6.11029
0.2	-6.65	0.02532	0.10332	0.28541	0.74074	2.07572	6.35552
0.2	-6.6	0.0284	0.10939	0.29422	0.76011	2.14509	6.6141
0.2	-6.55	0.03185	0.1154	0.30262	0.77973	2.21815	6.88682
0.2	-6.5	0.0357	0.12125	0.31059	0.79972	2.29527	7.17445
0.2	-6.45	0.03995	0.12684	0.31811	0.82025	2.37684	7.47778
0.2	-6.4	0.04455	0.13201	0.32523	0.84148	2.46326	7.79758
0.2	-6.35	0.04925	0.13668	0.33199	0.86359	2.55491	8.13464
0.2	-6.3	0.05364	0.14078	0.3385	0.88677	2.65221	8.48972
0.2	-6.25	0.05735	0.14438	0.34485	0.9112	2.75556	8.8636
0.2	-6.2	0.06048	0.14757	0.35114	0.93706	2.86537	9.25705
0.2	-6.15	0.06325	0.15043	0.35745	0.96454	2.98206	9.67081
0.2	-6.1	0.06565	0.15299	0.36386	0.9938	3.10606	10.10564
0.2	-6.05	0.06775	0.15531	0.37046	1.02505	3.2378	10.56227
0.2	-6.	0.06958	0.15743	0.3773	1.05846	3.37771	11.0414
0.2	-5.95	0.07116	0.15939	0.38449	1.09423	3.52624	11.54373
0.2	-5.9	0.07255	0.16121	0.39208	1.13257	3.68384	12.06993
0.2	-5.85	0.07374	0.16295	0.40016	1.17367	3.85097	12.62063
0.2	-5.8	0.07473	0.16462	0.40882	1.21773	4.02809	13.19643
0.2	-5.75	0.07557	0.16627	0.41812	1.26498	4.21566	13.7979
0.2	-5.7	0.07625	0.16793	0.42815	1.31564	4.41416	14.42555
0.2	-5.65	0.07681	0.16964	0.43899	1.36993	4.62406	15.07984
0.2	-5.6	0.07727	0.17144	0.45072	1.42809	4.84582	15.76117
0.2	-5.55	0.07769	0.17335	0.46343	1.49037	5.07994	16.46988
0.2	-5.5	0.07807	0.17539	0.47722	1.557	5.32687	17.20623
0.2	-5.45	0.07837	0.17759	0.49216	1.62827	5.58707	17.9704
0.2	-5.4	0.07862	0.18	0.50837	1.70442	5.86102	18.76246
0.2	-5.35	0.07885	0.18264	0.52594	1.78574	6.14914	19.58241
0.2	-5.3	0.0791	0.18554	0.54498	1.87252	6.45188	20.43011
0.2	-5.25	0.07938	0.18874	0.5656	1.96504	6.76965	21.30533
0.2	-5.2	0.07969	0.19225	0.58791	2.06361	7.10283	22.20769
0.2	-5.15	0.08004	0.19611	0.61205	2.16854	7.45179	23.13668
0.2	-5.1	0.08043	0.20036	0.63815	2.28013	7.81686	24.09164
0.2	-5.05	0.08086	0.20502	0.66634	2.39872	8.19833	25.07174
0.2	-5.	0.08133	0.21014	0.69678	2.52461	8.59647	26.07601
0.2	-4.95	0.08189	0.21575	0.72963	2.65814	9.01146	27.10328
0.2	-4.9	0.08251	0.22192	0.76505	2.79962	9.44347	28.1522
0.2	-4.85	0.08319	0.22867	0.80321	2.94938	9.89257	29.22122
0.2	-4.8	0.08392	0.23607	0.84431	3.10773	10.35879	30.30861
0.2	-4.75	0.08471	0.2442	0.88852	3.27498	10.84208	31.41239
0.2	-4.7	0.0856	0.25311	0.93605	3.45144	11.34229	32.53041
0.2	-4.65	0.08659	0.26288	0.9871	3.63738	11.85922	33.66026
0.2	-4.6	0.0877	0.27358	1.04189	3.83308	12.39252	34.79931
0.2	-4.55	0.08895	0.28531	1.10062	4.0388	12.94179	35.94472
0.2	-4.5	0.09036	0.29814	1.16353	4.25475	13.50649	37.09339
0.2	-4.45	0.09196	0.31217	1.23083	4.48114	14.08596	38.24201
0.2	-4.4	0.09374	0.3275	1.30277	4.71813	14.67942	39.38702
0.2	-4.35	0.09573	0.34424	1.37956	4.96587	15.28597	40.52465
0.2	-4.3	0.09798	0.36251	1.46146	5.22445	15.90456	41.65089
0.2	-4.25	0.10051	0.38242	1.54869	5.4939	16.53398	42.76153
0.2	-4.2	0.10335	0.40412	1.64149	5.77421	17.17289	43.85214
0.2	-4.15	0.10655	0.42772	1.74008	6.06534	17.81979	44.91811
0.2	-4.1	0.11015	0.45338	1.84469	6.36714	18.47301	45.95466
0.2	-4.05	0.1142	0.48123	1.95553	6.67942	19.13072	46.95682
0.2	-4.	0.11873	0.51144	2.07281	7.00191	19.79093	47.91953
0.2	-3.95	0.12379	0.54417	2.19671	7.33426	20.45147	48.83758
0.2	-3.9	0.12946	0.57958	2.32742	7.67601	21.11	49.70569
0.2	-3.85	0.13578	0.61786	2.46507	8.02663	21.76404	50.51852
0.2	-3.8	0.1428	0.65918	2.6098	8.38548	22.41092	51.27073
0.2	-3.75	0.15065	0.70373	2.7617	8.75182	23.04783	51.95696
0.2	-3.7	0.1594	0.75169	2.92084	9.1248	23.6718	52.57195
0.2	-3.65	0.1691	0.80326	3.08724	9.50344	24.27972	53.11048
0.2	-3.6	0.1799	0.85862	3.26088	9.88666	24.86837	53.56753
0.2	-3.55	0.19192	0.91796	3.44169	10.27325	25.4344	53.93825
0.2	-3.5	0.20525	0.98145	3.62955	10.66186	25.97436	54.21803
0.2	-3.45	0.21996	1.04926	3.82428	11.05103	26.48473	54.40253
0.2	-3.4	0.23617	1.12159	4.02565	11.43917	26.96194	54.48779
0.2	-3.35	0.25408	1.19857	4.23334	11.82455	27.40237	54.47024
0.2	-3.3	0.27383	1.28036	4.44696	12.20533	27.8024	54.34672
0.2	-3.25	0.29555	1.36707	4.66604	12.57955	28.15846	54.11465
0.2	-3.2	0.31939	1.4588	4.89002	12.9451	28.467	53.77191
0.2	-3.15	0.3455	1.55564	5.11828	13.29981	28.72459	53.31708
0.2	-3.1	0.37402	1.65762	5.35005	13.64139	28.92793	52.74932
0.2	-3.05	0.40514	1.76477	5.58453	13.96744	29.07388	52.06852
0.2	-3.	0.43897	1.87706	5.82075	14.27552	29.15949	51.27529
0.2	-2.95	0.47571	1.99444	6.05769	14.5631	29.1821	50.37101
0.2	-2.9	0.51555	2.11679	6.29418	14.82765	29.13932	49.35789
0.2	-2.85	0.55864	2.24395	6.52898	15.06659	29.0291	48.23887
0.2	-2.8	0.60511	2.37568	6.76072	15.27736	28.84978	47.01783
0.2	-2.75	0.65511	2.51171	6.98792	15.45742	28.60012	45.69938
0.2	-2.7	0.70881	2.65166	7.20904	15.60432	28.27934	44.28902
0.2	-2.65	0.76637	2.79509	7.4224	15.71567	27.88715	42.79301
0.2	-2.6	0.82788	2.94147	7.62625	15.78923	27.42383	41.21844
0.2	-2.55	0.89342	3.09018	7.81879	15.82292	26.89018	39.57308
0.2	-2.5	0.96306	3.24051	7.99813	15.81485	26.28763	37.8654
0.2	-2.45	1.0368	3.39164	8.16235	15.76337	25.6182	36.10455
0.2	-2.4	1.11456	3.54268	8.30951	15.66711	24.88453	34.30013
0.2	-2.35	1.19629	3.69263	8.43764	15.52501	24.08992	32.46231
0.2	-2.3	1.28192	3.8404	8.54482	15.33633	23.23824	30.60149
0.2	-2.25	1.37129	3.98477	8.62915	15.10077	22.33402	28.72845
0.2	-2.2	1.46406	4.12444	8.68881	14.81839	21.38235	26.85404
0.2	-2.15	1.55986	4.25806	8.7221	14.48974	20.38889	24.98914
0.2	-2.1	1.65838	4.38416	8.72744	14.1158	19.3598	23.1445
0.2	-2.05	1.75906	4.50122	8.70343	13.69807	18.30167	21.33063
0.2	-2.	1.86132	4.60767	8.64887	13.23854	17.22155	19.5577
0.2	-1.95	1.96443	4.7019	8.56281	12.73972	16.12671	17.83526
0.2	-1.9	2.06772	4.78229	8.44459	12.20463	15.02471	16.17232
0.2	-1.85	2.17044	4.84718	8.29385	11.63677	13.92318	14.57704
0.2	-1.8	2.27155	4.89492	8.11061	11.04015	12.82984	13.05676
0.2	-1.75	2.36973	4.92397	7.89529	10.41917	11.75224	11.61776
0.2	-1.7	2.46358	4.93289	7.64871	9.77868	10.69779	10.26533
0.2	-1.65	2.55182	4.92046	7.37214	9.12382	9.67352	9.00354
0.2	-1.6	2.63309	4.88557	7.06729	8.46005	8.6861	7.83536
0.2	-1.55	2.70586	4.82737	6.7363	7.79297	7.74159	6.76247
0.2	-1.5	2.76873	4.74525	6.38179	7.12834	6.84539	5.78536
0.2	-1.45	2.82023	4.63887	6.0068	6.47191	6.00222	4.90336
0.2	-1.4	2.85876	4.50825	5.61478	5.82933	5.21589	4.11461
0.2	-1.35	2.88276	4.35376	5.20959	5.20607	4.48936	3.41621
0.2	-1.3	2.89072	4.17624	4.79538	4.60727	3.82459	2.80426
0.2	-1.25	2.8813	3.97697	4.37658	4.03766	3.22264	2.27404
0.2	-1.2	2.85347	3.75766	3.9578	3.50143	2.6835	1.82006
0.2	-1.15	2.80629	3.5205	3.54373	3.00215	2.20627	1.4363
0.2	-1.1	2.73904	3.26813	3.13904	2.54265	1.7891	1.11631
0.2	-1.05	2.65132	3.00369	2.74829	2.125	1.42932	0.85339
0.2	-1.	2.54333	2.73072	2.37576	1.75041	1.12351	0.64081
0.2	-0.95	2.41585	2.45306	2.02537	1.41922	0.86764	0.47185
0.2	-0.9	2.26984	2.17484	1.70051	1.13093	0.65718	0.34008
0.2	-0.85	2.10688	1.90039	1.40399	0.88419	0.48727	0.2394
0.2	-0.8	1.92918	1.63408	1.13785	0.67686	0.35287	0.1642
0.2	-0.75	1.73963	1.38025	0.90334	0.50616	0.24895	0.10942
0.2	-0.7	1.54238	1.1429	0.70081	0.36874	0.17058	0.0706
0.2	-0.65	1.34228	0.9254	0.52974	0.26083	0.11311	0.04394
0.2	-0.6	1.14352	0.73042	0.38879	0.17845	0.07227	0.02625
0.2	-0.55	0.9506	0.55989	0.27589	0.11754	0.04426	0.01496
0.2	-0.5	0.76802	0.41487	0.18832	0.07411	0.02581	0.00808
0.2	-0.45	0.59974	0.29549	0.12289	0.04441	0.01422	0.0041
0.2	-0.4	0.44979	0.20097	0.07606	0.02506	0.00733	0.00193
0.2	-0.35	0.32194	0.12938	0.04418	0.01316	0.00348	0.00083
0.2	-0.3	0.21773	0.07789	0.02376	0.00633	0.00149	0.00032
0.2	-0.25	0.13714	0.04312	0.01159	0.00272	0.00056	0.0001
0.2	-0.2	0.07873	0.02147	0.00499	0.001	0.00018	0.00003
0.2	-0.15	0.04025	0.00929	0.0018	0.0003	0.00004	0.00000
0.2	-0.1	0.01766	0.00326	0.00049	0.00006	0.00000	0.00000
0.2	-0.05	0.00619	0.00073	0.00007	0.00000	0.00000	0.00000
0.2	0.00	0.00024	0.00000	0.00000	0.00000	0.00000	0.00000
0.1	-8.9	0.00024	0.00335	0.02399	0.11928	0.46754	1.56572
0.1	-8.85	0.00027	0.00369	0.02606	0.12772	0.49441	1.63913
0.1	-8.8	0.0003	0.00407	0.0283	0.13667	0.52244	1.71477
0.1	-8.75	0.00034	0.00449	0.03071	0.14614	0.55162	1.79264
0.1	-8.7	0.00038	0.00495	0.0333	0.15616	0.58199	1.87273
0.1	-8.65	0.00043	0.00546	0.0361	0.16675	0.61354	1.955
0.1	-8.6	0.00048	0.00601	0.0391	0.17791	0.64628	2.03944
0.1	-8.55	0.00054	0.00662	0.04233	0.18968	0.68021	2.12602
0.1	-8.5	0.0006	0.00729	0.0458	0.20206	0.71533	2.21471
0.1	-8.45	0.00068	0.00802	0.04952	0.21508	0.75162	2.30547
0.1	-8.4	0.00076	0.00883	0.05351	0.22874	0.78908	2.39827
0.1	-8.35	0.00085	0.00971	0.05778	0.24306	0.82769	2.49307
0.1	-8.3	0.00096	0.01067	0.06234	0.25805	0.86741	2.58985
0.1	-8.25	0.00108	0.01173	0.06722	0.27372	0.90824	2.68856
0.1	-8.2	0.00121	0.01288	0.07242	0.29006	0.95012	2.78919
0.1	-8.15	0.00135	0.01414	0.07796	0.30709	0.99303	2.8917
0.1	-8.1	0.00152	0.01552	0.08386	0.32479	1.03693	2.99608
0.1	-8.05	0.0017	0.01702	0.09012	0.34317	1.08176	3.10232
0.1	-8.	0.00191	0.01865	0.09677	0.36221	1.12748	3.21042
0.1	-7.95	0.00215	0.02043	0.10381	0.3819	1.17404	3.3204
0.1	-7.9	0.00241	0.02237	0.11125	0.40223	1.22137	3.43229
0.1	-7.85	0.0027	0.02448	0.11911	0.42316	1.26942	3.54613
0.1	-7.8	0.00303	0.02677	0.12739	0.44467	1.31814	3.66199
0.1	-7.75	0.0034	0.02925	0.1361	0.46673	1.36746	3.77997
0.1	-7.7	0.00382	0.03194	0.14525	0.48929	1.41733	3.90018
0.1	-7.65	0.00428	0.03485	0.15482	0.51231	1.4677	4.02276
0.1	-7.6	0.0048	0.038	0.16482	0.53575	1.51851	4.14789
0.1	-7.55	0.00539	0.04139	0.17524	0.55955	1.56973	4.27577
0.1	-7.5	0.00605	0.04505	0.18607	0.58365	1.62133	4.40664
0.1	-7.45	0.00679	0.04899	0.1973	0.60799	1.67328	4.54077
0.1	-7.4	0.00762	0.05321	0.2089	0.63251	1.72557	4.67848
0.1	-7.35	0.00854	0.05774	0.22085	0.65713	1.77822	4.82013
0.1	-7.3	0.00959	0.06257	0.23311	0.68178	1.83124	4.96609
0.1	-7.25	0.01076	0.06773	0.24564	0.70641	1.88468	5.11681
0.1	-7.2	0.01207	0.07322	0.2584	0.73094	1.93861	5.27274
0.1	-7.15	0.01354	0.07903	0.27134	0.7553	1.99311	5.43441
0.1	-7.1	0.01519	0.08518	0.28439	0.77946	2.04831	5.60236
0.1	-7.05	0.01705	0.09164	0.2975	0.80334	2.10434	5.77717
0.1	-7.	0.01913	0.09842	0.31058	0.82693	2.16137	5.95944
0.1	-6.95	0.02146	0.10549	0.32356	0.8502	2.21961	6.14984
0.1	-6.9	0.02408	0.11282	0.33636	0.87313	2.27928	6.34902
0.1	-6.85	0.02702	0.12036	0.3489	0.89575	2.34064	6.55768
0.1	-6.8	0.03031	0.12807	0.3611	0.91809	2.40396	6.77653
0.1	-6.75	0.034	0.13586	0.37288	0.9402	2.46955	7.00631
0.1	-6.7	0.03813	0.14366	0.38419	0.96217	2.53774	7.24775
0.1	-6.65	0.04274	0.15134	0.39497	0.9841	2.60886	7.50161
0.1	-6.6	0.04782	0.15877	0.40521	1.00612	2.68326	7.76864
0.1	-6.55	0.05331	0.16582	0.41491	1.02837	2.76132	8.0496
0.1	-6.5	0.05891	0.17236	0.42412	1.051	2.84341	8.34526
0.1	-6.45	0.06413	0.17836	0.43291	1.07419	2.9299	8.65637
0.1	-6.4	0.0688	0.18387	0.44135	1.09809	3.02118	8.98371
0.1	-6.35	0.07303	0.18895	0.44951	1.12286	3.11764	9.32803
0.1	-6.3	0.07691	0.19365	0.45747	1.14867	3.21968	9.6901
0.1	-6.25	0.08052	0.19801	0.46528	1.1757	3.32771	10.07066
0.1	-6.2	0.08388	0.20204	0.47301	1.20412	3.44214	10.47046
0.1	-6.15	0.087	0.20576	0.48073	1.23412	3.56339	10.89022
0.1	-6.1	0.08987	0.2092	0.48851	1.26587	3.69188	11.33067
0.1	-6.05	0.09251	0.21238	0.49642	1.29958	3.82806	11.7925
0.1	-6.	0.09492	0.21532	0.50454	1.33543	3.97235	12.27639
0.1	-5.95	0.09709	0.21806	0.51295	1.37364	4.12519	12.783
0.1	-5.9	0.09904	0.22062	0.52174	1.4144	4.28703	13.31294
0.1	-5.85	0.10077	0.22304	0.53099	1.45794	4.45832	13.86681
0.1	-5.8	0.10229	0.22535	0.54079	1.50446	4.6395	14.44516
0.1	-5.75	0.10361	0.22759	0.55122	1.55418	4.83104	15.0485
0.1	-5.7	0.10475	0.22981	0.56237	1.60734	5.03337	15.67728
0.1	-5.65	0.10572	0.23203	0.57435	1.66415	5.24696	16.33192
0.1	-5.6	0.10655	0.2343	0.58724	1.72486	5.47224	17.01276
0.1	-5.55	0.10725	0.23666	0.60113	1.78971	5.70967	17.72008
0.1	-5.5	0.10782	0.23914	0.61613	1.85895	5.95969	18.45407
0.1	-5.45	0.10831	0.24181	0.63233	1.93282	6.22272	19.21486
0.1	-5.4	0.10878	0.24468	0.64983	2.01159	6.49919	20.00248
0.1	-5.35	0.10923	0.24778	0.66873	2.09553	6.7895	20.81685
0.1	-5.3	0.10969	0.25116	0.68915	2.18491	7.09406	21.6578
0.1	-5.25	0.11013	0.25483	0.71121	2.28001	7.41322	22.52504
0.1	-5.2	0.11059	0.25884	0.73501	2.38112	7.74735	23.41816
0.1	-5.15	0.11108	0.26323	0.7607	2.48851	8.09675	24.33659
0.1	-5.1	0.11157	0.26803	0.7884	2.6025	8.46172	25.27965
0.1	-5.05	0.11209	0.2733	0.81825	2.72336	8.84251	26.2465
0.1	-5.	0.11264	0.27908	0.8504	2.85139	9.23933	27.23613
0.1	-4.95	0.11327	0.28541	0.88499	2.9869	9.65234	28.24736
0.1	-4.9	0.11401	0.29236	0.92219	3.13017	10.08166	29.27886
0.1	-4.85	0.11486	0.29996	0.96214	3.2815	10.52733	30.32907
0.1	-4.8	0.11582	0.30827	1.00503	3.44118	10.98933	31.39627
0.1	-4.75	0.11688	0.31734	1.05104	3.60947	11.4676	32.47854
0.1	-4.7	0.11805	0.32725	1.10034	3.78666	11.96195	33.57373
0.1	-4.65	0.11937	0.33807	1.15313	3.97299	12.47215	34.6795
0.1	-4.6	0.12083	0.34986	1.2096	4.16871	12.99787	35.79328
0.1	-4.55	0.12245	0.36273	1.26995	4.37404	13.53865	36.91229
0.1	-4.5	0.12426	0.37674	1.33439	4.58916	14.09397	38.03352
0.1	-4.45	0.12629	0.392	1.40312	4.81426	14.66318	39.15374
0.1	-4.4	0.12858	0.40859	1.47635	5.04948	15.24549	40.26952
0.1	-4.35	0.13114	0.42661	1.55428	5.29492	15.84002	41.37717
0.1	-4.3	0.13399	0.44618	1.63714	5.55065	16.44575	42.47282
0.1	-4.25	0.13717	0.4674	1.72513	5.8167	17.0615	43.55238
0.1	-4.2	0.14072	0.49038	1.81846	6.09303	17.68596	44.61155
0.1	-4.15	0.14466	0.51526	1.91733	6.37959	18.3177	45.64589
0.1	-4.1	0.14903	0.54216	2.02195	6.67623	18.95508	46.65072
0.1	-4.05	0.15389	0.57123	2.13249	6.98274	19.59636	47.62126
0.1	-4.	0.15928	0.60258	2.24915	7.29887	20.23962	48.55258
0.1	-3.95	0.16523	0.63638	2.37208	7.62426	20.88275	49.43962
0.1	-3.9	0.17183	0.67278	2.50144	7.95849	21.52354	50.27724
0.1	-3.85	0.17915	0.71192	2.63736	8.30105	22.15956	51.06026
0.1	-3.8	0.18722	0.75395	2.77994	8.65132	22.78826	51.78345
0.1	-3.75	0.19612	0.79905	2.92928	9.00861	23.40693	52.4416
0.1	-3.7	0.20592	0.84738	3.08542	9.3721	24.01271	53.02955
0.1	-3.65	0.2167	0.89909	3.2484	9.74089	24.60259	53.54219
0.1	-3.6	0.22857	0.95434	3.41819	10.11393	25.17345	53.97461
0.1	-3.55	0.24161	1.0133	3.59473	10.49009	25.72205	54.32201
0.1	-3.5	0.25586	1.07612	3.77793	10.86809	26.24503	54.57985
0.1	-3.45	0.27141	1.14298	3.96764	11.24655	26.73896	54.74386
0.1	-3.4	0.28835	1.21402	4.16363	11.62393	27.20036	54.81009
0.1	-3.35	0.30684	1.28941	4.36563	11.9986	27.62569	54.775
0.1	-3.3	0.32703	1.36929	4.57329	12.36879	28.0114	54.63542
0.1	-3.25	0.34902	1.45376	4.7862	12.7326	28.35397	54.38875
0.1	-3.2	0.37292	1.54293	5.00384	13.08802	28.64991	54.03285
0.1	-3.15	0.39885	1.63691	5.22563	13.43293	28.89581	53.56624
0.1	-3.1	0.42695	1.73575	5.45089	13.7651	29.08839	52.98804
0.1	-3.05	0.45741	1.83951	5.67885	14.0822	29.22453	52.29807
0.1	-3.	0.49032	1.94819	5.90863	14.38183	29.30128	51.49685
0.1	-2.95	0.52585	2.06177	6.13924	14.66151	29.31596	50.58567
0.1	-2.9	0.5642	2.18019	6.36958	14.91872	29.26616	49.56666
0.1	-2.85	0.60558	2.30332	6.59845	15.15091	29.14981	48.44267
0.1	-2.8	0.65012	2.43098	6.82453	15.35553	28.9652	47.21746
0.1	-2.75	0.69795	2.56293	7.04639	15.53006	28.71105	45.89553
0.1	-2.7	0.74926	2.69888	7.2625	15.67201	28.38652	44.48231
0.1	-2.65	0.80428	2.83841	7.47122	15.77901	27.99128	42.98392
0.1	-2.6	0.86318	2.98106	7.67081	15.84879	27.52553	41.40736
0.1	-2.55	0.9261	3.12622	7.85945	15.87923	26.99004	39.7603
0.1	-2.5	0.99312	3.27321	8.03527	15.86844	26.38615	38.05111
0.1	-2.45	1.06428	3.42123	8.19634	15.81474	25.71584	36.28884
0.1	-2.4	1.13959	3.5694	8.3407	15.71671	24.98168	34.483
0.1	-2.35	1.21904	3.71672	8.46637	15.57327	24.1869	32.64367
0.1	-2.3	1.30254	3.86208	8.5714	15.38368	23.33531	30.78117
0.1	-2.25	1.38994	4.00425	8.6539	15.14757	22.43139	28.9062
0.1	-2.2	1.48096	4.14191	8.71202	14.865	21.48014	27.02953
0.1	-2.15	1.5752	4.27368	8.74406	14.53647	20.48717	25.162
0.1	-2.1	1.67224	4.39808	8.74843	14.16296	19.45855	23.31428
0.1	-2.05	1.77159	4.51359	8.72373	13.74591	18.40084	21.49684
0.1	-2.	1.87263	4.61861	8.66877	13.28729	17.32098	19.71981
0.1	-1.95	1.97456	4.71152	8.58259	12.78955	16.22619	17.99273
0.1	-1.9	2.07664	4.79073	8.46455	12.25567	15.12397	16.32462
0.1	-1.85	2.17801	4.8546	8.31429	11.68909	14.02189	14.7236
0.1	-1.8	2.27756	4.90156	8.13182	11.09375	12.92761	13.19707
0.1	-1.75	2.37418	4.93011	7.91751	10.47401	11.84865	11.75133
0.1	-1.7	2.46668	4.93885	7.67217	9.83462	10.79238	10.39173
0.1	-1.65	2.5537	4.92651	7.39699	9.18069	9.76582	9.12238
0.1	-1.6	2.6339	4.89203	7.09365	8.51759	8.77563	7.94634
0.1	-1.55	2.70599	4.8345	6.76422	7.8509	7.82786	6.86536
0.1	-1.5	2.76841	4.75326	6.41128	7.18631	6.92797	5.88002
0.1	-1.45	2.81961	4.64798	6.0378	6.52955	6.08068	4.98974
0.1	-1.4	2.85805	4.51863	5.6472	5.88623	5.28984	4.19275
0.1	-1.35	2.88206	4.36559	5.24326	5.26182	4.55848	3.48625
0.1	-1.3	2.89018	4.18968	4.83009	4.66144	3.88863	2.86642
0.1	-1.25	2.88141	3.99211	4.41205	4.08983	3.2814	2.32864
0.1	-1.2	2.85469	3.77451	3.99369	3.55121	2.73688	1.86747
0.1	-1.15	2.809	3.53895	3.57968	3.04918	2.25423	1.47699
0.1	-1.1	2.74332	3.288	3.1747	2.58662	1.8317	1.15077
0.1	-1.05	2.65699	3.02478	2.78329	2.16564	1.46668	0.88218
0.1	-1.	2.55031	2.75284	2.40974	1.78752	1.15583	0.66448
0.1	-0.95	2.42426	2.47602	2.05796	1.45267	0.89518	0.491
0.1	-0.9	2.27974	2.19839	1.73138	1.16064	0.68028	0.3553
0.1	-0.85	2.1183	1.92421	1.43281	0.91016	0.5063	0.25125
0.1	-0.8	1.94215	1.65784	1.16434	0.69918	0.36825	0.17323
0.1	-0.75	1.75411	1.40356	0.92727	0.52497	0.26111	0.11613
0.1	-0.7	1.55811	1.16536	0.72203	0.38426	0.17997	0.07546
0.1	-0.65	1.35897	0.94663	0.54816	0.27334	0.12016	0.04734
0.1	-0.6	1.16095	0.75005	0.40441	0.18828	0.0774	0.02855
0.1	-0.55	0.96832	0.5776	0.2888	0.12502	0.04787	0.01646
0.1	-0.5	0.78536	0.43041	0.19869	0.07962	0.02825	0.00901
0.1	-0.45	0.61609	0.30878	0.13095	0.0483	0.01579	0.00464
0.1	-0.4	0.46479	0.21201	0.08208	0.02768	0.00827	0.00222
0.1	-0.35	0.33543	0.13824	0.04847	0.01481	0.00401	0.00097
0.1	-0.3	0.22968	0.08468	0.02662	0.00729	0.00176	0.00038
0.1	-0.25	0.14725	0.048	0.01335	0.00322	0.00068	0.00013
0.1	-0.2	0.08675	0.02469	0.00595	0.00123	0.00022	0.00004
0.1	-0.15	0.04617	0.01116	0.00223	0.00038	0.00006	0.00000
0.1	-0.1	0.02153	0.00413	0.00063	0.00008	0.00000	0.00000
0.1	-0.05	0.00809	0.00097	0.00009	0.00000	0.00000	0.00000
0.1	0.00	0.00033	0.00000	0.00000	0.00000	0.00000	0.00000
0.07	-8.9	0.0003	0.00411	0.02896	0.14164	0.54678	1.8033
0.07	-8.85	0.00034	0.00454	0.03144	0.15155	0.57767	1.88581
0.07	-8.8	0.00038	0.005	0.03412	0.16204	0.60983	1.97068
0.07	-8.75	0.00043	0.00551	0.037	0.17313	0.64328	2.05787
0.07	-8.7	0.00048	0.00608	0.0401	0.18485	0.67803	2.14735
0.07	-8.65	0.00054	0.00669	0.04343	0.19721	0.71407	2.23907
0.07	-8.6	0.0006	0.00737	0.04702	0.21022	0.7514	2.33301
0.07	-8.55	0.00068	0.00812	0.05087	0.22393	0.79002	2.4291
0.07	-8.5	0.00076	0.00893	0.055	0.23832	0.82991	2.5273
0.07	-8.45	0.00085	0.00983	0.05942	0.25343	0.87106	2.62756
0.07	-8.4	0.00095	0.01081	0.06415	0.26927	0.91344	2.72982
0.07	-8.35	0.00107	0.01188	0.06921	0.28584	0.95704	2.83402
0.07	-8.3	0.0012	0.01305	0.07462	0.30315	1.0018	2.9401
0.07	-8.25	0.00135	0.01433	0.08038	0.32121	1.04769	3.04802
0.07	-8.2	0.00151	0.01573	0.08652	0.34001	1.09467	3.15773
0.07	-8.15	0.0017	0.01726	0.09306	0.35957	1.14269	3.26918
0.07	-8.1	0.0019	0.01893	0.1	0.37986	1.19169	3.38233
0.07	-8.05	0.00214	0.02075	0.10736	0.40087	1.2416	3.49716
0.07	-8.	0.0024	0.02273	0.11516	0.4226	1.29237	3.61366
0.07	-7.95	0.00269	0.02488	0.1234	0.44502	1.34393	3.73183
0.07	-7.9	0.00302	0.02722	0.1321	0.4681	1.39621	3.85169
0.07	-7.85	0.00339	0.02976	0.14127	0.49181	1.44912	3.97326
0.07	-7.8	0.0038	0.03252	0.15091	0.51612	1.50261	4.09662
0.07	-7.75	0.00426	0.03551	0.16102	0.54097	1.55661	4.22185
0.07	-7.7	0.00478	0.03874	0.17161	0.56632	1.61103	4.34905
0.07	-7.65	0.00537	0.04223	0.18267	0.59212	1.66582	4.47838
0.07	-7.6	0.00602	0.04599	0.19419	0.61829	1.72093	4.61
0.07	-7.55	0.00676	0.05005	0.20617	0.64479	1.7763	4.74413
0.07	-7.5	0.00758	0.05441	0.21857	0.67153	1.83189	4.88102
0.07	-7.45	0.00851	0.05909	0.23139	0.69844	1.88769	5.02093
0.07	-7.4	0.00955	0.0641	0.24458	0.72545	1.94367	5.16421
0.07	-7.35	0.01071	0.06946	0.25812	0.75248	1.99985	5.3112
0.07	-7.3	0.01202	0.07517	0.27196	0.77945	2.05626	5.46231
0.07	-7.25	0.01348	0.08123	0.28605	0.80629	2.11295	5.618
0.07	-7.2	0.01513	0.08766	0.30033	0.83293	2.16998	5.77872
0.07	-7.15	0.01698	0.09445	0.31473	0.85929	2.22746	5.94502
0.07	-7.1	0.01905	0.10159	0.32918	0.88533	2.28552	6.11744
0.07	-7.05	0.02137	0.10906	0.34362	0.91099	2.34432	6.29657
0.07	-7.	0.02398	0.11685	0.35794	0.93626	2.40403	6.48303
0.07	-6.95	0.0269	0.12491	0.37207	0.96112	2.46487	6.67747
0.07	-6.9	0.03018	0.1332	0.38592	0.98556	2.52707	6.88055
0.07	-6.85	0.03386	0.14166	0.3994	1.00963	2.59091	7.09298
0.07	-6.8	0.03798	0.15019	0.41245	1.03338	2.65667	7.31546
0.07	-6.75	0.04258	0.15871	0.42498	1.05687	2.72465	7.54872
0.07	-6.7	0.04768	0.16709	0.43698	1.08021	2.79518	7.79348
0.07	-6.65	0.05327	0.17517	0.4484	1.10351	2.86859	8.05048
0.07	-6.6	0.05918	0.18284	0.45928	1.12692	2.94523	8.32049
0.07	-6.55	0.06498	0.18999	0.46966	1.15056	3.02546	8.60425
0.07	-6.5	0.0703	0.19663	0.47961	1.17459	3.10963	8.90253
0.07	-6.45	0.0751	0.20284	0.48919	1.19915	3.19812	9.21608
0.07	-6.4	0.07955	0.20868	0.49846	1.2244	3.29131	9.54567
0.07	-6.35	0.08374	0.21415	0.50746	1.25047	3.38959	9.89207
0.07	-6.3	0.0877	0.2193	0.51625	1.27755	3.49335	10.25602
0.07	-6.25	0.09144	0.22412	0.52489	1.30578	3.60301	10.63828
0.07	-6.2	0.09496	0.22864	0.53343	1.33535	3.71898	11.0396
0.07	-6.15	0.09826	0.23287	0.54194	1.36644	3.84168	11.4607
0.07	-6.1	0.10136	0.23683	0.55047	1.39924	3.97154	11.90231
0.07	-6.05	0.10426	0.24053	0.55911	1.43393	4.10899	12.36511
0.07	-6.	0.10697	0.24399	0.56791	1.47072	4.25448	12.84978
0.07	-5.95	0.10947	0.24724	0.57697	1.50981	4.40845	13.35698
0.07	-5.9	0.11178	0.25028	0.58635	1.55141	4.57134	13.88732
0.07	-5.85	0.1139	0.25315	0.59615	1.59574	4.7436	14.44138
0.07	-5.8	0.11581	0.25587	0.60646	1.64303	4.92569	15.01972
0.07	-5.75	0.11749	0.25848	0.61737	1.69348	5.11806	15.62283
0.07	-5.7	0.11895	0.26102	0.62899	1.74735	5.32114	16.25116
0.07	-5.65	0.1202	0.26354	0.6414	1.80485	5.5354	16.90512
0.07	-5.6	0.12127	0.26607	0.6547	1.86623	5.76127	17.58504
0.07	-5.55	0.12218	0.26867	0.669	1.93172	5.9992	18.29118
0.07	-5.5	0.12295	0.27138	0.6844	2.00158	6.24962	19.02375
0.07	-5.45	0.1236	0.27424	0.70099	2.07606	6.51295	19.78286
0.07	-5.4	0.12419	0.2773	0.71889	2.15542	6.78962	20.56852
0.07	-5.35	0.12474	0.2806	0.73819	2.23991	7.08001	21.38066
0.07	-5.3	0.12527	0.28416	0.75902	2.32982	7.38452	22.21911
0.07	-5.25	0.12581	0.28803	0.78147	2.42541	7.7035	23.08357
0.07	-5.2	0.12636	0.29224	0.80568	2.52696	8.03731	23.97361
0.07	-5.15	0.12691	0.29682	0.83177	2.63477	8.38625	24.8887
0.07	-5.1	0.12747	0.30183	0.85988	2.7491	8.75061	25.82813
0.07	-5.05	0.12806	0.30731	0.89014	2.87027	9.13064	26.79108
0.07	-5.	0.1287	0.31331	0.92268	2.99854	9.52653	27.77653
0.07	-4.95	0.12941	0.31987	0.95767	3.13422	9.93844	28.78333
0.07	-4.9	0.13021	0.32705	0.99525	3.27759	10.3665	29.81014
0.07	-4.85	0.13111	0.3349	1.03558	3.42893	10.81073	30.85541
0.07	-4.8	0.13212	0.34348	1.07883	3.58853	11.27114	31.91745
0.07	-4.75	0.13325	0.35285	1.12516	3.75666	11.74764	32.99433
0.07	-4.7	0.13454	0.36306	1.17476	3.93358	12.24007	34.08392
0.07	-4.65	0.13599	0.37418	1.22781	4.11955	12.74818	35.18391
0.07	-4.6	0.1376	0.38629	1.28449	4.31479	13.27165	36.29172
0.07	-4.55	0.13943	0.39946	1.34501	4.51954	13.81005	37.40461
0.07	-4.5	0.14148	0.41376	1.40956	4.73399	14.36284	38.51957
0.07	-4.45	0.14373	0.42928	1.47834	4.9583	14.92939	39.6334
0.07	-4.4	0.1462	0.44612	1.55157	5.19263	15.50893	40.74266
0.07	-4.35	0.14893	0.46438	1.62945	5.43708	16.10057	41.84369
0.07	-4.3	0.15195	0.48417	1.71218	5.69172	16.70331	42.93263
0.07	-4.25	0.15531	0.5056	1.79998	5.95658	17.31599	44.00541
0.07	-4.2	0.15904	0.52877	1.89305	6.23164	17.93731	45.05774
0.07	-4.15	0.16319	0.55382	1.99158	6.51683	18.56584	46.08516
0.07	-4.1	0.16782	0.58085	2.09578	6.81204	19.19998	47.08305
0.07	-4.05	0.17296	0.60999	2.20583	7.11705	19.83796	48.04658
0.07	-4.	0.17863	0.64136	2.32191	7.43163	20.4779	48.97086
0.07	-3.95	0.1848	0.67512	2.44421	7.75543	21.11769	49.85081
0.07	-3.9	0.19162	0.71141	2.57287	8.08803	21.75512	50.68131
0.07	-3.85	0.19913	0.75039	2.70804	8.42894	22.38779	51.45715
0.07	-3.8	0.20737	0.7922	2.84983	8.77756	23.01312	52.17311
0.07	-3.75	0.21637	0.83701	2.99834	9.13319	23.62842	52.82398
0.07	-3.7	0.22621	0.88499	3.15363	9.49503	24.23083	53.40458
0.07	-3.65	0.23699	0.9363	3.31573	9.86217	24.81733	53.90982
0.07	-3.6	0.24877	0.99113	3.48465	10.23358	25.38481	54.33475
0.07	-3.55	0.26164	1.04964	3.66032	10.60811	25.93	54.67458
0.07	-3.5	0.27569	1.112	3.84266	10.98451	26.44956	54.92478
0.07	-3.45	0.29107	1.17838	4.0315	11.36138	26.94005	55.08105
0.07	-3.4	0.30787	1.24894	4.22665	11.73719	27.39796	55.13944
0.07	-3.35	0.32617	1.32382	4.42783	12.1103	27.81978	55.09641
0.07	-3.3	0.3461	1.40317	4.63469	12.47894	28.20192	54.9488
0.07	-3.25	0.3678	1.48713	4.84682	12.8412	28.54087	54.69399
0.07	-3.2	0.3914	1.5758	5.06372	13.19508	28.83312	54.32986
0.07	-3.15	0.41697	1.66928	5.28481	13.53843	29.07527	53.85493
0.07	-3.1	0.44463	1.76768	5.5094	13.86902	29.26403	53.26832
0.07	-3.05	0.47463	1.87104	5.73671	14.18451	29.39626	52.56986
0.07	-3.	0.50719	1.97938	5.96584	14.4825	29.46903	51.76008
0.07	-2.95	0.54244	2.09266	6.1958	14.76048	29.47965	50.84029
0.07	-2.9	0.58053	2.21081	6.4255	15.01596	29.42572	49.81261
0.07	-2.85	0.62168	2.33369	6.6537	15.24636	29.30516	48.67992
0.07	-2.8	0.66605	2.46113	6.8791	15.44914	29.11629	47.44598
0.07	-2.75	0.71377	2.59286	7.10024	15.62177	28.85779	46.11533
0.07	-2.7	0.76504	2.72858	7.3156	15.76178	28.52887	44.69338
0.07	-2.65	0.82004	2.86787	7.52353	15.86678	28.12918	43.18628
0.07	-2.6	0.87894	3.01024	7.7223	15.93451	27.65894	41.60105
0.07	-2.55	0.94187	3.15509	7.9101	15.96287	27.11891	39.94537
0.07	-2.5	1.00881	3.30174	8.08505	15.94994	26.51045	38.22762
0.07	-2.45	1.07981	3.44941	8.24523	15.89406	25.83554	36.45689
0.07	-2.4	1.15494	3.59723	8.38867	15.79381	25.09675	34.64267
0.07	-2.35	1.2342	3.74419	8.51341	15.64811	24.29733	32.79508
0.07	-2.3	1.31753	3.8892	8.61748	15.4562	23.4411	30.92445
0.07	-2.25	1.40478	4.03102	8.69898	15.21774	22.53253	29.0415
0.07	-2.2	1.49564	4.16832	8.75607	14.93278	21.57666	27.15702
0.07	-2.15	1.58976	4.29972	8.78704	14.60183	20.57909	25.28185
0.07	-2.1	1.68674	4.42374	8.7903	14.22586	19.54592	23.42668
0.07	-2.05	1.78599	4.53883	8.76446	13.80633	18.48369	21.602
0.07	-2.	1.88687	4.6434	8.70832	13.34521	17.39938	19.81795
0.07	-1.95	1.98868	4.73587	8.62093	12.84496	16.30022	18.08408
0.07	-1.9	2.09062	4.81459	8.50165	12.30857	15.1937	16.40941
0.07	-1.85	2.19179	4.87796	8.35011	11.73947	14.08742	14.80208
0.07	-1.8	2.29116	4.92441	8.16633	11.14163	12.98904	13.26949
0.07	-1.75	2.38764	4.95243	7.95068	10.5194	11.90609	11.81794
0.07	-1.7	2.48001	4.9606	7.70397	9.87756	10.84595	10.45278
0.07	-1.65	2.56692	4.94766	7.4274	9.22121	9.81565	9.17815
0.07	-1.6	2.64699	4.91252	7.12265	8.55575	8.82185	7.99707
0.07	-1.55	2.71889	4.8543	6.79181	7.88675	7.87061	6.91131
0.07	-1.5	2.78119	4.77233	6.43744	7.21991	6.96738	5.92145
0.07	-1.45	2.83223	4.66625	6.06257	6.56098	6.11688	5.0269
0.07	-1.4	2.87034	4.53606	5.67059	5.91557	5.32298	4.22589
0.07	-1.35	2.89396	4.38218	5.26532	5.28914	4.58868	3.51563
0.07	-1.3	2.90183	4.2054	4.85086	4.68682	3.91602	2.89228
0.07	-1.25	2.89273	4.00692	4.43159	4.11335	3.3061	2.35122
0.07	-1.2	2.86532	3.78841	4.01209	3.57292	2.75902	1.88702
0.07	-1.15	2.81866	3.55204	3.597	3.06915	2.27394	1.49376
0.07	-1.1	2.75204	3.30042	3.19099	2.60488	1.84909	1.165
0.07	-1.05	2.66509	3.03665	2.79858	2.18224	1.48188	0.89411
0.07	-1.	2.55806	2.76422	2.42404	1.80251	1.169	0.67437
0.07	-0.95	2.43177	2.48691	2.07127	1.46608	0.90645	0.49907
0.07	-0.9	2.28708	2.20877	1.74369	1.17253	0.68979	0.36177
0.07	-0.85	2.12536	1.93409	1.44413	0.92058	0.51422	0.25636
0.07	-0.8	1.94889	1.66723	1.17467	0.7082	0.37473	0.17718
0.07	-0.75	1.76058	1.41247	0.93661	0.53267	0.26631	0.11911
0.07	-0.7	1.56438	1.17379	0.73037	0.39071	0.18405	0.07765
0.07	-0.65	1.3652	0.95456	0.5555	0.27864	0.12329	0.04891
0.07	-0.6	1.16711	0.75742	0.41076	0.19252	0.07973	0.02963
0.07	-0.55	0.97436	0.58437	0.29418	0.12834	0.04954	0.01717
0.07	-0.5	0.7913	0.43654	0.20313	0.08211	0.0294	0.00946
0.07	-0.45	0.62191	0.31421	0.1345	0.05011	0.01654	0.00491
0.07	-0.4	0.47044	0.21669	0.08482	0.02892	0.00874	0.00237
0.07	-0.35	0.34082	0.14213	0.05048	0.01562	0.00428	0.00105
0.07	-0.3	0.23461	0.08778	0.028	0.00777	0.0019	0.00042
0.07	-0.25	0.15161	0.05032	0.01422	0.00348	0.00075	0.00014
0.07	-0.2	0.09045	0.02629	0.00644	0.00135	0.00025	0.00004
0.07	-0.15	0.0491	0.01213	0.00246	0.00042	0.00006	0.00000
0.07	-0.1	0.02353	0.00459	0.00071	0.00009	0.00000	0.00000
0.07	-0.05	0.00914	0.00111	0.0001	0.00000	0.00000	0.00000
0.07	0.00	0.00038	0.00000	0.00000	0.00000	0.00000	0.00000
0.05	-8.9	0.00037	0.00491	0.034	0.16363	0.62265	2.02603
0.05	-8.85	0.00041	0.00542	0.03688	0.17494	0.65726	2.1167
0.05	-8.8	0.00046	0.00597	0.04	0.1869	0.69324	2.20979
0.05	-8.75	0.00052	0.00658	0.04334	0.19953	0.7306	2.30526
0.05	-8.7	0.00058	0.00725	0.04695	0.21286	0.76935	2.40307
0.05	-8.65	0.00065	0.00799	0.05082	0.22689	0.80947	2.50314
0.05	-8.6	0.00073	0.00879	0.05497	0.24166	0.85097	2.60543
0.05	-8.55	0.00082	0.00967	0.05943	0.25718	0.89383	2.70987
0.05	-8.5	0.00092	0.01064	0.0642	0.27346	0.93802	2.81638
0.05	-8.45	0.00104	0.0117	0.06931	0.29053	0.98353	2.92491
0.05	-8.4	0.00116	0.01286	0.07478	0.30838	1.03032	3.03537
0.05	-8.35	0.00131	0.01413	0.08061	0.32704	1.07834	3.14768
0.05	-8.3	0.00147	0.01551	0.08683	0.34649	1.12756	3.26179
0.05	-8.25	0.00164	0.01703	0.09345	0.36675	1.17793	3.37761
0.05	-8.2	0.00184	0.01868	0.1005	0.38781	1.22938	3.49508
0.05	-8.15	0.00207	0.02049	0.10799	0.40966	1.28186	3.61414
0.05	-8.1	0.00232	0.02245	0.11593	0.43229	1.33529	3.73475
0.05	-8.05	0.00261	0.02459	0.12433	0.45569	1.3896	3.85686
0.05	-8.	0.00292	0.02692	0.13322	0.47982	1.44471	3.98046
0.05	-7.95	0.00328	0.02945	0.1426	0.50467	1.50055	4.10553
0.05	-7.9	0.00368	0.03219	0.15248	0.53019	1.55704	4.23208
0.05	-7.85	0.00413	0.03517	0.16287	0.55634	1.61408	4.36015
0.05	-7.8	0.00463	0.03839	0.17376	0.58308	1.67159	4.48979
0.05	-7.75	0.0052	0.04188	0.18517	0.61036	1.72951	4.62109
0.05	-7.7	0.00583	0.04565	0.19708	0.6381	1.78774	4.75416
0.05	-7.65	0.00654	0.04971	0.20949	0.66626	1.84622	4.88914
0.05	-7.6	0.00734	0.05409	0.22239	0.69475	1.90489	5.02622
0.05	-7.55	0.00824	0.05879	0.23575	0.7235	1.96369	5.16562
0.05	-7.5	0.00924	0.06384	0.24954	0.75244	2.02259	5.30757
0.05	-7.45	0.01037	0.06924	0.26375	0.78147	2.08157	5.45238
0.05	-7.4	0.01164	0.075	0.27832	0.81052	2.14061	5.60038
0.05	-7.35	0.01306	0.08115	0.29321	0.8395	2.19972	5.75194
0.05	-7.3	0.01465	0.08768	0.30838	0.86834	2.25896	5.90747
0.05	-7.25	0.01644	0.09459	0.32374	0.89694	2.31837	6.06742
0.05	-7.2	0.01844	0.10189	0.33925	0.92525	2.37803	6.23228
0.05	-7.15	0.02069	0.10955	0.35481	0.9532	2.43807	6.40258
0.05	-7.1	0.02322	0.11757	0.37036	0.98074	2.49861	6.57886
0.05	-7.05	0.02605	0.12592	0.38579	1.00783	2.55983	6.76173
0.05	-7.	0.02923	0.13456	0.40103	1.03446	2.62192	6.95179
0.05	-6.95	0.03279	0.14343	0.41598	1.06063	2.6851	7.14969
0.05	-6.9	0.03678	0.15246	0.43056	1.08636	2.74962	7.3561
0.05	-6.85	0.04124	0.16156	0.4447	1.1117	2.81573	7.57168
0.05	-6.8	0.04622	0.17062	0.45832	1.13672	2.88373	7.79715
0.05	-6.75	0.05172	0.17951	0.4714	1.1615	2.95392	8.0332
0.05	-6.7	0.05765	0.18809	0.48393	1.18616	3.0266	8.28057
0.05	-6.65	0.06374	0.19623	0.49592	1.2108	3.1021	8.53999
0.05	-6.6	0.06958	0.20389	0.50743	1.23557	3.18075	8.8122
0.05	-6.55	0.07494	0.2111	0.51852	1.26058	3.2629	9.09794
0.05	-6.5	0.07985	0.21792	0.52923	1.28596	3.34889	9.39797
0.05	-6.45	0.08445	0.22441	0.53961	1.31184	3.4391	9.71306
0.05	-6.4	0.08881	0.23059	0.5497	1.33837	3.5339	10.04397
0.05	-6.35	0.09298	0.23648	0.55953	1.36568	3.63367	10.39146
0.05	-6.3	0.09699	0.24207	0.56915	1.39394	3.7388	10.75629
0.05	-6.25	0.10087	0.24738	0.5786	1.42331	3.84972	11.13921
0.05	-6.2	0.10463	0.2524	0.58794	1.45395	3.96683	11.54098
0.05	-6.15	0.10822	0.25713	0.59721	1.48605	4.09055	11.96231
0.05	-6.1	0.1116	0.26157	0.60648	1.5198	4.22131	12.40394
0.05	-6.05	0.11478	0.26574	0.61583	1.55537	4.35955	12.86655
0.05	-6.	0.11776	0.26967	0.62532	1.59298	4.50572	13.35084
0.05	-5.95	0.12052	0.27337	0.63502	1.63283	4.66025	13.85745
0.05	-5.9	0.12307	0.27686	0.64503	1.67513	4.82359	14.387
0.05	-5.85	0.12543	0.28018	0.65542	1.72009	4.9962	14.94008
0.05	-5.8	0.12761	0.28334	0.66628	1.76794	5.17853	15.51724
0.05	-5.75	0.12957	0.28638	0.6777	1.8189	5.37102	16.11898
0.05	-5.7	0.13132	0.28933	0.68978	1.87321	5.57415	16.74576
0.05	-5.65	0.13288	0.29222	0.70262	1.9311	5.78834	17.39798
0.05	-5.6	0.13425	0.29511	0.71631	1.99282	6.01405	18.07597
0.05	-5.55	0.13546	0.29804	0.73097	2.0586	6.25172	18.78
0.05	-5.5	0.13652	0.30104	0.74668	2.1287	6.50178	19.51027
0.05	-5.45	0.13745	0.30416	0.76357	2.20337	6.76466	20.26689
0.05	-5.4	0.13827	0.30745	0.78173	2.28287	7.04077	21.04989
0.05	-5.35	0.13899	0.31094	0.80128	2.36746	7.33051	21.85919
0.05	-5.3	0.13964	0.3147	0.82233	2.45742	7.63428	22.69463
0.05	-5.25	0.14029	0.31876	0.845	2.55302	7.95242	23.55589
0.05	-5.2	0.14096	0.32314	0.8694	2.65453	8.28528	24.44257
0.05	-5.15	0.14165	0.3279	0.89566	2.76224	8.63318	25.35413
0.05	-5.1	0.14234	0.33307	0.92392	2.87643	8.99639	26.28987
0.05	-5.05	0.14303	0.3387	0.9543	2.9974	9.37518	27.24896
0.05	-5.	0.14374	0.34484	0.98696	3.12542	9.76973	28.23041
0.05	-4.95	0.14453	0.35156	1.02203	3.2608	10.18021	29.23305
0.05	-4.9	0.14544	0.35888	1.05967	3.4038	10.60673	30.25555
0.05	-4.85	0.14645	0.36687	1.10004	3.55473	11.04934	31.29639
0.05	-4.8	0.14756	0.37557	1.14329	3.71386	11.50804	32.35385
0.05	-4.75	0.14881	0.38505	1.1896	3.88146	11.98274	33.42602
0.05	-4.7	0.15021	0.39536	1.23915	4.0578	12.47328	34.51079
0.05	-4.65	0.15175	0.40657	1.29212	4.24312	12.97943	35.60583
0.05	-4.6	0.15344	0.41875	1.34869	4.43768	13.50086	36.70859
0.05	-4.55	0.15532	0.43198	1.40907	4.64168	14.03715	37.81631
0.05	-4.5	0.15742	0.44635	1.47344	4.85532	14.58776	38.926
0.05	-4.45	0.15974	0.46193	1.54202	5.07878	15.15206	40.03445
0.05	-4.4	0.1623	0.47881	1.615	5.31221	15.72929	41.13824
0.05	-4.35	0.16513	0.4971	1.69259	5.55571	16.31858	42.23371
0.05	-4.3	0.16826	0.51689	1.775	5.80936	16.91891	43.31699
0.05	-4.25	0.17174	0.53829	1.86243	6.07319	17.52913	44.38401
0.05	-4.2	0.17558	0.56141	1.95509	6.3472	18.14795	45.43049
0.05	-4.15	0.17982	0.58637	2.0532	6.63131	18.77393	46.45198
0.05	-4.1	0.18453	0.61328	2.15693	6.92541	19.40548	47.44382
0.05	-4.05	0.18972	0.64227	2.2665	7.2293	20.04084	48.40122
0.05	-4.	0.19539	0.67347	2.38208	7.54273	20.6781	49.31926
0.05	-3.95	0.20161	0.70703	2.50386	7.86538	21.31518	50.19288
0.05	-3.9	0.20841	0.74309	2.632	8.19681	21.94985	51.01694
0.05	-3.85	0.21584	0.78182	2.76663	8.53654	22.5797	51.78624
0.05	-3.8	0.22397	0.82338	2.90788	8.88396	23.20217	52.49557
0.05	-3.75	0.2329	0.86792	3.05585	9.23839	23.81455	53.13969
0.05	-3.7	0.24265	0.91562	3.2106	9.599	24.41398	53.71345
0.05	-3.65	0.25328	0.96666	3.37216	9.9649	24.99745	54.21175
0.05	-3.6	0.26494	1.02121	3.54054	10.33506	25.56181	54.62965
0.05	-3.55	0.27769	1.07943	3.71568	10.70832	26.10383	54.96237
0.05	-3.5	0.2916	1.1415	3.89749	11.08341	26.62015	55.20536
0.05	-3.45	0.30677	1.2076	4.08582	11.45894	27.10733	55.35435
0.05	-3.4	0.32334	1.27789	4.28045	11.83337	27.56186	55.40539
0.05	-3.35	0.34143	1.35253	4.48111	12.20507	27.98021	55.35496
0.05	-3.3	0.36114	1.43167	4.68746	12.57225	28.35883	55.19989
0.05	-3.25	0.38263	1.51543	4.89906	12.93301	28.69418	54.9376
0.05	-3.2	0.40605	1.60394	5.1154	13.28532	28.98278	54.56596
0.05	-3.15	0.43154	1.69727	5.33591	13.62707	29.22121	54.08351
0.05	-3.1	0.45926	1.7955	5.55988	13.95599	29.40619	53.48937
0.05	-3.05	0.48932	1.89866	5.78654	14.26978	29.53461	52.7834
0.05	-3.	0.52183	2.00677	6.015	14.56601	29.60352	51.96614
0.05	-2.95	0.55698	2.1198	6.24426	14.84219	29.61025	51.0389
0.05	-2.9	0.59494	2.2377	6.47324	15.09582	29.5524	50.00382
0.05	-2.85	0.63596	2.36035	6.70069	15.32433	29.4279	48.8638
0.05	-2.8	0.68023	2.48754	6.9253	15.52518	29.23507	47.6226
0.05	-2.75	0.72788	2.61903	7.14563	15.69583	28.97262	46.28476
0.05	-2.7	0.77909	2.75448	7.36013	15.83383	28.63975	44.85573
0.05	-2.65	0.83403	2.89349	7.56717	15.93679	28.23613	43.34165
0.05	-2.6	0.89285	3.03556	7.76501	16.00245	27.76198	41.74956
0.05	-2.55	0.95568	3.1801	7.95184	16.02873	27.21807	40.08712
0.05	-2.5	1.02262	3.32641	8.12578	16.0137	26.60576	38.36276
0.05	-2.45	1.09364	3.4737	8.28491	15.95572	25.92706	36.58552
0.05	-2.4	1.16875	3.62108	8.42728	15.85336	25.18454	34.76495
0.05	-2.35	1.24794	3.76758	8.55092	15.70557	24.38144	32.91112
0.05	-2.3	1.33112	3.91208	8.65388	15.51159	23.52159	31.03441
0.05	-2.25	1.41812	4.05338	8.73426	15.27107	22.60947	29.1455
0.05	-2.2	1.50876	4.19017	8.79022	14.98408	21.65012	27.2552
0.05	-2.15	1.60273	4.32103	8.82005	14.65113	20.64914	25.37435
0.05	-2.1	1.69954	4.44448	8.82218	14.2732	19.61262	23.51364
0.05	-2.05	1.79856	4.55898	8.7952	13.85174	18.54712	21.68356
0.05	-2.	1.89919	4.66295	8.73793	13.38874	17.45961	19.89424
0.05	-1.95	2.00078	4.7548	8.64942	12.88666	16.3573	18.15524
0.05	-1.9	2.10258	4.83289	8.52903	12.34848	15.24771	16.47557
0.05	-1.85	2.20363	4.89557	8.37642	11.77766	14.13841	14.86338
0.05	-1.8	2.30274	4.94129	8.1916	11.17813	13.03707	13.32608
0.05	-1.75	2.3988	4.96856	7.97498	10.55426	11.95119	11.86996
0.05	-1.7	2.49064	4.97602	7.72735	9.91081	10.88818	10.5004
0.05	-1.65	2.57694	4.96241	7.44992	9.25287	9.85505	9.22151
0.05	-1.6	2.65639	4.92668	7.14436	8.58583	8.85845	8.03636
0.05	-1.55	2.72772	4.86794	6.81275	7.91525	7.90447	6.94671
0.05	-1.5	2.78941	4.78553	6.45765	7.24684	6.99854	5.95315
0.05	-1.45	2.83995	4.6791	6.08203	6.58631	6.14541	5.05511
0.05	-1.4	2.87775	4.54863	5.68931	5.93929	5.34894	4.25081
0.05	-1.35	2.90117	4.39448	5.28327	5.31125	4.61216	3.53749
0.05	-1.3	2.90882	4.21745	4.868	4.70731	3.93711	2.9113
0.05	-1.25	2.89955	4.01876	4.44789	4.13222	3.32492	2.36764
0.05	-1.2	2.87221	3.80002	4.02749	3.59019	2.77567	1.90106
0.05	-1.15	2.82581	3.56335	3.61147	3.08484	2.28856	1.50564
0.05	-1.1	2.75944	3.31132	3.2045	2.61904	1.86181	1.17496
0.05	-1.05	2.67247	3.04706	2.81111	2.19492	1.49284	0.90236
0.05	-1.	2.56518	2.77411	2.4356	1.81376	1.17834	0.6811
0.05	-0.95	2.43853	2.4963	2.08186	1.47597	0.91431	0.5045
0.05	-0.9	2.29352	2.21769	1.75333	1.18113	0.69633	0.36608
0.05	-0.85	2.13173	1.94253	1.4528	0.92798	0.51958	0.25972
0.05	-0.8	1.9553	1.67513	1.18238	0.71447	0.37905	0.17975
0.05	-0.75	1.76696	1.41976	0.94339	0.53791	0.26973	0.12104
0.05	-0.7	1.5706	1.18042	0.73626	0.39502	0.18671	0.07905
0.05	-0.65	1.37096	0.96051	0.56055	0.28213	0.1253	0.0499
0.05	-0.6	1.17232	0.76275	0.41504	0.19528	0.08121	0.03031
0.05	-0.55	0.97913	0.58911	0.29774	0.13046	0.05059	0.01762
0.05	-0.5	0.79573	0.44073	0.20602	0.08369	0.03012	0.00974
0.05	-0.45	0.62615	0.31785	0.13678	0.05124	0.01701	0.00507
0.05	-0.4	0.47449	0.21974	0.08654	0.0297	0.00903	0.00246
0.05	-0.35	0.34449	0.1446	0.05172	0.01612	0.00444	0.0011
0.05	-0.3	0.23784	0.0897	0.02885	0.00807	0.00199	0.00044
0.05	-0.25	0.15434	0.05174	0.01476	0.00364	0.00079	0.00015
0.05	-0.2	0.09266	0.02726	0.00675	0.00142	0.00026	0.00004
0.05	-0.15	0.05081	0.01273	0.00261	0.00045	0.00007	0.00000
0.05	-0.1	0.02479	0.0049	0.00076	0.0001	0.00001	0.00000
0.05	-0.05	0.00983	0.0012	0.00011	0.00000	0.00000	0.00000
0.05	0.00	0.00041	0.00000	0.00000	0.00000	0.00000	0.00000
0.03	-8.9	0.00049	0.00637	0.04279	0.20071	0.74672	2.38075
0.03	-8.85	0.00055	0.00702	0.04638	0.21432	0.78711	2.48363
0.03	-8.8	0.00062	0.00773	0.05024	0.22867	0.82901	2.58899
0.03	-8.75	0.0007	0.00852	0.05439	0.2438	0.87242	2.69675
0.03	-8.7	0.00078	0.00938	0.05884	0.25973	0.91733	2.80685
0.03	-8.65	0.00088	0.01032	0.06362	0.27647	0.96372	2.91919
0.03	-8.6	0.00098	0.01135	0.06874	0.29404	1.01157	3.03371
0.03	-8.55	0.0011	0.01248	0.07422	0.31246	1.06085	3.15029
0.03	-8.5	0.00124	0.01372	0.08008	0.33174	1.11154	3.26885
0.03	-8.45	0.00139	0.01507	0.08634	0.3519	1.16358	3.38929
0.03	-8.4	0.00156	0.01655	0.09302	0.37293	1.21693	3.51151
0.03	-8.35	0.00175	0.01817	0.10014	0.39484	1.27154	3.63541
0.03	-8.3	0.00196	0.01993	0.10771	0.41763	1.32733	3.76089
0.03	-8.25	0.0022	0.02186	0.11575	0.44129	1.38424	3.88787
0.03	-8.2	0.00247	0.02396	0.12429	0.46581	1.4422	4.01626
0.03	-8.15	0.00277	0.02624	0.13333	0.49118	1.50112	4.14599
0.03	-8.1	0.00311	0.02873	0.1429	0.51736	1.56091	4.27699
0.03	-8.05	0.00349	0.03143	0.15299	0.54433	1.62149	4.40921
0.03	-8.	0.00392	0.03436	0.16363	0.57206	1.68275	4.54261
0.03	-7.95	0.00439	0.03754	0.17483	0.6005	1.74461	4.6772
0.03	-7.9	0.00493	0.04099	0.18658	0.6296	1.80696	4.81296
0.03	-7.85	0.00553	0.04472	0.19889	0.65931	1.86971	4.94995
0.03	-7.8	0.00621	0.04875	0.21175	0.68956	1.93276	5.08821
0.03	-7.75	0.00696	0.05309	0.22516	0.72029	1.99603	5.22784
0.03	-7.7	0.00781	0.05777	0.2391	0.75142	2.05943	5.36897
0.03	-7.65	0.00877	0.0628	0.25356	0.78287	2.12289	5.51175
0.03	-7.6	0.00984	0.0682	0.26851	0.81455	2.18635	5.65636
0.03	-7.55	0.01104	0.07398	0.28392	0.84638	2.24976	5.80306
0.03	-7.5	0.01238	0.08015	0.29974	0.87827	2.31308	5.9521
0.03	-7.45	0.01389	0.08674	0.31594	0.91012	2.37631	6.10379
0.03	-7.4	0.01559	0.09373	0.33245	0.94184	2.43945	6.25848
0.03	-7.35	0.01749	0.10114	0.34922	0.97336	2.50252	6.41656
0.03	-7.3	0.01963	0.10896	0.36617	1.00458	2.56559	6.57845
0.03	-7.25	0.02202	0.11719	0.38322	1.03544	2.62872	6.74461
0.03	-7.2	0.02471	0.1258	0.4003	1.06588	2.69203	6.91553
0.03	-7.15	0.02772	0.13476	0.4173	1.09585	2.75564	7.09174
0.03	-7.1	0.0311	0.14404	0.43415	1.12531	2.81971	7.27378
0.03	-7.05	0.03489	0.15359	0.45074	1.15426	2.88443	7.46225
0.03	-7.	0.03913	0.16331	0.46699	1.1827	2.94999	7.65775
0.03	-6.95	0.04388	0.17313	0.48283	1.21067	3.01662	7.86089
0.03	-6.9	0.04916	0.18293	0.49819	1.23822	3.08457	8.07233
0.03	-6.85	0.05499	0.19256	0.51303	1.26541	3.15408	8.29273
0.03	-6.8	0.06124	0.20189	0.52735	1.29234	3.22543	8.52277
0.03	-6.75	0.06753	0.21081	0.54117	1.31909	3.2989	8.76314
0.03	-6.7	0.07344	0.21931	0.55453	1.34576	3.37477	9.01456
0.03	-6.65	0.07895	0.22744	0.56748	1.37245	3.45336	9.27774
0.03	-6.6	0.08412	0.23525	0.58005	1.39927	3.53498	9.55342
0.03	-6.55	0.08904	0.24277	0.59226	1.4263	3.61995	9.84235
0.03	-6.5	0.09376	0.25003	0.60416	1.45368	3.70862	10.1453
0.03	-6.45	0.09831	0.25703	0.61574	1.48151	3.80134	10.463
0.03	-6.4	0.10275	0.26378	0.62705	1.50992	3.89849	10.79625
0.03	-6.35	0.10707	0.27027	0.63812	1.53905	4.00044	11.14581
0.03	-6.3	0.1113	0.27651	0.64896	1.56904	4.10759	11.51243
0.03	-6.25	0.11539	0.28249	0.65963	1.60006	4.22035	11.8969
0.03	-6.2	0.11933	0.28821	0.67015	1.63225	4.33913	12.29996
0.03	-6.15	0.12316	0.29367	0.68059	1.6658	4.46436	12.72236
0.03	-6.1	0.12687	0.29887	0.69098	1.70089	4.59647	13.16482
0.03	-6.05	0.13043	0.30381	0.7014	1.7377	4.7359	13.62807
0.03	-6.	0.13382	0.3085	0.7119	1.77644	4.88311	14.11279
0.03	-5.95	0.13702	0.31295	0.72256	1.81732	5.03855	14.61964
0.03	-5.9	0.14003	0.31717	0.73346	1.86054	5.20267	15.14925
0.03	-5.85	0.14286	0.3212	0.74467	1.90634	5.37593	15.70223
0.03	-5.8	0.14551	0.32503	0.75627	1.95492	5.55879	16.27912
0.03	-5.75	0.14797	0.32871	0.76837	2.00654	5.75173	16.88044
0.03	-5.7	0.15022	0.33225	0.78106	2.06142	5.95518	17.50665
0.03	-5.65	0.1523	0.3357	0.79444	2.11981	6.16962	18.15815
0.03	-5.6	0.15418	0.33907	0.80862	2.18196	6.39549	18.8353
0.03	-5.55	0.15583	0.34242	0.8237	2.24811	6.63323	19.53835
0.03	-5.5	0.15727	0.34579	0.8398	2.31853	6.88329	20.26751
0.03	-5.45	0.15851	0.34924	0.85703	2.39347	7.1461	21.02289
0.03	-5.4	0.1596	0.35283	0.8755	2.4732	7.42207	21.80453
0.03	-5.35	0.16059	0.3566	0.89532	2.55797	7.7116	22.61235
0.03	-5.3	0.16151	0.3606	0.91661	2.64806	8.01509	23.44617
0.03	-5.25	0.16238	0.36486	0.9395	2.74376	8.33289	24.3057
0.03	-5.2	0.16321	0.36943	0.96409	2.84533	8.66536	25.19053
0.03	-5.15	0.164	0.37436	0.99053	2.95306	9.0128	26.10011
0.03	-5.1	0.16478	0.37971	1.01893	3.06724	9.3755	27.03375
0.03	-5.05	0.16559	0.38551	1.04945	3.18815	9.75371	27.99062
0.03	-5.	0.16646	0.39181	1.08221	3.31608	10.14764	28.96972
0.03	-4.95	0.16739	0.39866	1.11736	3.45133	10.55745	29.96988
0.03	-4.9	0.16839	0.40611	1.15506	3.59419	10.98326	30.98978
0.03	-4.85	0.1695	0.41422	1.19545	3.74493	11.4251	32.02786
0.03	-4.8	0.17074	0.42303	1.23872	3.90384	11.88299	33.08244
0.03	-4.75	0.17212	0.43259	1.28501	4.0712	12.35683	34.15157
0.03	-4.7	0.1736	0.44297	1.33453	4.24728	12.84648	35.23315
0.03	-4.65	0.17518	0.45424	1.38744	4.43232	13.35169	36.32483
0.03	-4.6	0.17695	0.46649	1.44394	4.62657	13.87214	37.42405
0.03	-4.55	0.17895	0.47976	1.50421	4.83025	14.4074	38.52805
0.03	-4.5	0.18117	0.49414	1.56847	5.04357	14.95694	39.63383
0.03	-4.45	0.1836	0.50971	1.6369	5.26669	15.52012	40.73815
0.03	-4.4	0.18622	0.52656	1.70974	5.49977	16.09618	41.8376
0.03	-4.35	0.18909	0.5448	1.78717	5.74292	16.68423	42.92848
0.03	-4.3	0.19228	0.56453	1.86942	5.99621	17.28327	44.00693
0.03	-4.25	0.19577	0.58585	1.95669	6.25969	17.89212	45.06885
0.03	-4.2	0.19962	0.60887	2.04919	6.53333	18.5095	46.10996
0.03	-4.15	0.20386	0.63372	2.14714	6.81708	19.13395	47.12577
0.03	-4.1	0.20855	0.66051	2.25073	7.1108	19.76387	48.11164
0.03	-4.05	0.21364	0.68937	2.36016	7.41431	20.3975	49.06275
0.03	-4.	0.21919	0.72046	2.47563	7.72734	21.03291	49.97416
0.03	-3.95	0.2253	0.75392	2.5973	8.04956	21.66802	50.84081
0.03	-3.9	0.23201	0.7899	2.72533	8.38055	22.30058	51.65756
0.03	-3.85	0.23936	0.82856	2.85987	8.71979	22.92818	52.41918
0.03	-3.8	0.24742	0.87005	3.00103	9.0667	23.54826	53.12046
0.03	-3.75	0.25628	0.91455	3.14892	9.42057	24.15807	53.75616
0.03	-3.7	0.26598	0.96221	3.30358	9.78058	24.75476	54.32112
0.03	-3.65	0.27656	1.0132	3.46507	10.14582	25.33531	54.81023
0.03	-3.6	0.28812	1.06772	3.63336	10.51525	25.89658	55.21856
0.03	-3.55	0.30078	1.12594	3.80841	10.88773	26.4353	55.54132
0.03	-3.5	0.31466	1.18803	3.99012	11.26196	26.94812	55.77397
0.03	-3.45	0.32986	1.25414	4.17833	11.63656	27.43159	55.91224
0.03	-3.4	0.34646	1.32444	4.37282	12.00998	27.8822	55.95219
0.03	-3.35	0.36456	1.39908	4.57333	12.38057	28.29641	55.89029
0.03	-3.3	0.38427	1.47822	4.7795	12.74655	28.67066	55.7234
0.03	-3.25	0.40575	1.56199	4.9909	13.106	29.00142	55.44894
0.03	-3.2	0.42914	1.6505	5.20702	13.45691	29.28519	55.0648
0.03	-3.15	0.4546	1.74386	5.42727	13.79713	29.51857	54.56953
0.03	-3.1	0.48227	1.84211	5.65096	14.12441	29.69827	53.96228
0.03	-3.05	0.51227	1.94532	5.87728	14.43643	29.82118	53.24292
0.03	-3.	0.54479	2.05349	6.10536	14.73075	29.88436	52.412
0.03	-2.95	0.58005	2.16658	6.33418	15.00491	29.88513	51.47087
0.03	-2.9	0.6182	2.2845	6.56263	15.25638	29.82112	50.4217
0.03	-2.85	0.6594	2.40713	6.78951	15.4826	29.69025	49.26739
0.03	-2.8	0.70381	2.53426	7.01348	15.68102	29.49084	48.01175
0.03	-2.75	0.75154	2.66565	7.23311	15.84912	29.22162	46.65935
0.03	-2.7	0.80277	2.80098	7.44686	15.98443	28.8818	45.21566
0.03	-2.65	0.8577	2.93985	7.65308	16.08456	28.47104	43.68686
0.03	-2.6	0.9165	3.08178	7.85004	16.14727	27.9896	42.08001
0.03	-2.55	0.97931	3.22615	8.03592	16.17044	27.43826	40.40283
0.03	-2.5	1.04619	3.37228	8.20883	16.15218	26.81839	38.66375
0.03	-2.45	1.11716	3.51939	8.36686	16.09082	26.132	36.87188
0.03	-2.4	1.19227	3.66659	8.50803	15.98497	25.3817	35.03679
0.03	-2.35	1.27153	3.81285	8.63038	15.83355	24.57074	33.16859
0.03	-2.3	1.35483	3.95707	8.73195	15.63583	23.70298	31.27768
0.03	-2.25	1.442	4.09803	8.81085	15.39147	22.78291	29.37479
0.03	-2.2	1.53273	4.23439	8.86525	15.10054	21.8156	27.47076
0.03	-2.15	1.62661	4.36477	8.89343	14.76356	20.80666	25.57646
0.03	-2.1	1.72331	4.48771	8.89383	14.38152	19.76221	23.70261
0.03	-2.05	1.82227	4.60165	8.86504	13.95589	18.68883	21.85971
0.03	-2.	1.92288	4.70502	8.80588	13.48866	17.5935	20.05795
0.03	-1.95	2.02444	4.79619	8.71541	12.9823	16.48347	18.3069
0.03	-1.9	2.12607	4.87353	8.593	12.43981	15.36627	16.61559
0.03	-1.85	2.22681	4.93544	8.43829	11.86465	14.24949	14.99221
0.03	-1.8	2.3257	4.98036	8.25133	11.26079	13.14081	13.44415
0.03	-1.75	2.4216	5.00678	8.03249	10.63258	12.04778	11.97776
0.03	-1.7	2.51324	5.01333	7.78259	9.98481	10.97779	10.5984
0.03	-1.65	2.59933	4.99875	7.50285	9.32259	9.9379	9.31021
0.03	-1.6	2.67858	4.96198	7.19494	8.65132	8.93476	8.11626
0.03	-1.55	2.74963	4.90213	6.86096	7.97658	7.97446	7.01832
0.03	-1.5	2.81098	4.81856	6.50346	7.30407	7.06246	6.01697
0.03	-1.45	2.86112	4.71091	6.12547	6.63954	6.20351	5.11167
0.03	-1.4	2.89842	4.57917	5.73037	5.98862	5.40149	4.30062
0.03	-1.35	2.92125	4.42373	5.32198	5.35677	4.65944	3.58105
0.03	-1.3	2.92828	4.24542	4.9044	4.74913	3.97939	2.94912
0.03	-1.25	2.91833	4.04542	4.48201	4.17046	3.36248	2.4002
0.03	-1.2	2.89016	3.82542	4.05937	3.62496	2.8088	1.92887
0.03	-1.15	2.8429	3.58753	3.64113	3.11627	2.31756	1.52917
0.03	-1.1	2.77589	3.33434	3.23197	2.64726	1.88699	1.19465
0.03	-1.05	2.68849	3.06889	2.83641	2.22008	1.5145	0.91866
0.03	-1.	2.58072	2.79473	2.45875	1.83601	1.19678	0.69443
0.03	-0.95	2.45362	2.51567	2.10292	1.49548	0.92984	0.51525
0.03	-0.9	2.30819	2.23577	1.77233	1.19808	0.70925	0.37462
0.03	-0.85	2.14577	1.95927	1.46983	0.94254	0.53017	0.26639
0.03	-0.8	1.96849	1.69056	1.19753	0.72684	0.3876	0.18485
0.03	-0.75	1.77925	1.43393	0.95673	0.54827	0.27652	0.12486
0.03	-0.7	1.58214	1.19339	0.74788	0.40356	0.19197	0.08185
0.03	-0.65	1.38192	0.9723	0.57054	0.28903	0.12929	0.05189
0.03	-0.6	1.18276	0.77335	0.42348	0.20074	0.08416	0.03168
0.03	-0.55	0.98901	0.5985	0.30474	0.13467	0.0527	0.01852
0.03	-0.5	0.80494	0.44891	0.2117	0.08685	0.03157	0.01031
0.03	-0.45	0.63451	0.32485	0.14127	0.05352	0.01797	0.00541
0.03	-0.4	0.48199	0.22565	0.08998	0.03127	0.00962	0.00265
0.03	-0.35	0.35129	0.14946	0.05424	0.01714	0.00478	0.00119
0.03	-0.3	0.24393	0.09356	0.03059	0.00868	0.00217	0.00048
0.03	-0.25	0.15975	0.05465	0.01588	0.00397	0.00087	0.00017
0.03	-0.2	0.09727	0.02929	0.00738	0.00158	0.00029	0.00005
0.03	-0.15	0.05446	0.01397	0.00291	0.00051	0.00008	0.00000
0.03	-0.1	0.02737	0.00551	0.00086	0.00011	0.00001	0.00000
0.03	-0.05	0.01121	0.00138	0.00013	0.00000	0.00000	0.00000
0.03	0.00	0.00048	0.00000	0.00000	0.00000	0.00000	0.00000
0.01	-8.9	0.00089	0.01059	0.06626	0.29274	1.03715	3.1804
0.01	-8.85	0.001	0.01165	0.07163	0.31162	1.08983	3.30824
0.01	-8.8	0.00112	0.01281	0.07739	0.33145	1.1442	3.43856
0.01	-8.75	0.00125	0.01409	0.08355	0.35224	1.20024	3.57127
0.01	-8.7	0.00141	0.01548	0.09014	0.37401	1.2579	3.70624
0.01	-8.65	0.00158	0.01701	0.09718	0.39677	1.31714	3.84335
0.01	-8.6	0.00177	0.01867	0.10468	0.42053	1.37793	3.98248
0.01	-8.55	0.00199	0.02049	0.11268	0.4453	1.44018	4.12351
0.01	-8.5	0.00223	0.02248	0.12118	0.47106	1.50385	4.26631
0.01	-8.45	0.0025	0.02465	0.13022	0.49783	1.56886	4.41076
0.01	-8.4	0.00281	0.02701	0.13981	0.52559	1.63511	4.55675
0.01	-8.35	0.00315	0.02958	0.14997	0.55432	1.70254	4.70416
0.01	-8.3	0.00354	0.03237	0.16071	0.584	1.77103	4.85289
0.01	-8.25	0.00397	0.03541	0.17205	0.6146	1.8405	5.00285
0.01	-8.2	0.00445	0.0387	0.184	0.64608	1.91084	5.15396
0.01	-8.15	0.005	0.04227	0.19658	0.6784	1.98195	5.30616
0.01	-8.1	0.00561	0.04614	0.20977	0.71152	2.0537	5.4594
0.01	-8.05	0.00629	0.05032	0.2236	0.74536	2.12601	5.61367
0.01	-8.	0.00706	0.05484	0.23805	0.77988	2.19876	5.76897
0.01	-7.95	0.00792	0.05971	0.25312	0.815	2.27184	5.92532
0.01	-7.9	0.00888	0.06495	0.26879	0.85063	2.34517	6.08278
0.01	-7.85	0.00997	0.07058	0.28504	0.88671	2.41865	6.24144
0.01	-7.8	0.01118	0.07661	0.30186	0.92313	2.4922	6.40141
0.01	-7.75	0.01255	0.08307	0.3192	0.95982	2.56575	6.56285
0.01	-7.7	0.01408	0.08997	0.33702	0.99667	2.63926	6.72594
0.01	-7.65	0.01579	0.09731	0.35527	1.0336	2.71268	6.89089
0.01	-7.6	0.01772	0.1051	0.37391	1.07051	2.78599	7.05797
0.01	-7.55	0.01988	0.11335	0.39285	1.10731	2.8592	7.22744
0.01	-7.5	0.0223	0.12204	0.41204	1.14393	2.93233	7.39964
0.01	-7.45	0.02502	0.13117	0.43138	1.18029	3.00542	7.57491
0.01	-7.4	0.02807	0.14071	0.4508	1.21633	3.07853	7.75362
0.01	-7.35	0.03149	0.15063	0.4702	1.252	3.15176	7.93617
0.01	-7.3	0.03532	0.16087	0.4895	1.28726	3.22522	8.12301
0.01	-7.25	0.03962	0.17138	0.50862	1.32212	3.29903	8.31458
0.01	-7.2	0.04442	0.18206	0.52746	1.35656	3.37333	8.51136
0.01	-7.15	0.04977	0.1928	0.54598	1.39061	3.44829	8.71385
0.01	-7.1	0.05567	0.20348	0.56412	1.42432	3.52407	8.92256
0.01	-7.05	0.06205	0.21396	0.58187	1.45772	3.60087	9.13803
0.01	-7.	0.06858	0.22413	0.59924	1.49089	3.67886	9.36081
0.01	-6.95	0.07482	0.23397	0.61628	1.52388	3.75825	9.59149
0.01	-6.9	0.08066	0.24351	0.63301	1.55674	3.83924	9.83066
0.01	-6.85	0.08617	0.25283	0.64947	1.58954	3.92205	10.07895
0.01	-6.8	0.09146	0.26195	0.66567	1.62232	4.00693	10.33698
0.01	-6.75	0.09658	0.27091	0.68163	1.65516	4.09411	10.60543
0.01	-6.7	0.10158	0.27972	0.69736	1.68811	4.18385	10.88496
0.01	-6.65	0.10648	0.28838	0.71285	1.72125	4.27644	11.17627
0.01	-6.6	0.11133	0.29691	0.72813	1.75465	4.37217	11.48006
0.01	-6.55	0.11613	0.30529	0.74319	1.7884	4.47135	11.79706
0.01	-6.5	0.12084	0.31353	0.75804	1.8226	4.57429	12.128
0.01	-6.45	0.12551	0.32162	0.77271	1.85734	4.68135	12.47361
0.01	-6.4	0.13017	0.32956	0.78719	1.89274	4.79287	12.83464
0.01	-6.35	0.13479	0.33732	0.80151	1.92893	4.90923	13.21184
0.01	-6.3	0.13934	0.3449	0.81569	1.96603	5.0308	13.60594
0.01	-6.25	0.14383	0.35229	0.82976	2.0042	5.158	14.0177
0.01	-6.2	0.14823	0.3595	0.84376	2.04357	5.29122	14.44783
0.01	-6.15	0.15253	0.36652	0.85771	2.08432	5.43088	14.89706
0.01	-6.1	0.15675	0.37334	0.87167	2.12661	5.57742	15.36609
0.01	-6.05	0.16088	0.37998	0.88567	2.17064	5.73128	15.85561
0.01	-6.	0.1649	0.38642	0.89978	2.21659	5.8929	16.36625
0.01	-5.95	0.16881	0.39267	0.91404	2.26467	6.06274	16.89866
0.01	-5.9	0.17262	0.39873	0.92853	2.31509	6.24126	17.45342
0.01	-5.85	0.17629	0.40462	0.94332	2.36808	6.4289	18.03107
0.01	-5.8	0.17982	0.41034	0.95849	2.42386	6.62614	18.63212
0.01	-5.75	0.18322	0.4159	0.97413	2.48268	6.83343	19.25702
0.01	-5.7	0.18646	0.42132	0.99032	2.54478	7.05122	19.90617
0.01	-5.65	0.18953	0.42663	1.00717	2.61041	7.27998	20.5799
0.01	-5.6	0.19245	0.43185	1.02478	2.67984	7.52013	21.27846
0.01	-5.55	0.19518	0.43701	1.04327	2.75332	7.77211	22.00204
0.01	-5.5	0.19771	0.44214	1.06275	2.83112	8.03634	22.75075
0.01	-5.45	0.2001	0.4473	1.08335	2.91352	8.31322	23.52461
0.01	-5.4	0.20231	0.45253	1.10519	3.00079	8.60314	24.32352
0.01	-5.35	0.20433	0.45787	1.12839	3.09319	8.90647	25.14732
0.01	-5.3	0.20619	0.46338	1.1531	3.19102	9.22355	25.9957
0.01	-5.25	0.20795	0.46912	1.17945	3.29455	9.5547	26.86827
0.01	-5.2	0.20965	0.47514	1.20758	3.40405	9.9002	27.76447
0.01	-5.15	0.21126	0.48148	1.23763	3.5198	10.26031	28.68366
0.01	-5.1	0.21281	0.48821	1.26975	3.64208	10.63526	29.62501
0.01	-5.05	0.21429	0.49538	1.30408	3.77116	11.02521	30.58758
0.01	-5.	0.21572	0.50308	1.34079	3.90731	11.4303	31.57026
0.01	-4.95	0.21713	0.51136	1.38003	4.0508	11.85061	32.57176
0.01	-4.9	0.21857	0.52031	1.42196	4.20187	12.28618	33.59066
0.01	-4.85	0.2201	0.52999	1.46672	4.36078	12.73697	34.62532
0.01	-4.8	0.22175	0.54046	1.51449	4.52777	13.20289	35.67396
0.01	-4.75	0.22353	0.55179	1.56543	4.70308	13.68379	36.73456
0.01	-4.7	0.22547	0.56405	1.6197	4.88691	14.17941	37.80494
0.01	-4.65	0.22755	0.57731	1.67747	5.07949	14.68945	38.88272
0.01	-4.6	0.22983	0.59166	1.73893	5.28098	15.21349	39.96529
0.01	-4.55	0.23235	0.60718	1.80424	5.49156	15.75105	41.04987
0.01	-4.5	0.23513	0.62394	1.87357	5.71138	16.30151	42.13343
0.01	-4.45	0.23822	0.64203	1.94711	5.94055	16.86418	43.21276
0.01	-4.4	0.24165	0.66154	2.02503	6.17916	17.43823	44.28444
0.01	-4.35	0.24542	0.68255	2.10751	6.42727	18.02274	45.34484
0.01	-4.3	0.24959	0.70515	2.19473	6.68491	18.61664	46.39011
0.01	-4.25	0.25421	0.72944	2.28686	6.95205	19.21875	47.41626
0.01	-4.2	0.25928	0.75551	2.38408	7.22862	19.82773	48.41905
0.01	-4.15	0.26481	0.78347	2.48656	7.51451	20.44213	49.39412
0.01	-4.1	0.27082	0.81343	2.59447	7.80955	21.06033	50.33691
0.01	-4.05	0.27736	0.84552	2.70797	8.1135	21.68057	51.24275
0.01	-4.	0.28448	0.87985	2.8272	8.42607	22.30096	52.10683
0.01	-3.95	0.29225	0.91656	2.95229	8.74687	22.91943	52.92423
0.01	-3.9	0.30068	0.95576	3.08337	9.07548	23.53377	53.68997
0.01	-3.85	0.30981	0.99761	3.22055	9.41135	24.14162	54.39901
0.01	-3.8	0.31976	1.04224	3.36388	9.75387	24.74047	55.0463
0.01	-3.75	0.3306	1.08978	3.51345	10.10232	25.32767	55.62678
0.01	-3.7	0.34236	1.14035	3.66927	10.45592	25.90041	56.13548
0.01	-3.65	0.35509	1.19411	3.83135	10.81373	26.45577	56.56748
0.01	-3.6	0.36887	1.25119	3.99965	11.17475	26.99071	56.91804
0.01	-3.55	0.38376	1.31173	4.17411	11.53784	27.50206	57.18255
0.01	-3.5	0.39983	1.37588	4.3546	11.90176	27.98657	57.35668
0.01	-3.45	0.41716	1.44378	4.54098	12.26515	28.44091	57.43632
0.01	-3.4	0.43582	1.51557	4.73301	12.62651	28.86168	57.41771
0.01	-3.35	0.45593	1.59139	4.93042	12.98425	29.24545	57.2975
0.01	-3.3	0.47763	1.67135	5.13286	13.33663	29.58879	57.07272
0.01	-3.25	0.50102	1.75556	5.33993	13.68181	29.88828	56.74092
0.01	-3.2	0.52614	1.84411	5.55112	14.01783	30.14053	56.30016
0.01	-3.15	0.55306	1.93712	5.76586	14.34261	30.34226	55.7491
0.01	-3.1	0.58201	2.03465	5.9835	14.65399	30.49029	55.08703
0.01	-3.05	0.61322	2.13673	6.20325	14.94971	30.58161	54.31393
0.01	-3.	0.64677	2.24336	6.42428	15.22741	30.61339	53.43045
0.01	-2.95	0.68279	2.3545	6.64561	15.4847	30.58303	52.43803
0.01	-2.9	0.72141	2.47009	6.86619	15.71911	30.48826	51.3389
0.01	-2.85	0.76279	2.59	7.08484	15.92817	30.32706	50.13605
0.01	-2.8	0.80709	2.71408	7.30028	16.10939	30.09786	48.83333
0.01	-2.75	0.85449	2.84209	7.51113	16.26031	29.79942	47.43536
0.01	-2.7	0.90514	2.97374	7.71589	16.37852	29.43102	45.94764
0.01	-2.65	0.9592	3.10865	7.91296	16.4617	28.99239	44.37638
0.01	-2.6	1.01686	3.24637	8.10064	16.50763	28.48382	42.72865
0.01	-2.55	1.07832	3.38634	8.27717	16.51428	27.90612	41.01218
0.01	-2.5	1.14367	3.52788	8.4407	16.47977	27.2607	39.2354
0.01	-2.45	1.21291	3.67023	8.58934	16.40249	26.54961	37.4074
0.01	-2.4	1.28609	3.81254	8.72116	16.28107	25.77546	35.53774
0.01	-2.35	1.36323	3.95381	8.83423	16.11448	24.94152	33.63653
0.01	-2.3	1.44429	4.09297	8.92662	15.90199	24.05166	31.71411
0.01	-2.25	1.52909	4.2288	8.99647	15.64331	23.11036	29.78121
0.01	-2.2	1.61735	4.36	9.04198	15.33851	22.1227	27.84862
0.01	-2.15	1.70869	4.48522	9.06145	14.98814	21.09428	25.92717
0.01	-2.1	1.80268	4.60299	9.05335	14.59318	20.03121	24.02754
0.01	-2.05	1.89885	4.71183	9.01628	14.15512	18.94005	22.16021
0.01	-2.	1.99665	4.81015	8.94908	13.67596	17.82778	20.33531
0.01	-1.95	2.09536	4.89634	8.85082	13.15815	16.70161	18.56235
0.01	-1.9	2.19412	4.96881	8.72088	12.6047	15.56905	16.85035
0.01	-1.85	2.29202	5.02595	8.55891	12.01907	14.43768	15.20743
0.01	-1.8	2.38802	5.06621	8.36495	11.4052	13.31516	13.64096
0.01	-1.75	2.48105	5.08813	8.1394	10.76745	12.20899	12.15722
0.01	-1.7	2.56993	5.09031	7.88305	10.11061	11.12657	10.76154
0.01	-1.65	2.65335	5.0715	7.59714	9.43975	10.07489	9.45803
0.01	-1.6	2.72994	5.03063	7.28332	8.76028	9.06061	8.24971
0.01	-1.55	2.79844	4.96683	6.9437	8.07775	8.08977	7.13831
0.01	-1.5	2.85732	4.87944	6.58084	7.39787	7.16781	6.1244
0.01	-1.45	2.90502	4.76811	6.19774	6.72635	6.29946	5.20737
0.01	-1.4	2.93996	4.63283	5.79782	6.06881	5.48856	4.38541
0.01	-1.35	2.9605	4.474	5.38485	5.43069	4.73813	3.65573
0.01	-1.3	2.96518	4.29243	4.96296	4.8171	4.05019	3.01447
0.01	-1.25	2.95291	4.08937	4.53651	4.2328	3.42585	2.45696
0.01	-1.2	2.9226	3.86647	4.11005	3.68195	2.8652	1.97776
0.01	-1.15	2.8732	3.62586	3.68822	3.16816	2.3674	1.57089
0.01	-1.1	2.804	3.37015	3.27567	2.69431	1.9307	1.22991
0.01	-1.05	2.71444	3.1024	2.87691	2.26248	1.55251	0.94811
0.01	-1.	2.6047	2.82618	2.4962	1.87398	1.2295	0.71873
0.01	-0.95	2.4759	2.54526	2.13742	1.52921	0.9577	0.53501
0.01	-0.9	2.32898	2.26366	1.80397	1.22777	0.73267	0.39045
0.01	-0.85	2.16543	1.9856	1.49865	0.9684	0.54957	0.27884
0.01	-0.8	1.98748	1.71536	1.22356	0.74908	0.40343	0.19446
0.01	-0.75	1.79774	1.45715	0.98003	0.56712	0.28918	0.13211
0.01	-0.7	1.59991	1.21497	0.7685	0.41929	0.2019	0.08718
0.01	-0.65	1.39884	0.99224	0.58855	0.3019	0.13688	0.05569
0.01	-0.6	1.19888	0.79166	0.43897	0.21104	0.08979	0.0343
0.01	-0.55	1.00444	0.61517	0.3178	0.14269	0.05675	0.02026
0.01	-0.5	0.81986	0.46388	0.22245	0.09289	0.03437	0.01141
0.01	-0.45	0.64902	0.33803	0.14985	0.0579	0.01981	0.00607
0.01	-0.4	0.49593	0.23693	0.09658	0.03429	0.01076	0.00302
0.01	-0.35	0.3643	0.15879	0.05909	0.01911	0.00544	0.00138
0.01	-0.3	0.25569	0.10096	0.03395	0.00987	0.00251	0.00057
0.01	-0.25	0.17003	0.06023	0.01802	0.00461	0.00103	0.0002
0.01	-0.2	0.10601	0.03319	0.0086	0.00188	0.00035	0.00006
0.01	-0.15	0.0615	0.01638	0.0035	0.00062	0.00009	0.00001
0.01	-0.1	0.03237	0.0067	0.00106	0.00014	0.00002	0.00000
0.01	-0.05	0.01391	0.00173	0.00016	0.00001	0.00000	0.00000
0.01	0.00	0.00062	0.00001	0.00000	0.00000	0.00000	0.00000
